Var1 Var2 Var3 Var4 Var5
3 0 0.0626748 0.145576 0.327770652200958
3.25 0 0.0975552 0.225854 0.513042
3.5 0 0.140607 0.336611025699289 0.762778
3.75 0 0.19975 0.496253 1.10334
4 0 0.280242 0.71093 1.56428
4.25 0 0.389201 1.00383 2.18768
4.5 0 0.533718 1.39711 3.01818
4.75 0 0.7219 1.91653 4.10976
5 0 0.953849 2.56828 5.46976
5.25 0 1.318 3.59944 7.58679
5.5 0 1.59606 4.42673 9.26337
5.75 0 1.71821 4.84125 10.0937
6 0 1.67009 4.78087 9.96286
6.25 0 1.57663 4.58343 9.57364
6.5 0 1.54575 4.52336817454443 9.57363
6.75 0 1.61158 4.78115039394097 10.1971
7 0 1.7265 5.19222749673027 10.8252591412141
7.25 0 1.81958 5.61903 12.0368
7.5 0 1.82667 5.73968 12.4012
7.75 0 1.77519 5.66426 12.3483
3 2 0.0612624 0.142306861194169 0.327084
3.25 2 0.0953732 0.220926 0.502284
3.5 2 0.137505 0.332089 0.746951
3.75 2 0.195397 0.481608112488259 1.08066
4 2 0.274273 0.696066 1.53285
4.25 2 0.381203 0.98362 2.14513
4.5 2 0.52328 1.35912555214976 2.96234
4.75 2 0.708706 1.88196 4.03845
5 2 0.937522 2.52505 5.3809
5.25 2 1.30583 3.56642 7.52368
5.5 2 1.59788 4.43191 9.28251
5.75 2 1.76206 4.96544 10.3606
6 2 1.77894 5.0604250687323 10.6212
6.25 2 1.74631 5.07718 10.612
6.5 2 1.75368 5.17765 10.8686
6.75 2 1.81165 5.43248 11.4696
7 2 1.89192 5.76241 12.251
7.25 2 1.94687 6.01299 12.8845
7.5 2 1.92378 5.94311509833849 13.0658
7.75 2 1.85647 5.92478 12.9194
3 5 0.0546339 0.127343 0.293827
3.25 5 0.085035 0.197489 0.45096
3.5 5 0.12268 0.29701 0.670879
3.75 5 0.174601 0.434985 0.97185
4 5 0.245713 0.619147068321328 1.38137
4.25 5 0.342684 0.877826274541925 1.93918
4.5 5 0.472364 1.23864 2.68775
4.75 5 0.643612 1.71125 3.60710543729546
5 5 0.855897 2.30741 4.93407
5.25 5 1.18677 3.24342 6.74205591647927
5.5 5 1.49326 4.14304 8.71391
5.75 5 1.72338 4.85742 10.1776
6 5 1.84185 5.27444 11.0421
6.25 5 1.88692 5.48871 11.5095
6.5 5 1.9068 5.57983279435013 11.8574
6.75 5 1.94088 5.82423 12.3241
7 5 1.98896 6.06265 12.9131
7.25 5 2.01462 6.22712 13.3639
7.5 5 1.98312 6.23683 13.496
7.75 5 1.91145 6.10401 13.3245
3 10 0.039107 0.0919366 0.214903
3.25 10 0.0608362 0.142445 0.329406
3.5 10 0.0879092 0.214441 0.490411
3.75 10 0.125562 0.314986 0.712267
4 10 0.177654 0.454632 0.989216500389293
4.25 10 0.249506 0.648588 1.43585
4.5 10 0.346936 0.90383943367941 2.00536
4.75 10 0.479383 1.27993 2.78493
5 10 0.644345 1.74331 3.76584
5.25 10 0.869219 2.38197 5.09967
5.5 10 1.08512 3.01665 6.26477086998042
5.75 10 1.28236 3.62016 7.67138
6 10 1.44631 4.14846 8.7772
6.25 10 1.57858 4.60041 9.73922
6.5 10 1.6812 4.97807 10.5648
6.75 10 1.76935 5.32276 11.3429
7 10 1.84465 5.63795 12.0809
7.25 10 1.8999 5.89775 12.19739143253
7.5 10 1.90747 5.92215704195682 13.0705
7.75 10 1.86658 5.97486 13.0917
3 20 0.0186319 0.0448236 0.108522
3.25 20 0.0288274 0.0690464 0.165258
3.5 20 0.0415693 0.103597 0.244988
3.75 20 0.0598367 0.153145 0.357732
4 20 0.0855196 0.222989 0.514636
4.25 20 0.121137 0.320344 0.699525135993611
4.5 20 0.17034 0.456018 1.02979
4.75 20 0.239418 0.648277 1.45086
5 20 0.326525 0.894508 1.98572
5.25 20 0.426465 1.18169 2.60122
5.5 20 0.527633 1.48091 3.23968
5.75 20 0.640725 1.82418 3.97307
6 20 0.762874 2.20516 4.7909
6.25 20 0.889349 2.56828442005266 5.66957
6.5 20 1.01988 3.04415 6.61171
6.75 20 1.15084 3.49137 7.59854
7 20 1.28076 3.94803 8.62148
7.25 20 1.40072 4.38652 9.62185
7.5 20 1.48757 4.73051 10.436
7.75 20 1.53644 4.95912 11.0108
3 30 0.00996586 0.0245882 0.0618985
3.25 30 0.0153556 0.0373436500675997 0.0938263
3.5 30 0.0221135 0.0564695 0.138581
3.75 30 0.0319967 0.083801 0.202899
4 30 0.0460141 0.12262 0.292948
4.25 30 0.0653429 0.176393 0.416084
4.5 30 0.092236 0.251716 0.586868
4.75 30 0.130778 0.360541 0.83194
5 30 0.180162 0.501781 1.14742
5.25 30 0.234617 0.660149 1.49638
5.5 30 0.292559 0.832761 1.87497
5.75 30 0.360311 1.039 2.32785
6 30 0.438889 1.25417256512317 2.86626
6.25 30 0.527552 1.56683 3.49243
6.5 30 0.626874 1.8917 4.21438
6.75 30 0.736686 2.25944 4.72856091891048
7 30 0.855325 2.66609 5.95508
7.25 30 0.977237 3.09477 6.9333
7.5 30 1.08752 3.49754 7.32208912990888
7.75 30 1.17716 3.84215 8.6829
3 40 0.00600249 0.015195 0.0376682
3.25 40 0.00923805 0.0233077 0.059224
3.5 40 0.0133202 0.0348785 0.0889101999999999
3.75 40 0.01926 0.0516566 0.129741
4 40 0.0276837 0.0754519 0.186714
4.25 40 0.0393404 0.108476 0.24398734701988
4.5 40 0.0556164 0.154865 0.372872
4.75 40 0.0792058 0.222547 0.529578
5 40 0.109837 0.311427 0.733499
5.25 40 0.143245 0.409908 0.956278
5.5 40 0.179838 0.520054 1.20427
5.75 40 0.223914 0.645145903780407 1.39551772305081
6 40 0.276725 0.820569 1.88189
6.25 40 0.339077 1.02012 2.33348
6.5 40 0.411918 1.25846 2.87482
6.75 40 0.494694 1.53568 3.50743
7 40 0.586773 1.85117 4.23158
7.25 40 0.687179 2.20279 5.04455
7.5 40 0.788966 2.52524835876453 5.90217
7.75 40 0.88456 2.92675 6.74389
3 50 0.00396122233320745 0.0102058 0.0247450502961233
3.25 50 0.00608369703348488 0.0156392 0.0388531899615349
3.5 50 0.00877741025047707 0.0233869 0.0588666048510407
3.75 50 0.012663085617921 0.034512 0.0872268747436239
4 50 0.0181608189452122 0.050236 0.12673559515546
4.25 50 0.0257749543080603 0.0720612 0.180875241614925
4.5 50 0.036404344797793 0.10267 0.253758073803636
4.75 50 0.0519323545377283 0.147652 0.36137961136198
5 50 0.0722794442169069 0.207266 0.502502
5.25 50 0.0941636881349833 0.272981 0.654919
5.5 50 0.118649850182165 0.347806 0.827451
5.75 50 0.148749401388989 0.44104 1.0425
6 50 0.185746253423646 0.55725 1.3109
6.25 50 0.230980549844499 0.701222 1.64415
6.5 50 0.285567083095237 0.877116 2.05234
6.75 50 0.350907047934835 1.08956 2.54708
7 50 0.428126022895977 1.34193 3.13728
7.25 50 0.516995185391381 1.63272 3.82707
7.5 50 0.613514144963414 1.94719 4.56443
7.75 50 0.713706114334495 2.27044 5.33515
3 70 0.00203562 0.00584247926997144 0.0158566737580501
3.25 70 0.0030638 0.00874733981079491 0.0238958844216288
3.5 70 0.00476794 0.0133379114607487 0.0354170570700838
3.75 70 0.00730452286127868 0.0198793015695215 0.0515115924580077
4 70 0.010484032896386 0.0291076398650672 0.0725864228670107
4.25 70 0.0149481678120319 0.0415958208620161 0.101751491818999
4.5 70 0.019001010254936 0.0579353563800491 0.141983814327169
4.75 70 0.0272109761703672 0.0851330207256365 0.202282579175248
5 70 0.0384169653329249 0.123411122953892 0.283129589174728
5.25 70 0.050650320579128 0.155050651457512 0.371215775904398
5.5 70 0.0647972968033725 0.202564113045664 0.47426744932523
5.75 70 0.0828646041412103 0.264568609954017 0.608192632064017
6 70 0.105742114670096 0.344904269516401 0.781244578891142
6.25 70 0.134386554388445 0.448007762402371 1.00282199606426
6.5 70 0.169902100774275 0.579167494474008 1.28406284881757
6.75 70 0.213282203825079 0.743661759572649 1.63588265962638
7 70 0.266052395480505 0.924800176865089 2.07429235248979
7.25 70 0.328664708946767 1.16243113303636 2.62477242320386
7.5 70 0.400547581938757 1.44013648101037 3.2348438524195
7.75 70 0.481129132098414 1.79262239656694 3.92213390900416
3 100 0.0010581771357108 0.00335853774911473 0.00982326555939474
3.25 100 0.00157647975633827 0.00507342080723196 0.0150273289834277
3.5 100 0.00236381149547796 0.0074445945368395 0.0222045632808623
3.75 100 0.00331495270894167 0.0112055486884857 0.030824753870559
4 100 0.00475988642748543 0.0163610676811138 0.0431648391111393
4.25 100 0.00668586890690434 0.0227288161298107 0.0596674923944319
4.5 100 0.00947154012754323 0.0318123819084535 0.0822044502778553
4.75 100 0.0138335538766088 0.0459109820860211 0.116355645937685
5 100 0.0200496920822656 0.0654738696634651 0.163314304840703
5.25 100 0.02711987533862 0.0872425905166236 0.215707691761465
5.5 100 0.035635285766621 0.112267346934865 0.27880800640749
5.75 100 0.0469914670202414 0.147532493466316 0.364020190765342
6 100 0.0617683931085838 0.195001750051329 0.476396141322801
6.25 100 0.0713586885249451 0.256191081104816 0.620578601855286
6.5 100 0.0916390543040017 0.336493321483187 0.806535420928584
6.75 100 0.117008030734213 0.440472645108559 1.04317509398094
7 100 0.148373240815382 0.572461451998555 1.3417568596763
7.25 100 0.186613664430653 0.736076743512513 1.70913681499114
7.5 100 0.231158814713741 0.934070808230745 2.14957752745645
7.75 100 0.283840077326025 1.15221293265906 2.67173207356657
3 130 0.000643747001373933 0.00179791647962301 0.0057412320269714
3.25 130 0.000943422156049155 0.002755670833237 0.00843530086502065
3.5 130 0.00135238005845785 0.00410963745535598 0.0121116980426951
3.75 130 0.00192432422048004 0.0060221046008819 0.0170802669019672
4 130 0.0026770935734562 0.00865210229005804 0.0238707532663335
4.25 130 0.00384402120798948 0.0122677967264327 0.0325339950877381
4.5 130 0.00540926878144815 0.0176621741458663 0.044294487743522
4.75 130 0.00794623045510017 0.0252999250122864 0.0630207787108195
5 130 0.0116909056281662 0.0364025052320802 0.0888043605079818
5.25 130 0.0160921098482322 0.0496699030564759 0.118671315599956
5.5 130 0.0201273432980743 0.0663795471828112 0.155723967250739
5.75 130 0.0268069965300424 0.0899484465399576 0.207221994105827
6 130 0.0356909656774749 0.122273186099415 0.276629122391134
6.25 130 0.0470146867298969 0.164160403052258 0.366467677376325
6.5 130 0.0615483700279021 0.217818521167388 0.483625596904653
6.75 130 0.0800596847600194 0.28739289005224 0.635209966592679
7 130 0.103325022161736 0.376387191683655 0.828542899485758
7.25 130 0.13186176786641 0.488075444232229 1.06879985248204
7.5 130 0.166266411688295 0.625688006272188 1.36399632024906
7.75 130 0.207594324927632 0.792979773801762 1.72157540448887
3 200 0.000182246485690839 0.000504696 0.00189399859145601
3.25 200 0.000282338895352395 0.000747982000000001 0.00267112235969998
3.5 200 0.000396543519818354 0.00108481 0.00371239459130929
3.75 200 0.000564131129021776 0.00155211 0.00507485523465413
4 200 0.000785192839899561 0.00219626 0.00684307189335054
4.25 200 0.00112267179371103 0.0031525 0.00912546944222747
4.5 200 0.00166368632733539 0.00459437257841993 0.0122427947242721
4.75 200 0.00244439249567056 0.00693389648737285 0.0175325630071112
5 200 0.00361568156094114 0.010715985137985 0.0256549967285535
5.25 200 0.00506439760186989 0.015481416916851 0.0358942252809235
5.5 200 0.0069683437037406 0.0220350669631525 0.0498020089706382
5.75 200 0.00966210419221484 0.0309222753420572 0.0687745027580006
6 200 0.0133692650392035 0.0435653852070109 0.0955904729173807
6.25 200 0.018387941686807 0.0613405626578489 0.131467640383919
6.5 200 0.0250730255549902 0.0854317099273507 0.180067234182898
6.75 200 0.0335995619190737 0.117192035936655 0.243616993707272
7 200 0.0445683700774261 0.158881821680385 0.326998463802833
7.25 200 0.0582591157096363 0.215692087140014 0.43215312792242
7.5 200 0.0750984407640034 0.282591926595237 0.56598213827051
7.75 200 0.0957046723085546 0.366129688610421 0.733045311881598
3 300 3.31406403595696e-05 8.9389875145216e-05 0.000450895129962946
3.25 300 4.84443133930773e-05 0.000131710495897934 0.000634656360203574
3.5 300 7.7237128631804e-05 0.000194244887774572 0.000853984072832761
3.75 300 0.000109759526259226 0.000293336553826646 0.00110685249206995
4 300 0.000153898549081339 0.000440577582116256 0.00142870198195878
4.25 300 0.000213827277237744 0.000620553405152104 0.00182870981761767
4.5 300 0.000315341549035553 0.000841734641040794 0.00254119443509884
4.75 300 0.000455174618255211 0.0012764 0.00367608615603837
5 300 0.000722033046109806 0.00213676216725804 0.00582253775924233
5.25 300 0.00109652384609115 0.00339882714062451 0.00866029150162564
5.5 300 0.00163690062887334 0.0053157012110555 0.0129418240075324
5.75 300 0.00244048609952519 0.00795237492278004 0.0186224913121053
6 300 0.0036155968540152 0.0119157197030538 0.0273026855391864
6.25 300 0.00524203319298049 0.0176798641713283 0.0395409720569738
6.5 300 0.00746088692398438 0.0258308480769169 0.0565406779880881
6.75 300 0.0105140158734578 0.0372568488807697 0.0802101293326437
7 300 0.0145564769979741 0.0522839299189127 0.1119973874976
7.25 300 0.0196181060897826 0.0719926979552431 0.152491661874219
7.5 300 0.0260036602732647 0.0974837713232857 0.204431525715959
7.75 300 0.034158907906677 0.130956884757578 0.27212705797599
3 500 2.56035298457067e-06 8.31156000000001e-06 5.73963749571951e-05
3.25 500 6.29337735518182e-06 1.7808e-05 0.000106512202081405
3.5 500 1.45967780485066e-05 3.78751379929311e-05 0.00019213768946785
3.75 500 3.03862993776438e-05 7.49156029037311e-05 0.000355916383413396
4 500 6.38042402516532e-05 0.000148323 0.000609703176823663
4.25 500 0.000127388253142868 0.000292886548048899 0.00111990903245578
4.5 500 0.000224330551546211 0.000532875 0.00182205353563297
4.75 500 0.000360773927953296 0.000824764678309969 0.00261148133790476
5 500 0.000500341620078028 0.00121062467582057 0.00348647596345987
5.25 500 0.000695403917774388 0.0017989877568394 0.00473096815555884
5.5 500 0.000949983400149374 0.00263328281088242 0.00635915814016567
5.75 500 0.00126023849888782 0.00363955448438913 0.009045985696889
6 500 0.00164216809964582 0.00499690271569347 0.0117114245904139
6.25 500 0.00213366803187222 0.00671251104545188 0.0151391095375174
6.5 500 0.00275489945799836 0.00884869331216655 0.0195114596288134
6.75 500 0.00351171007196526 0.0118950552660176 0.0248930832092774
7 500 0.00445948914908357 0.0152830944637324 0.0317129029486264
7.25 500 0.00569744388799317 0.0200168225851288 0.0410304397410694
7.5 500 0.00725221145817246 0.025937184773389 0.0524329953369544
7.75 500 0.00911656128419247 0.0333139516588581 0.0665033682594672
3 700 4.24692964140282e-07 1.38626140253845e-06 1.00941458276081e-05
3.25 700 1.09497441532383e-06 3.29721536179139e-06 2.1199891904388e-05
3.5 700 2.74005593242558e-06 7.59344551194801e-06 4.13094051787053e-05
3.75 700 6.50871458953696e-06 1.67685016217777e-05 7.96248437795087e-05
4 700 1.49353671957056e-05 3.56715e-05 0.000158845433145659
4.25 700 3.2158465166962e-05 7.10558225254997e-05 0.00029101643494323
4.5 700 6.29400288683394e-05 0.000137680470013409 0.000508987719954859
4.75 700 0.000104843486745875 0.000228652741008115 0.000778748027612805
5 700 0.000162661799687837 0.00034987357457897 0.00110133306728254
5.25 700 0.000237594258700875 0.000551094811557052 0.0015760036703733
5.5 700 0.000339025049049672 0.000842693854944939 0.00222760513829399
5.75 700 0.000467149022047428 0.00123698453331972 0.00305246188320098
6 700 0.000628903457167786 0.00179127278099739 0.00409608816750259
6.25 700 0.000838854459782536 0.00248486343330576 0.00545962780374172
6.5 700 0.00110870997952052 0.00345227065295786 0.00720806244180523
6.75 700 0.00144357964292085 0.00457230712514822 0.00939241906320919
7 700 0.0018694311015535 0.00611460866905864 0.0123539175028159
7.25 700 0.00243299123134539 0.00819176645355446 0.0163276474924925
7.5 700 0.00315280243199223 0.0107374909665766 0.0214794005122165
7.75 700 0.00403355446832529 0.0137459903453912 0.027514718123447
3 1000 5.79315161271916e-08 1.68680000000001e-07 1.22682329010865e-06
3.25 1000 1.53006474542438e-07 4.41600000000001e-07 2.74162680688552e-06
3.5 1000 3.93898614737049e-07 1.12015e-06 6.23777048366936e-06
3.75 1000 9.91426476960358e-07 2.73227e-06 1.40384283426503e-05
4 1000 2.40727851543628e-06 6.41231000000001e-06 3.0324754789359e-05
4.25 1000 5.67961109935121e-06 1.36549145943869e-05 5.72839821701677e-05
4.5 1000 1.25300686126864e-05 2.85572234791941e-05 0.000110740661997321
4.75 1000 2.38794045029221e-05 5.03776101962195e-05 0.000184763360566208
5 1000 3.84195073050551e-05 7.97190290028566e-05 0.000281640345677916
5.25 1000 6.27753721957268e-05 0.000130336995273205 0.000428854551343564
5.5 1000 9.88987780839535e-05 0.000213122665760283 0.000636957130811147
5.75 1000 0.000142953340626386 0.000333314153957695 0.000911652354884325
6 1000 0.000200893490703286 0.000506745887083457 0.00127171068033361
6.25 1000 0.000278448208788919 0.000746939995565909 0.00175281570222876
6.5 1000 0.00038095050128728 0.00107573965375902 0.00238761704115198
6.75 1000 0.000511711067650727 0.00152110987278734 0.00319615699023432
7 1000 0.00068180213012452 0.0021097663829368 0.00424796808678161
7.25 1000 0.000911003849857081 0.00283009832032978 0.0056680002405497
7.5 1000 0.00120991016217018 0.0038213370133922 0.00764555633891646
7.75 1000 0.00158450103594223 0.00503283988529087 0.0100675606811428
