Var1 Var2 Var3 Var4 Var5
3 0 2.36192e-05 2.74968e-05 3.33313e-05
3.25 0 4.87068e-05 5.77354e-05 6.77868e-05
3.5 0 0.000100277 0.000120863 0.000137989
3.75 0 0.000207115 0.000253355 0.000282474
4 0 0.000425271 0.000527674 0.000576982
4.25 0 0.000864861 0.00108847 0.00119263
4.5 0 0.00172406 0.00220135 0.00242409
4.75 0 0.00342815 0.00443493 0.00490923
5 0 0.00677485 0.00886045 0.00986182
5.25 0 0.0148359 0.019737 0.0221326
5.5 0 0.0293744 0.039986 0.0450155
5.75 0 0.049189 0.0703031 0.079554
6 0 0.0691544 0.107672 0.123896
6.25 0 0.0856346 0.149116 0.177495
6.5 0 0.102303 0.199904 0.249143
6.75 0 0.122895 0.265477 0.347103
7 0 0.148225 0.346442 0.47166049270041
7.25 0 0.172624 0.427981 0.603003
7.5 0 0.188811 0.489162 0.7064
7.75 0 0.197453 0.528982 0.778102
3 2 2.31319e-05 2.69195e-05 3.26314e-05
3.25 2 4.77418e-05 5.65631e-05 6.64113999999999e-05
3.5 2 9.83744e-05 0.000118496 0.000135289
3.75 2 0.000202918 0.000248024 0.000276532
4 2 0.000416157 0.000515861 0.000564062
4.25 2 0.000846902 0.00106464 0.00116232054067176
4.5 2 0.00169006 0.0021551 0.00237229
4.75 2 0.00336622 0.00434896 0.00481202
5 2 0.00665782 0.0086967 0.00967488
5.25 2 0.0145923 0.019388 0.0217272
5.5 2 0.0289097 0.0393177 0.0442356
5.75 2 0.0491165 0.0701795 0.0793865
6 2 0.0709646 0.110505 0.127152
6.25 2 0.0899633 0.156696 0.18636058265266
6.5 2 0.10859 0.212233 0.264536
6.75 2 0.129741 0.280305 0.366517
7 2 0.153293 0.358313 0.488536
7.25 2 0.174332 0.432233 0.60902
7.5 2 0.18826 0.487743 0.704365
7.75 2 0.196263 0.5258 0.773432
3 5 2.09522e-05 2.4365e-05 2.95381e-05
3.25 5 4.33354e-05 5.12257e-05 6.01513e-05
3.5 5 8.94102e-05 0.000107356 0.00012258
3.75 5 0.000184068 0.000224162 0.000249942
4 5 0.000377284 0.000465602 0.000509112
4.25 5 0.000773999 0.000967908 0.00105897
4.5 5 0.00156031 0.0019779 0.00217374
4.75 5 0.00311486 0.00399983 0.00441707
5 5 0.00615297 0.0079925 0.00887191
5.25 5 0.0131695 0.0173999 0.0194436
5.5 5 0.0259179 0.0351153 0.0394049
5.75 5 0.0451188 0.0643991 0.0727423
6 5 0.0680877 0.106113 0.122073
6.25 5 0.0892546 0.155662 0.185385
6.5 5 0.109334 0.213905 0.266763
6.75 5 0.130092 0.281244 0.367902
7 5 0.150705 0.352389 0.480594
7.25 5 0.16862 0.418147 0.5882639562987
7.5 5 0.181666 0.470697 0.678467135394126
7.75 5 0.190424 0.510172 0.750493
3 10 1.5912e-05 1.84871e-05 2.24234e-05
3.25 10 3.29814e-05 3.8781e-05 4.55637e-05
3.5 10 6.80036e-05 8.10992e-05 9.26464e-05
3.75 10 0.000140094 0.000169173 0.000188704
4 10 0.000287737 0.000351472 0.000384408
4.25 10 0.000600669 0.000742104 0.000809884
4.5 10 0.00123402 0.00154299 0.00168991
4.75 10 0.00246509 0.00312075 0.00343149
5 10 0.0048521 0.00622078 0.00687131
5.25 10 0.0100342 0.0130992 0.0145507
5.5 10 0.01927 0.0259205 0.0289391
5.75 10 0.0333202 0.0474973 0.0535129
6 10 0.0516893 0.0807646 0.0929127
6.25 10 0.0715735 0.125275 0.149399
6.5 10 0.0918394 0.180207 0.225095
6.75 10 0.111465 0.24145 0.316248
7 10 0.130517 0.305534 0.417063
7.25 10 0.148627 0.368793 0.520032
7.5 10 0.163351 0.423361 0.611699
7.75 10 0.174316 0.467066 0.686915
3 20 9.01352999999999e-06 1.04585e-05 1.27016e-05
3.25 20 1.8713e-05 2.18366e-05 2.57163e-05
3.5 20 3.8496e-05 4.54541e-05 5.2043e-05
3.75 20 7.97948e-05 9.51654000000001e-05 0.000106363
4 20 0.000165238 0.000198822 0.000217816
4.25 20 0.000343411 0.000416816 0.000454006
4.5 20 0.000705555 0.000864618 0.000943544
4.75 20 0.0014217 0.00176197 0.00192755
5 20 0.0028111 0.00353376 0.00387891
5.25 20 0.00558942 0.00718129 0.00791992
5.5 20 0.0104975 0.0140139 0.0155596
5.75 20 0.0181297 0.0258747 0.0290961
6 20 0.0286605 0.0450821 0.0519497
6.25 20 0.0416134 0.0734311 0.0878942
6.5 20 0.0563498 0.111355 0.139653
6.75 20 0.0722041 0.157205 0.206596
7 20 0.0893943 0.209952 0.287205
7.25 20 0.107181 0.266442 0.376072
7.5 20 0.12360991667886 0.320632 0.46316
7.75 20 0.137749647161583 0.369076 0.542322
3 30 5.77656e-06 6.69858e-06 7.94564999999999e-06
3.25 30 1.20858e-05 1.40497e-05 1.64063e-05
3.5 30 2.50103e-05 2.93782e-05 3.37465e-05
3.75 30 5.16225e-05 6.11681e-05 6.85727e-05
4 30 0.000106606 0.00012728 0.000139812
4.25 30 0.000220944 0.000265753 0.000289787
4.5 30 0.00045427 0.000551 0.000596188019082287
4.75 30 0.000923512 0.00113213 0.00123725
5 30 0.00183943 0.0022889 0.00250782
5.25 30 0.00362508 0.00462294 0.0050869
5.5 30 0.00678058 0.00902996000000001 0.0100113
5.75 30 0.0116448435049114 0.0166594 0.0187416
6 30 0.0184754972616247 0.0292192 0.0337306
6.25 30 0.0273182109520326 0.0485098 0.058161
6.5 30 0.0378778630240258 0.0752757 0.0945152
6.75 30 0.0499488385141358 0.109217 0.143604
7 30 0.0637582812725542 0.15015 0.205395
7.25 30 0.0787446889455508 0.196001 0.276482
7.5 30 0.0939310181264252 0.243685 0.351657
7.75 30 0.108771493678957 0.291312 0.4275
3 40 4.2525e-06 4.93044e-06 5.72311e-06
3.25 40 8.84546e-06 1.02601e-05 1.17555e-05
3.5 40 1.81754e-05 2.12815e-05 2.41011e-05
3.75 40 3.76659e-05 4.44523e-05 4.98371e-05
4 40 7.81891000000001e-05 9.29113e-05 0.000102377
4.25 40 0.000161353 0.00019303 0.000210959
4.5 40 0.000331079 0.000399154 0.000436185
4.75 40 0.000672814985269997 0.000819239 0.000887487572122092
5 40 0.00133892595257801 0.00165489 0.00181315
5.25 40 0.00262625110672406 0.00333163 0.00366006
5.5 40 0.00489637318118576 0.00650559 0.00719294
5.75 40 0.00845078863061925 0.0121015 0.0135739
6 40 0.0135279069154475 0.0214612 0.0247211
6.25 40 0.0200903016001786 0.0358129 0.0429046
6.5 40 0.0280758108078485 0.0559973 0.0702933
6.75 40 0.0375442326830618 0.0823251 0.108218
7 40 0.0485414536658913 0.114623 0.156711
7.25 40 0.0608926817945452 0.151692 0.21378
7.5 40 0.0740918100136624 0.192228 0.27704
7.75 40 0.0880163705812364 0.235663 0.345309
3 50 3.29842e-06 3.78439e-06 4.41012777107607e-06
3.25 50 6.85905661063792e-06 7.82183e-06 8.95663492174716e-06
3.5 50 1.40035126298814e-05 1.61144e-05 1.82500084131355e-05
3.75 50 2.90221749471531e-05 3.37439e-05 3.79559028763266e-05
4 50 6.05127765991797e-05 7.07764e-05 7.84734337359678e-05
4.25 50 0.00012480370819314 0.000146853 0.000161373518882307
4.5 50 0.000255537920946296 0.000304187427629635 0.000332276752699304
4.75 50 0.000520432610330993 0.0006287 0.000682873955326003
5 50 0.00103860602848842 0.00127723 0.00138741532005138
5.25 50 0.00203548065741081 0.00257096 0.00280678325605889
5.5 50 0.00380202527579451 0.00503565 0.0055443238080836
5.75 50 0.00660871977632412 0.00943115 0.0105833063214016
6 50 0.0106637 0.0168493 0.0195106265551765
6.25 50 0.0158854 0.0283658 0.0341860804852469
6.5 50 0.0223014 0.044701 0.0567741155053108
6.75 50 0.0300155 0.0664578 0.0889802155154192
7 50 0.0391262 0.0935699 0.131720343885776
7.25 50 0.0496125 0.125281 0.185325181355406
7.5 50 0.0613047 0.161246 0.24958384117705
7.75 50 0.0741287 0.201254 0.325307159328345
3 70 2.2135942661497e-06 2.93806e-06 3.91952642787794e-06
3.25 70 4.60995061692887e-06 6.07846000000001e-06 7.99964655273379e-06
3.5 70 9.41646e-06 1.23879e-05 1.63169338186134e-05
3.75 70 1.93184e-05 2.5179e-05 3.31760299412178e-05
4 70 3.98418e-05 5.25242e-05 6.85022197266663e-05
4.25 70 8.27141e-05 0.000110117000000001 0.00014318483037183
4.5 70 0.000171682 0.000230463000000001 0.000301517048388155
4.75 70 0.000351597 0.000475663 0.000628586827963493
5 70 0.00070552 0.000960460000000003 0.0012902156133468
5.25 70 0.00139117 0.00191788 0.0026342721923021
5.5 70 0.00261279 0.00368459 0.00520605681409913
5.75 70 0.00454774 0.00666256000000005 0.0100815820959977
6 70 0.00734996 0.0119119000000002 0.0186658721893761
6.25 70 0.0110726 0.0201405000000004 0.0330584983540157
6.5 70 0.0157235 0.031968000000001 0.0553394071141606
6.75 70 0.0213273 0.0476303000000019 0.0869337538737683
7 70 0.0280505 0.0673555000000031 0.128900495002362
7.25 70 0.0361223 0.0915423000000047 0.182417404268445
7.5 70 0.0454858 0.120026000000007 0.24761299051344
7.75 70 0.0561923 0.153007000000009 0.325830386739142
3 100 1.47628496502424e-06 2.41818000000001e-06 3.54643780811085e-06
3.25 100 3.03246009581973e-06 4.86007000000005e-06 7.20787152353825e-06
3.5 100 6.22459261430879e-06 9.74817000000014e-06 1.46256018339041e-05
3.75 100 1.31497226178031e-05 1.97090000000003e-05 2.98989132951295e-05
4 100 2.68866608025399e-05 4.02565000000007e-05 6.16583726158311e-05
4.25 100 5.65317618516085e-05 8.36291000000016e-05 0.000129543047947548
4.5 100 0.000120827775412398 0.000175087000000003 0.000275232128003154
4.75 100 0.000256200265014531 0.000364233000000007 0.000580539681803843
5 100 0.00052664173844871 0.000749209000000013 0.0012086614381632
5.25 100 0.00105311950392575 0.00153380000000003 0.00249418913040419
5.5 100 0.00200242575620083 0.00307203000000004 0.0050394409110198
5.75 100 0.00351477458721659 0.00590758000000002 0.00976235025492141
6 100 0.00571874864259503 0.0101211567352749 0.0182150558712012
6.25 100 0.0087159086647511 0.0161713035551397 0.03260662893996
6.5 100 0.0125187966292768 0.0262637000000001 0.0550306435611093
6.75 100 0.0171917730724826 0.0396127000000005 0.087033521426451
7 100 0.0229211974129687 0.0567687000000011 0.129762234896752
7.25 100 0.0299240316374302 0.0781898000000019 0.184197137981063
7.5 100 0.0383046562129293 0.104180000000003 0.250896874803403
7.75 100 0.0481009918165264 0.134963000000004 0.330346782001934
3 130 1.20784250610875e-06 1.98556000000002e-06 2.92269682441729e-06
3.25 130 2.48029141085165e-06 3.97103000000004e-06 5.90629729350239e-06
3.5 130 5.10415339674862e-06 7.92449000000011e-06 1.19191992269916e-05
3.75 130 1.04843856005596e-05 1.59879000000003e-05 2.43219509411766e-05
4 130 2.2021433763913e-05 3.26932000000005e-05 5.0481949179649e-05
4.25 130 4.63276816862838e-05 6.82925000000007e-05 0.00010598121106062
4.5 130 9.88439079843836e-05 0.000144352000000003 0.000226086452157206
4.75 130 0.00021132729715575 0.000304402000000006 0.000480962360305619
5 130 0.000445937962513116 0.000635145000000011 0.00101321997645962
5.25 130 0.000901301271798033 0.00131598000000001 0.00212215604233811
5.5 130 0.00172927656609245 0.00266596000000002 0.00432471970356451
5.75 130 0.0030602654678305 0.00518344 0.0084775664743064
6 130 0.00501380718019262 0.0089480759525635 0.0159846881436858
6.25 130 0.00769839637695732 0.0144201814553263 0.0288900346466773
6.5 130 0.0111278453907478 0.0236278 0.0491303641968624
6.75 130 0.0153922586133551 0.0358873 0.078281100418956
7 130 0.02065545944587 0.0517395 0.117433444950212
7.25 130 0.0270978294697259 0.0715656 0.167404775956046
7.5 130 0.0348715897875967 0.0957941 0.229017840280256
7.75 130 0.0441344615834006 0.124996 0.30374958782976
3 200 8.17111849286145e-07 1.33606000000001e-06 1.97962620765154e-06
3.25 200 1.68086608143214e-06 2.67566000000003e-06 4.09545855592545e-06
3.5 200 3.43752610502177e-06 5.34435000000007e-06 8.14187632540803e-06
3.75 200 6.96511387663028e-06 1.07434000000002e-05 1.66336614510554e-05
4 200 1.45710689926889e-05 2.20637000000003e-05 3.4661669882225e-05
4.25 200 3.18667671181014e-05 4.70238000000009e-05 7.3979652704885e-05
4.5 200 7.02980355832945e-05 0.000102344000000002 0.000162446506444263
4.75 200 0.000154316605506934 0.000222697000000002 0.00035312052505014
5 200 0.000334093711985438 0.000479894000000008 0.000764095842313123
5.25 200 0.000698921086118873 0.00102217000000001 0.00163253930337868
5.5 200 0.00136416078562653 0.00212253000000001 0.00340990857750836
5.75 200 0.00248277344501 0.00427677 0.00690368956185738
6 200 0.00416646253627451 0.0075077355078488 0.0134045518047497
6.25 200 0.00642953817854787 0.0122783181338502 0.0244173029369955
6.5 200 0.00932940880140708 0.0201895915566289 0.0417036219239801
6.75 200 0.0129757992302911 0.031041 0.0667599888283154
7 200 0.0175050547150362 0.0449077 0.100496429809666
7.25 200 0.0230805582459716 0.0622873 0.143616600847676
7.5 200 0.0299039115300753 0.0837429 0.197281770491991
7.75 200 0.0384399383660731 0.110741 0.264971217353097
3 300 4.65501095445836e-07 7.4580300000001e-07 1.15320266633664e-06
3.25 300 9.55445652366821e-07 1.51315000000003e-06 2.40021483988936e-06
3.5 300 1.95301775858543e-06 3.06259000000005e-06 4.82128752583908e-06
3.75 300 4.00463792075133e-06 6.16659000000008e-06 9.78360212022259e-06
4 300 8.48948232910177e-06 1.28327000000002e-05 2.05614456973474e-05
4.25 300 1.87967650102744e-05 2.83379000000005e-05 4.58044284688426e-05
4.5 300 4.33483602048696e-05 6.47235000000013e-05 0.000103141573274086
4.75 300 0.000100745479002423 0.000148887000000003 0.000237871144421772
5 300 0.000233882565354636 0.000339225000000006 0.000542099629538819
5.25 300 0.000515409818739849 0.00075975100000001 0.00121560080979765
5.5 300 0.00104055243916954 0.00164888000000001 0.00261814189707539
5.75 300 0.0019513319962648 0.00338908909223823 0.00545968522197137
6 300 0.00335420476298834 0.00613748234280488 0.0108929793481125
6.25 300 0.00531200793814432 0.0103771 0.0203949230150389
6.5 300 0.00787257794204661 0.0175107782246402 0.0355857108909683
6.75 300 0.0110528848576641 0.0272150172819623 0.0574612492785146
7 300 0.015028996049565 0.0397323 0.0870569055008122
7.25 300 0.0200522556125267 0.0556682 0.125645900462852
7.5 300 0.0262837646532051 0.0755707 0.174209282813639
7.75 300 0.0341268067400084 0.10075 0.235779975287456
3 500 5.56066236093219e-08 8.79719000000009e-08 1.42781001342984e-07
3.25 500 1.48211500131588e-07 2.32918000000003e-07 3.77569507093137e-07
3.5 500 3.92456927489579e-07 6.12111000000009e-07 1.00239241910293e-06
3.75 500 1.03463348984861e-06 1.60056000000003e-06 2.61283525736225e-06
4 500 2.61171897245517e-06 4.00746000000006e-06 6.57237734956967e-06
4.25 500 6.14588766935709e-06 9.35756000000016e-06 1.54160277533984e-05
4.5 500 1.37897518908769e-05 2.09041000000004e-05 3.4060892962175e-05
4.75 500 3.0139839699684e-05 4.58409000000008e-05 7.46638280010063e-05
5 500 6.51408711795131e-05 0.000100114000000002 0.000162649913247856
5.25 500 0.000141750695371748 0.000218282000000002 0.000352089240137945
5.5 500 0.00030045185224567 0.000476340000000001 0.000757726778744325
5.75 500 0.000575991937687405 0.000951385177324095 0.00160116776691398
6 500 0.00103844766415791 0.00189604248946208 0.00329915494083218
6.25 500 0.00174375312253789 0.00347527690659947 0.00657317316991129
6.5 500 0.00273234481127363 0.00610423105695144 0.0121485304590148
6.75 500 0.00406269321089997 0.01014934755602 0.0207870601204112
7 500 0.00577283862600918 0.0154383514154698 0.032898442434858
7.25 500 0.0079161535042487 0.0223578428603037 0.0487441506639281
7.5 500 0.0106249228967249 0.0312086 0.0690885366797293
7.75 500 0.0139716493450542 0.0420673 0.0945058010675608
3 700 2.80285385908826e-08 4.34412000000003e-08 7.21811163370944e-08
3.25 700 7.51321792697672e-08 1.15835000000001e-07 1.91931743401527e-07
3.5 700 2.0039988850087e-07 3.06994000000002e-07 5.13377950460901e-07
3.75 700 5.32685410688861e-07 8.10608000000012e-07 1.34708277433683e-06
4 700 1.3534449809816e-06 2.05174000000003e-06 3.41024633860254e-06
4.25 700 3.20356769993533e-06 4.84748000000006e-06 8.07633028419411e-06
4.5 700 7.07721024111809e-06 1.09627000000001e-05 1.81072448478009e-05
4.75 700 1.56384820290463e-05 2.43399000000003e-05 4.01175903049332e-05
5 700 3.4015705494171e-05 5.37950000000005e-05 8.82551251634577e-05
5.25 700 7.24880530678987e-05 0.000118564 0.000192778549709749
5.5 700 0.000154831852628167 0.00025530840503421 0.000417911028777982
5.75 700 0.000321211142988212 0.000513244184485551 0.000884326999687694
6 700 0.000581595303093604 0.00102498614851576 0.00180195424652371
6.25 700 0.000980095849504234 0.00182088000000001 0.00353257879929445
6.5 700 0.00154074383914848 0.00329271169861704 0.00655351051739542
6.75 700 0.00229905380516983 0.00566225028486004 0.0112534427037854
7 700 0.00327999555556492 0.00871819830253652 0.0178746157670033
7.25 700 0.00451862176149644 0.012589626647171 0.0265869140234472
7.5 700 0.00609838596931989 0.0175526630268388 0.0378469644640037
7.75 700 0.00806973962023977 0.0237808956434495 0.0520264719069247
3 1000 1.12825100189257e-08 1.83589e-08 3.10408094462384e-08
3.25 1000 3.02825880199577e-08 4.91917000000001e-08 8.30176867362332e-08
3.5 1000 8.09235109316425e-08 1.31171e-07 2.20801533784238e-07
3.75 1000 2.15790786204547e-07 3.48951000000001e-07 5.90542690095136e-07
4 1000 5.52164254624286e-07 8.90942000000007e-07 1.49873948468027e-06
4.25 1000 1.31511703052236e-06 2.12587000000002e-06 3.57596257482309e-06
4.5 1000 2.98525094923091e-06 4.85888000000003e-06 8.1771164537172e-06
4.75 1000 6.59714529973204e-06 1.09068e-05 1.81646576336257e-05
5 1000 1.42997445104812e-05 2.43643e-05 4.03254575846243e-05
5.25 1000 3.08612541249757e-05 5.24728180889878e-05 8.88029214962547e-05
5.5 1000 6.54935304391225e-05 0.000112500924426033 0.000193842321801549
5.75 1000 0.000135903184610296 0.000239375146206438 0.000412512663271886
6 1000 0.000251714191225058 0.000456229989150627 0.000841620769559482
6.25 1000 0.000426453096084604 0.000818758000000002 0.00160930404186271
6.5 1000 0.000674155106562041 0.00147161773994313 0.00292272826538056
6.75 1000 0.00101172923594476 0.00251866230699639 0.00503934352949231
7 1000 0.00145217976899192 0.00401737341101591 0.00803793156814153
7.25 1000 0.00201380976882252 0.00598206568217264 0.0120095345217596
7.5 1000 0.00273725921163983 0.00839736817246499 0.0171804909351112
7.75 1000 0.0036508356842058 0.0114817798675795 0.023748421537484
