Var1 Var2 Var3 Var4 Var5
3 0 5.30174e-06 6.29277e-06 7.79759000000001e-06
3.25 0 1.08037e-05 1.31165e-05 1.57065e-05
3.5 0 2.18693e-05 2.71989e-05 3.15889e-05
3.75 0 4.44456e-05 5.65474000000001e-05 6.39519e-05
4 0 8.96550999999999e-05 0.000116543 0.000129466
4.25 0 0.00017847 0.000236833 0.000265062
4.5 0 0.000347549 0.000470838 0.000530744
4.75 0 0.000681844 0.000943742 0.00107155
5 0 0.00133001 0.00188466 0.00215747
5.25 0 0.00293756 0.00430565 0.00499523
5.5 0 0.00586621 0.00874919 0.0102724
5.75 0 0.0102734 0.0152028 0.0179308
6 0 0.0159404 0.0231507 0.0271384
6.25 0 0.0225763 0.0329607 0.0382461
6.5 0 0.0306514 0.0472167 0.0548053
6.75 0 0.0405046 0.0686635 0.0813927
7 0 0.0524798 0.0994879 0.122637
7.25 0 0.0645513 0.135743 0.175246279503172
7.5 0 0.0735926 0.168335 0.226905516857374
7.75 0 0.0795048 0.193861 0.270633445602006
3 2 5.17914e-06 6.14694e-06 7.61744e-06
3.25 2 1.05644e-05 1.28195e-05 1.53515e-05
3.5 2 2.13987e-05 2.65972e-05 3.08918e-05
3.75 2 4.34347e-05 5.52217e-05 6.24549e-05
4 2 8.75176999999999e-05 0.000113664 0.000126257
4.25 2 0.000174274 0.000231022 0.000258513
4.5 2 0.000339624 0.000459507 0.00051784
4.75 2 0.000667569 0.00092257 0.00104712
5 2 0.00130372 0.00184406 0.00210994
5.25 2 0.00289166 0.00422801 0.00490115
5.5 2 0.00578375 0.00860203 0.010089
5.75 2 0.0103063 0.0152134 0.0179236
6 2 0.0164634 0.0238728 0.0279613
6.25 2 0.0237503 0.0346526 0.0401898
6.5 2 0.0323789 0.0498724 0.057877
6.75 2 0.0425452 0.0721284 0.0854981
7 2 0.0541436 0.102651 0.126542
7.25 2 0.0650218 0.136741 0.176540462656022
7.5 2 0.0732317 0.167518 0.225808026616211
7.75 2 0.0789176 0.192432 0.268642118643486
3 5 4.6191e-06 5.48097e-06 6.79464000000001e-06
3.25 5 9.44865000000001e-06 1.14372e-05 1.37012e-05
3.5 5 1.91539e-05 2.37374e-05 2.75785e-05
3.75 5 3.87988e-05 4.91557e-05 5.56071e-05
4 5 7.80954999999999e-05 0.000101003 0.000112148
4.25 5 0.000156797 0.000206803 0.000231222
4.5 5 0.000308976 0.000415483 0.000467623
4.75 5 0.000610343 0.000837312 0.000948631
5 5 0.0011944 0.00167486 0.00191165
5.25 5 0.00258078 0.00373024 0.00430798
5.5 5 0.00514911 0.00756029 0.00882457
5.75 5 0.00951218 0.0138835 0.0162762
6 5 0.0159311 0.0229355 0.0267597
6.25 5 0.0234991 0.0341833 0.039558
6.5 5 0.0323444 0.0497939 0.0577397
6.75 5 0.0424615 0.0720128 0.085357
7 5 0.0531047 0.100726 0.124193
7.25 5 0.0627628 0.13203 0.170489992114081
7.5 5 0.0705778 0.161474 0.217689555648242
7.75 5 0.0764331 0.186386 0.260221483835273
3 10 3.32313e-06 3.94149e-06 4.89179e-06
3.25 10 6.83339e-06 8.21493e-06 9.85239e-06
3.5 10 1.38534e-05 1.70295e-05 1.98063e-05
3.75 10 2.8065e-05 3.5215e-05 3.98729e-05
4 10 5.65957e-05 7.23590000000001e-05 8.02616e-05
4.25 10 0.000116114 0.000151044 0.000168516
4.5 10 0.000234459 0.000310076 0.000347708
4.75 10 0.000467061 0.000628161 0.000708247
5 10 0.000919307 0.00125941 0.0014282
5.25 10 0.00194156 0.00272506 0.00311746
5.5 10 0.00384193 0.00546699 0.00630636
5.75 10 0.00701574000000001 0.00996894 0.0115478
6 10 0.0120092 0.016994 0.0196391
6.25 10 0.0188228 0.0271796 0.0312768
6.5 10 0.0272632 0.0419232 0.0485113
6.75 10 0.0365455 0.0620541 0.0735487
7 10 0.0459488 0.0872781 0.107678100234084
7.25 10 0.0552571 0.116355 0.150341925897317
7.5 10 0.0633289 0.144967 0.195521324718046
7.75 10 0.0698029 0.170258 0.237770107356219
3 20 1.65374e-06 1.95412e-06 2.43516e-06
3.25 20 3.43577e-06 4.06725e-06 4.89712e-06
3.5 20 6.97627e-06 8.42299999999999e-06 9.83156000000001e-06
3.75 20 1.42596e-05 1.75211e-05 1.99019e-05
4 20 2.91259e-05 3.63315e-05 4.03159e-05
4.25 20 6.01244999999999e-05 7.59724e-05 8.44625e-05
4.5 20 0.000122881 0.000157048 0.000175067
4.75 20 0.000249534 0.00032246 0.000360293
5 20 0.000499617 0.000653661 0.00073223
5.25 20 0.00102519 0.00136278 0.00153288
5.5 20 0.00201647 0.00271558 0.00306928
5.75 20 0.00379623 0.00515337 0.00584826
6 20 0.00677954 0.00931934 0.0105937
6.25 20 0.0111825 0.0159515 0.0181765
6.5 20 0.0171137 0.026292 0.0303181
6.75 20 0.0238243 0.0406072 0.04815238076166
7 20 0.0313627 0.059824 0.0739443677209766
7.25 20 0.0396734 0.0837945 0.108479131266682
7.5 20 0.0477408 0.109474 0.14786292937266
7.75 20 0.0549994 0.134255 0.187664091452719
3 30 9.75045e-07 1.14533856218801e-06 1.43746e-06
3.25 30 2.05448e-06 2.40165e-06 2.90579e-06
3.5 30 4.20186e-06 5.00198e-06 5.86499e-06
3.75 30 8.59812e-06 1.03964e-05 1.18573e-05
4 30 1.76303e-05 2.15955e-05 2.4049e-05
4.25 30 3.65023e-05 4.51815e-05 5.01969e-05
4.5 30 7.51255e-05 9.3787e-05 0.000104269
4.75 30 0.000155593 0.000195797 0.000217747
5 30 0.000317793 0.000403565 0.000449037
5.25 30 0.000654143 0.000840873 0.00093712
5.5 30 0.00130037 0.00169377 0.00189311
5.75 30 0.00245493 0.00324303 0.0036382
6 30 0.0044116 0.00596292 0.00671501
6.25 30 0.00740477 0.0104964 0.0118956
6.5 30 0.0115592 0.0177764 0.0204666219860468
6.75 30 0.016546 0.0283205 0.0336173587637026
7 30 0.0225003 0.0431102 0.0534027695307337
7.25 30 0.0292443 0.061974 0.0804090091054906
7.5 30 0.0362909 0.0833855 0.112822312338921
7.75 30 0.0434008 0.106041 0.148401722787339
3 40 6.85299e-07 8.05275e-07 1.00772e-06
3.25 40 1.44253e-06 1.67631e-06 2.03842e-06
3.5 40 2.94933e-06 3.47339e-06 4.09244e-06
3.75 40 6.08967e-06 7.27814999999999e-06 8.33720999999999e-06
4 40 1.26298e-05 1.5276e-05 1.70767e-05
4.25 40 2.61884e-05 3.19713e-05 3.55688e-05
4.5 40 5.41168999999999e-05 6.65509e-05 7.39803e-05
4.75 40 0.00011255 0.000139322 0.00015471
5 40 0.000230879 0.000287965 0.000319504
5.25 40 0.000475524 0.000599346 0.000665118
5.5 40 0.00094853 0.0012116 0.00134676833406891
5.75 40 0.00180256 0.0023433 0.0026127846463128
6 40 0.00326091 0.0043647 0.00488925320572535
6.25 40 0.00548028 0.00774465 0.00874904970720137
6.5 40 0.0085901 0.0132326 0.0152261311881412
6.75 40 0.0125257 0.0215207 0.025579123616897
7 40 0.017321 0.0333166 0.0413601036939625
7.25 40 0.0227581 0.0483751 0.0629032306269623
7.5 40 0.0287305341138679 0.066125810045826 0.0896282997933122
7.75 40 0.0352007 0.0860824 0.120606402185029
3 50 5.27637e-07 6.18918646630735e-07 7.54772e-07
3.25 50 1.10102550000856e-06 1.27878019079054e-06 1.53419e-06
3.5 50 2.25338517782346e-06 2.63705626089727e-06 3.07885e-06
3.75 50 4.67801282001926e-06 5.55856188674932e-06 6.3025e-06
4 50 9.77083594754605e-06 1.17025435480648e-05 1.31756510538318e-05
4.25 50 2.02580838096932e-05 2.4533675634159e-05 2.70873850965796e-05
4.5 50 4.20473540262705e-05 5.10289189959799e-05 5.62402455311283e-05
4.75 50 8.76261485518403e-05 0.000107771856622533 0.00011780837386903
5 50 0.000180395353230282 0.000222955363135213 0.00024382263049822
5.25 50 0.00037059566253072 0.000463261812724715 0.000508294623253774
5.5 50 0.000740986505329302 0.000938423415607192 0.00103323176577587
5.75 50 0.00141873943089162 0.00182812977000511 0.00202084563663841
6 50 0.00258835169330635 0.00344730953675114 0.00382044517544398
6.25 50 0.00438814924410248 0.00618181960091237 0.00692791402547574
6.5 50 0.00696693050422141 0.0107385074122215 0.0122734651378191
6.75 50 0.0103618371513994 0.0178176852171932 0.0210960252464104
7 50 0.014645336440684 0.0281993830043578 0.034897705796227
7.25 50 0.0198221275356854 0.0421628089458423 0.0546635457298611
7.5 50 0.0260052108632839 0.0598793704564825 0.0809138323859541
7.75 50 0.0332628098234447 0.0813596423425094 0.113632537101075
3 70 3.5726346109699e-07 5.11442964879635e-07 6.41876240806778e-07
3.25 70 7.56766207419898e-07 1.08707610532946e-06 1.31062011425858e-06
3.5 70 1.55897e-06 2.25373978733342e-06 2.66306564925101e-06
3.75 70 3.29832e-06 4.79469972047921e-06 5.46152663336862e-06
4 70 7.02422000000001e-06 1.00931057412942e-05 1.13083208397164e-05
4.25 70 1.50919e-05 2.14368243003891e-05 2.40438448361533e-05
4.5 70 3.23426e-05 4.58756572321793e-05 5.1254458477874e-05
4.75 70 6.91765e-05 9.80225648714122e-05 0.000108950694958834
5 70 0.000145884 0.000206503252208939 0.000229114413419784
5.25 70 0.000306874 0.000432994995659697 0.000480087302730694
5.5 70 0.000628521 0.000885199602833878 0.000982272865614192
5.75 70 0.00123096 0.00173259390096346 0.00192722450908307
6 70 0.00232695427310365 0.00327754683360677 0.00366223385223929
6.25 70 0.00422442782323011 0.00596402976949384 0.00672582496311131
6.5 70 0.00683607792651883 0.0104583708443934 0.0120326302871783
6.75 70 0.0101821763055347 0.0174316452089144 0.020749381643979
7 70 0.0144027305717897 0.0276297724425666 0.0343805838504062
7.25 70 0.0196480773339222 0.0416371842220669 0.0542800933801016
7.5 70 0.0259931126732811 0.0596082207070949 0.0809951966353491
7.75 70 0.0334928831020187 0.0815347218461789 0.114512461583578
3 100 2.52239613571579e-07 4.68271487050111e-07 5.76137753774398e-07
3.25 100 5.24472552996457e-07 9.7493700944973e-07 1.17236587606977e-06
3.5 100 1.08563380100626e-06 2.02690202172496e-06 2.37848519236217e-06
3.75 100 2.24816311160038e-06 4.23974199704085e-06 4.9016247689935e-06
4 100 4.77065071765886e-06 9.06988446102515e-06 1.02415845597635e-05
4.25 100 1.02058599277457e-05 1.96167435662022e-05 2.19636622661013e-05
4.5 100 2.21277893702956e-05 4.25949e-05 4.74401969814783e-05
4.75 100 4.75025267820998e-05 9.20681216418327e-05 0.000102192498291299
5 100 0.000100578072327851 0.000196288604183319 0.000216992013786972
5.25 100 0.000212274189929325 0.000416330826666498 0.000459810913932346
5.5 100 0.000436931294389552 0.000860340375733446 0.000950703911422671
5.75 100 0.000860533705928366 0.00170037681171514 0.00188295952138552
6 100 0.00163624684176626 0.0032434817997231 0.00360830495093673
6.25 100 0.00299772384791887 0.00595860790431424 0.00669804078141975
6.5 100 0.00528227864822673 0.0105199724527508 0.0120841531206662
6.75 100 0.00886393554060115 0.0176936704702123 0.0210225038284884
7 100 0.0141249197320416 0.0281924298742728 0.0350610945891179
7.25 100 0.0200074745691627 0.0425091345330572 0.0554090377554641
7.5 100 0.0265194226917231 0.060963368637965 0.0828179935072678
7.75 100 0.0342011403967108 0.0834384847223921 0.117129416833022
3 130 2.07635456732195e-07 3.86207812110684e-07 4.78784566849128e-07
3.25 130 4.302788939062e-07 7.93526115070875e-07 9.70587002784909e-07
3.5 130 8.79673473047337e-07 1.64306085742265e-06 1.96337628025225e-06
3.75 130 1.83270849554764e-06 3.46177852016396e-06 4.0474608627504e-06
4 130 3.90031462246764e-06 7.4197716403763e-06 8.51829421674679e-06
4.25 130 8.47716468550897e-06 1.62305552219549e-05 1.82926851893447e-05
4.5 130 1.83649914835764e-05 3.55738711885577e-05 3.95964937291334e-05
4.75 130 4.00872950849703e-05 7.77592503895179e-05 8.62997848759479e-05
5 130 8.61557093376309e-05 0.000167695264163788 0.000184861362451022
5.25 130 0.000183708497180072 0.00035928808098279 0.000394577469747479
5.5 130 0.000379116330758245 0.000749547765155995 0.000823748671031388
5.75 130 0.000754677252607826 0.00149634553334346 0.00164853963262592
6 130 0.00144899309828497 0.00288893421566238 0.00318951321872112
6.25 130 0.00268143721527095 0.00534451743231205 0.00597876149023109
6.5 130 0.00476026594623424 0.00948626886908372 0.010875019072911
6.75 130 0.00804319956967446 0.0160274299637263 0.0190745422049485
7 130 0.0128795605295369 0.0256648696017028 0.0319910566100961
7.25 130 0.0182712045721943 0.0388271487880809 0.050736813292291
7.5 130 0.0243271646599422 0.055903821407308 0.0761313579454194
7.75 130 0.0316183927655197 0.0770581372517687 0.108414569535719
3 200 1.49173979843936e-07 2.81007391256659e-07 3.45726378051408e-07
3.25 200 3.09454040554386e-07 5.81927960584636e-07 7.14249601392393e-07
3.5 200 6.37719704377297e-07 1.20139999042772e-06 1.43455532010938e-06
3.75 200 1.30785454374837e-06 2.50399866005206e-06 2.94586800666916e-06
4 200 2.80818815248671e-06 5.38218926473681e-06 6.23715667914514e-06
4.25 200 6.19734986075794e-06 1.19545784957957e-05 1.35831492255918e-05
4.5 200 1.38280899642226e-05 2.68621165112586e-05 3.01122128426606e-05
4.75 200 3.0880963924176e-05 6.02174739680997e-05 6.65727384834906e-05
5 200 6.82163042639493e-05 0.000133405276665865 0.000145584073925775
5.25 200 0.000148216171150116 0.000290726886204124 0.00031627677687081
5.5 200 0.000313827872678583 0.000616193054033736 0.000669651074227193
5.75 200 0.00063743204753162 0.00126300662523648 0.00137606219274092
6 200 0.00125522290964174 0.00248842661622419 0.00273479613065789
6.25 200 0.00234383201574555 0.00464868637330433 0.0051940977618647
6.5 200 0.00417495684299128 0.00828338431338172 0.00951929261933675
6.75 200 0.00706493517237075 0.0140206496297191 0.0167732791983179
7 200 0.0113491097105838 0.022445718114845 0.0281628616443754
7.25 200 0.0159745854737735 0.0339963856589506 0.0447284258068758
7.5 200 0.0213457920308498 0.0490246247949723 0.0671888246934101
7.75 200 0.0281510572084669 0.0683836500036959 0.0967370992858301
3 300 8.92012056783202e-08 1.69462731412882e-07 2.1080690517633e-07
3.25 300 1.84915874225022e-07 3.52149548528309e-07 4.37724670367219e-07
3.5 300 3.79753064053294e-07 7.28723842629351e-07 8.82698648833079e-07
3.75 300 7.8236907955294e-07 1.52067084499874e-06 1.80672159772559e-06
4 300 1.70972592488231e-06 3.28853153473254e-06 3.88369977435864e-06
4.25 300 3.91396958526585e-06 7.58110210818083e-06 8.69235859057631e-06
4.5 300 9.15519297097149e-06 1.7915742833729e-05 2.01413190849824e-05
4.75 300 2.13960414244015e-05 4.21027966414529e-05 4.66894301402587e-05
5 300 4.96788656337822e-05 9.75648053398702e-05 0.000107169558195899
5.25 300 0.000113351799001515 0.00022191016419642 0.000242064517727254
5.5 300 0.000249492175314944 0.000493046896114846 0.000528908478161868
5.75 300 0.000526696424781489 0.00103229422652535 0.00112352421559942
6 300 0.00106248080692128 0.00209148090445899 0.00229487609603396
6.25 300 0.00204417706451391 0.00402781869410274 0.00450293985855346
6.5 300 0.00372419129163771 0.00734298432789812 0.00846278269277284
6.75 300 0.00633583842524839 0.0124978490775061 0.0150201638050843
7 300 0.0101683936235321 0.0200502472067865 0.0252961785256731
7.25 300 0.0144978134615667 0.0306737337656333 0.0405859176885192
7.5 300 0.0195545478151196 0.0445581765802165 0.0614106227443067
7.75 300 0.025954652331079 0.0624606251109879 0.088811139908595
3 500 1.57633669935196e-08 3.07630691984482e-08 3.80500937235969e-08
3.25 500 4.18231059513918e-08 8.13396263716402e-08 1.00813214638228e-07
3.5 500 1.09498453254857e-07 2.14389092396477e-07 2.602877291959e-07
3.75 500 2.85233104316489e-07 5.55226098389515e-07 6.68880740846249e-07
4 500 6.95835821336584e-07 1.36159215310879e-06 1.61999788832742e-06
4.25 500 1.59389097840919e-06 3.09467623317188e-06 3.67139139608023e-06
4.5 500 3.49887546711427e-06 6.7693638309822e-06 7.92246610816966e-06
4.75 500 7.62998570612657e-06 1.462814411378e-05 1.7013471830982e-05
5 500 1.65675745591608e-05 3.27196644341669e-05 3.65440235495288e-05
5.25 500 3.60644177601247e-05 7.11211707523036e-05 7.89064067761848e-05
5.5 500 8.00650928192262e-05 0.000156869678316908 0.000173247341572174
5.75 500 0.00018017136215595 0.000357601237790675 0.000386867151950585
6 500 0.000410995508230154 0.000816542503698582 0.000879168098349801
6.25 500 0.000923052517287024 0.00179643983991831 0.00201806224015736
6.5 500 0.00199566354718288 0.00388742039517873 0.0045116032334203
6.75 500 0.00406293191875526 0.00791906599138389 0.00959809998910345
7 500 0.00752596316145927 0.0147190879753234 0.0187416818605436
7.25 500 0.0118957228576885 0.0247017308423303 0.0329963744446035
7.5 500 0.0170885557610587 0.0382184421822728 0.0531596292095201
7.75 500 0.0234904621463282 0.05541528729503 0.0794859560539949
3 700 8.2116057846068e-09 1.62039615561252e-08 1.98924143380544e-08
3.25 700 2.18255594118829e-08 4.3018429297485e-08 5.24365722205361e-08
3.5 700 5.78500149760175e-08 1.13564345843553e-07 1.38242515282115e-07
3.75 700 1.51338378353136e-07 2.97654105533738e-07 3.57826843258797e-07
4 700 3.72633347511267e-07 7.31800919291237e-07 8.75983668679531e-07
4.25 700 8.60983636101917e-07 1.69391766626286e-06 2.00928345790788e-06
4.5 700 1.92366423873549e-06 3.75326135826378e-06 4.40799876945957e-06
4.75 700 4.23212593301982e-06 8.21456689866904e-06 9.60049518685511e-06
5 700 9.29602184789559e-06 1.79596385781884e-05 2.09159687837354e-05
5.25 700 2.06647089177527e-05 3.94138140356209e-05 4.57932000847643e-05
5.5 700 4.62759033868806e-05 9.13014317192149e-05 0.000101872598175751
5.75 700 0.000105570682557164 0.000203949278349386 0.000230197382730333
6 700 0.000242377358433917 0.000476130718722984 0.000524942509320958
6.25 700 0.000549760986141497 0.00109323587737535 0.00119574363256065
6.5 700 0.00119325074148269 0.00229702162488063 0.00268830752733756
6.75 700 0.00243963512302582 0.00469945278855639 0.00574793457541017
7 700 0.00452544940734255 0.00876701231290258 0.0112685591622201
7.25 700 0.007213452295905 0.0147645255196003 0.0199087677123502
7.5 700 0.0104338613406884 0.0229266795191704 0.0321851620803566
7.75 700 0.0144110235091729 0.0333757999797419 0.0483007974459055
3 1000 3.75616989622136e-09 7.48250554724853e-09 9.11580094084662e-09
3.25 1000 1.00050592417481e-08 1.99139097741786e-08 2.4167341803683e-08
3.5 1000 2.65345953163918e-08 5.27568446989783e-08 6.40708899677955e-08
3.75 1000 6.98301971038073e-08 1.38672308746502e-07 1.671261532931e-07
4 1000 1.73625209965e-07 3.44341973518175e-07 4.11818466380923e-07
4.25 1000 4.05048855765646e-07 8.00694269614641e-07 9.54272830276106e-07
4.5 1000 9.12473817220862e-07 1.80109905895267e-06 2.13264988361087e-06
4.75 1000 2.03191794858019e-06 3.98860541627136e-06 4.68958496510761e-06
5 1000 4.51684245864469e-06 8.82536456910643e-06 1.03604676218132e-05
5.25 1000 1.01252008902476e-05 1.95486307574026e-05 2.30025587988656e-05
5.5 1000 2.30308130909906e-05 4.36608264565015e-05 5.18590838621415e-05
5.75 1000 5.30327846305711e-05 0.000103795766254493 0.000118572263064576
6 1000 0.000122701186830916 0.000233825477078654 0.000273036227014254
6.25 1000 0.00027988727095973 0.000546318016240388 0.000620331080845941
6.5 1000 0.000613912527617339 0.00122095220081535 0.00137491137296988
6.75 1000 0.00125788692381509 0.00238132608954169 0.00295499483822496
7 1000 0.0023350559359195 0.00446134264547181 0.00581868748638539
7.25 1000 0.00377520370804103 0.0075446755799197 0.0103221055831496
7.5 1000 0.00548705641464994 0.0117667330576163 0.0167550969706176
7.75 1000 0.00762046531098843 0.017211327431409 0.0252536275529675
