Var1 Var2 Var3 Var4 Var5
3 0 4.94793e-05 5.67436e-05 6.7911e-05
3.25 0 0.000103271 0.000119472 0.000138791
3.5 0 0.00021387 0.000251111 0.000284309
3.75 0 0.000442992 0.000527339 0.000584363
4 0 0.000912846 0.00110132 0.00119932
4.25 0 0.00186179 0.00227667 0.00247097
4.5 0 0.0037274 0.00461852 0.00503602
4.75 0 0.00738555 0.00926859 0.0101538
5 0 0.0144519 0.0184637 0.0203204
5.25 0 0.0309311 0.040997 0.0454316
5.5 0 0.0588374 0.083057 0.0930578
5.75 0 0.0930108 0.144348 0.165387
6 0 0.122681 0.213729 0.254213
6.25 0 0.144119 0.281889 0.35164
6.5 0 0.165627 0.357836 0.468515
6.75 0 0.193363 0.451411 0.616282
7 0 0.22791 0.563601 0.795028
7.25 0 0.260638 0.672559 0.972187
7.5 0 0.28141 0.749902 1.10392
7.75 0 0.291722 0.797191 1.19004
3 2 4.85545e-05 5.5666e-05 6.66206e-05
3.25 2 0.000101434 0.00011728 0.000136245
3.5 2 0.000210237 0.000246684 0.000279294
3.75 2 0.000434877 0.0005173 0.000573225
4 2 0.000895032 0.00107891 0.00117489
4.25 2 0.00182635 0.00223124 0.00242119
4.5 2 0.00365907 0.00452954 0.00493789
4.75 2 0.00725902 0.00910218 0.00996867
5 2 0.0142091 0.0181429 0.0199621
5.25 2 0.0303952 0.0402709 0.044615
5.5 2 0.0578793 0.0817014 0.0915245
5.75 2 0.0928639 0.144155 0.165175
6 2 0.125883 0.219378 0.260973
6.25 2 0.151789 0.296961 0.370499
6.5 2 0.176492 0.381359 0.499373
6.75 2 0.204676 0.477855 0.652432
7 2 0.236002 0.583618 0.823308
7.25 2 0.263529 0.680024 0.983
7.5 2 0.280811 0.748293 1.10158
7.75 2 0.290174 0.792936 1.18372
3 5 4.44626e-05 5.09042e-05 6.09211000000001e-05
3.25 5 9.30133999999999e-05 0.000107274 0.000124622
3.5 5 0.000192852 0.00022562 0.000255449
3.75 5 0.000398036 0.000471864 0.000522879
4 5 0.000818142 0.000982426999999999 0.00106976
4.25 5 0.00167955 0.00204316 0.00221529
4.5 5 0.00339074 0.00417923 0.00455095
4.75 5 0.00672604 0.00840224 0.00919102
5 5 0.0131244 0.0167135 0.0183682
5.25 5 0.0274676 0.0363297 0.0402036
5.5 5 0.0519709 0.073354 0.0821314
5.75 5 0.085411 0.132742 0.152143
6 5 0.121154 0.211444 0.251731
6.25 5 0.151375 0.296478 0.370178
6.5 5 0.178528 0.38601 0.505752
6.75 5 0.205729 0.480459 0.656243
7 5 0.232365 0.574681 0.81091
7.25 5 0.255231 0.658594 0.952188
7.5 5 0.271305 0.722912 1.06433
7.75 5 0.281778 0.769921 1.14945
3 10 3.47232e-05 3.96363e-05 4.74458e-05
3.25 10 7.26005e-05 8.32275e-05 9.67154e-05
3.5 10 0.000150105 0.000174401 0.000197508
3.75 10 0.000309461 0.000363977 0.000403402
4 10 0.000635957 0.000756884 0.000824248
4.25 10 0.00132141 0.00159183 0.00172333
4.5 10 0.00270263 0.00329786 0.00358356
4.75 10 0.00533936 0.00661177 0.00721433
5 10 0.0103387 0.013086 0.0143474
5.25 10 0.0207993 0.0274203 0.0302816
5.5 10 0.0382633 0.0540309 0.0604619
5.75 10 0.0627841 0.0978773 0.112313
6 10 0.0919493 0.161065 0.192152
6.25 10 0.121494 0.238644 0.298604
6.5 10 0.149936 0.324773 0.426234
6.75 10 0.176294 0.41209 0.563533
7 10 0.20159 0.49871 0.704281
7.25 10 0.225337 0.581417 0.841055
7.5 10 0.244315 0.650838 0.958568
7.75 10 0.258273 0.705483 1.05352
3 20 2.04009e-05 2.31982e-05 2.78165e-05
3.25 20 4.26432e-05 4.83611e-05 5.6302e-05
3.5 20 8.76214e-05 0.000100597 0.000114136
3.75 20 0.000181083 0.000210207 0.000233363
4 20 0.00037354 0.000438205 0.000477877
4.25 20 0.000768525 0.000911527 0.000986409
4.5 20 0.00156282 0.00187715 0.00203656
4.75 20 0.0031064 0.00379324 0.00412911
5 20 0.0060251 0.00755318 0.00826125
5.25 20 0.0116319 0.015273 0.0168418
5.5 20 0.0209126 0.029589 0.0331403
5.75 20 0.0340953 0.0534602 0.0615497
6 20 0.0507592 0.0895079 0.107285
6.25 20 0.0702456 0.138761 0.17445
6.5 20 0.0915081 0.198982 0.262219
6.75 20 0.114192 0.267475 0.366956
7 20 0.138373 0.342534 0.484885
7.25 20 0.162829 0.41999 0.608583201206211
7.5 20 0.185166 0.492841 0.72656999886006
7.75 20 0.204307 0.557473 0.832959745524849
3 30 1.32019e-05 1.49861e-05 1.80189e-05
3.25 30 2.77974e-05 3.13558e-05 3.6611e-05
3.5 30 5.75146e-05 6.54538e-05 7.44781000000001e-05
3.75 30 0.000118085 0.000135812 0.00015119
4 30 0.000242242 0.000281428 0.000307675
4.25 30 0.000496551 0.000583026 0.000631994
4.5 30 0.00100928 0.00120014 0.00130314
4.75 30 0.00201664 0.00244075 0.0026574
5 30 0.0039231 0.00488758 0.00534594
5.25 30 0.00748717 0.00980569 0.010819
5.5 30 0.0133879 0.0189635 0.0212787
5.75 30 0.0217534 0.0342251 0.0395301
6 30 0.032608 0.0577381 0.0694677397610678
6.25 30 0.0460287 0.0912619 0.115171534534377
6.5 30 0.061481 0.134048 0.177212238264299
6.75 30 0.0789083 0.185141 0.254717372273776
7 30 0.0985201 0.24395 0.346070761043508
7.25 30 0.119492 0.307945 0.446911886551862
7.5 30 0.140613 0.3738 0.550379550946884
7.75 30 0.161235 0.439285 0.656849049101082
3 40 9.71852000000001e-06 1.10292e-05 1.32058e-05
3.25 40 2.02548e-05 2.28592e-05 2.67806e-05
3.5 40 4.18553e-05 4.72891e-05 5.39915e-05
3.75 40 8.60009e-05 9.81800000000001e-05 0.000109651
4 40 0.000176697 0.00020373 0.000223407
4.25 40 0.000360396 0.000419927 0.000456332
4.5 40 0.000730507 0.000862186 0.000937838
4.75 40 0.00145765 0.00175258 0.00191046
5 40 0.00282953 0.00350839 0.00384054764535575
5.25 40 0.00536981 0.00701654 0.00774782476355301
5.5 40 0.00957209000000001 0.0135595 0.0152346694189627
5.75 40 0.0156773 0.0247061 0.0285753982773867
6 40 0.0237861 0.0422121 0.050916156033678
6.25 40 0.0337682 0.0670955 0.0849033463055885
6.5 40 0.0454878 0.0993313 0.131688901965515
6.75 40 0.0591405 0.138829 0.191439019282644
7 40 0.0747791 0.185139 0.263141505436556
7.25 40 0.0921154 0.237236 0.344790910453798
7.5 40 0.110666 0.293812 0.434146293772567
7.75 40 0.130215 0.354332 0.530336389238072
3 50 7.50709e-06 8.50901761950161e-06 1.00149e-05
3.25 50 1.56295581854739e-05 1.76633220519469e-05 2.03119e-05
3.5 50 3.22590248853575e-05 3.6264020142464e-05 4.10227e-05
3.75 50 6.63145376566151e-05 7.54743102031697e-05 8.33372e-05
4 50 0.000136471703281223 0.000155828400023027 0.000171410492264886
4.25 50 0.000279015259775783 0.000321071598176015 0.000350950725388978
4.5 50 0.000565744378418168 0.000664789681457866 0.0007139117915397
4.75 50 0.00113164764337814 0.00135455840304321 0.0014574452156525
5 50 0.00220341198002137 0.00271489069824398 0.00293846579973008
5.25 50 0.00416301234014811 0.00541926372382295 0.00593979885586507
5.5 50 0.00741687863510639 0.0104861070425018 0.0117186075518296
5.75 50 0.0122450157856217 0.0192838149853073 0.0221997884799755
6 50 0.0187795083648564 0.0333251620601592 0.0399117832470231
6.25 50 0.0268611752737279 0.0533652380611764 0.066965638383085
6.5 50 0.0366333790016927 0.079981388450032 0.105167138166599
6.75 50 0.0484579432798302 0.113706882821185 0.155497017844507
7 50 0.0626962078590559 0.155131525620402 0.218598139499182
7.25 50 0.0796860514701474 0.205090969539763 0.29539895734952
7.5 50 0.0995323382138658 0.26408617405782 0.386549288122915
7.75 50 0.122530472818815 0.333224216993338 0.493784364518555
3 70 5.08974630127475e-06 7.23753705576177e-06 8.69952962558321e-06
3.25 70 1.06616144469199e-05 1.51656194375814e-05 1.76780644541996e-05
3.5 70 2.20375e-05 3.1577520263502e-05 3.58652824348824e-05
3.75 70 4.53697e-05 6.44183859230093e-05 7.29115617427223e-05
4 70 9.45171000000001e-05 0.000134603808607508 0.000148773149065249
4.25 70 0.000197797 0.000280541865985296 0.000307579076686503
4.5 70 0.000414122 0.00058670897572188 0.000642311879466007
4.75 70 0.000856187 0.00121199130330376 0.00132701291829719
5 70 0.00174352 0.00246570153959598 0.00270671729170653
5.25 70 0.00353648 0.00498560421357574 0.00550798376762878
5.5 70 0.00693403592893831 0.00976156979949099 0.0110073964659226
5.75 70 0.0116368471075989 0.0180360439579306 0.0209631194796737
6 70 0.017877933527119 0.0312677915783523 0.0379049938690581
6.25 70 0.0258183075189053 0.0505990716822218 0.0643745066619305
6.5 70 0.0354975637358943 0.076464255696506 0.101929292782609
6.75 70 0.0470882969097822 0.109011479144374 0.151116331759787
7 70 0.0610647973598813 0.149093964149172 0.212891407257658
7.25 70 0.0781012461348727 0.199405 0.289439894194663
7.5 70 0.0983394721586905 0.259658 0.381753125631742
7.75 70 0.122249053604929 0.329871 0.492425887589853
3 100 3.53360870554715e-06 6.60746038244749e-06 7.80648616163367e-06
3.25 100 7.24765251000921e-06 1.35906951119983e-05 1.57975940153261e-05
3.5 100 1.48366963035318e-05 2.79942153852606e-05 3.20175279312633e-05
3.75 100 3.04141047567732e-05 5.7818987153483e-05 6.50892472824633e-05
4 100 6.23981353246424e-05 0.000119433676206952 0.000132955155122364
4.25 100 0.000130718193054379 0.000251014544815301 0.000276250509978092
4.5 100 0.0002747310263121 0.000530397407255091 0.000580804067414765
4.75 100 0.000573040352612284 0.00111120386576512 0.00121770890340165
5 100 0.00117349425792248 0.00229541322470115 0.00251552991634567
5.25 100 0.00239420490767869 0.00470698208058169 0.00519947197444541
5.5 100 0.00473267884597655 0.00933104582851 0.0105031152848183
5.75 100 0.00879576323335868 0.0173729047113239 0.0201781148509643
6 100 0.0153153870653161 0.030280120378463 0.0367100102883198
6.25 100 0.0249466786775714 0.0494695310023595 0.0629688558179027
6.5 100 0.034941168768616 0.0753387926215068 0.10049644274257
6.75 100 0.0466629880803357 0.108110448408767 0.149980786902723
7 100 0.0608640949972222 0.148629738027791 0.212449595827925
7.25 100 0.0781478550759734 0.198399514558095 0.28984912360262
7.5 100 0.0987799938639465 0.258401528133058 0.383621863256005
7.75 100 0.123021711876213 0.329736228845948 0.495592677014701
3 130 2.86323437752743e-06 5.39154015116595e-06 6.40480458337088e-06
3.25 130 5.82861754968554e-06 1.09328103256962e-05 1.29208048770623e-05
3.5 130 1.18996459775957e-05 2.24364314132693e-05 2.60305794882214e-05
3.75 130 2.42275766481283e-05 4.61960789157124e-05 5.27483292654749e-05
4 130 4.98442551535392e-05 9.57502615041034e-05 0.000107803403248135
4.25 130 0.000104815454397303 0.000201432616245756 0.000224949700522315
4.5 130 0.000222961704059179 0.000431421159675744 0.000475497863200614
4.75 130 0.000468668127381356 0.000914652671835418 0.00100385579043181
5 130 0.000984033286993289 0.00191921642312193 0.00210458372821672
5.25 130 0.00201733710864714 0.00398300756380266 0.00439208927665899
5.5 130 0.00403235594453567 0.00797875403507763 0.00896722583099388
5.75 130 0.007569898415878 0.0150721512812419 0.0174098416088503
6 130 0.0132975174214409 0.0264727302105761 0.0319554232337997
6.25 130 0.0218588131374791 0.0436012039870107 0.055297565013982
6.5 130 0.0308687850889106 0.0668571671289762 0.088883954423096
6.75 130 0.0415370026755899 0.0966368830784789 0.133622455308295
7 130 0.0545582981009248 0.133728775903817 0.190510607730481
7.25 130 0.0704117320826754 0.17933485489042 0.261083045658718
7.5 130 0.0895029319151067 0.234765258542266 0.34725585873707
7.75 130 0.112346203080632 0.301793962880883 0.451862723011038
3 200 1.87897126682365e-06 3.56613952004424e-06 4.2430531539991e-06
3.25 200 3.81868261538274e-06 7.27475309759193e-06 8.69130394984735e-06
3.5 200 7.75986891927761e-06 1.47813765652722e-05 1.72752434936905e-05
3.75 200 1.58483884770715e-05 3.04320386796871e-05 3.51008273959546e-05
4 200 3.26565755952108e-05 6.30896034276552e-05 7.22695504888235e-05
4.25 200 7.02373855298103e-05 0.000135372660800022 0.000154000954729738
4.5 200 0.000153431986303578 0.000298249484440003 0.000332221294457847
4.75 200 0.000332896465912315 0.000649467126669324 0.000721988504183598
5 200 0.000721361491983046 0.00141273062410594 0.00155003341117304
5.25 200 0.00153112400656754 0.00299111543379802 0.00330114578399711
5.5 200 0.00309950929439176 0.00611516612714363 0.00686349348409234
5.75 200 0.00600879466712179 0.0118571285669976 0.0137796912045358
6 200 0.0108422438648767 0.0213980258301916 0.0260124165633407
6.25 200 0.0178907339007332 0.0354918362574061 0.0453463776852174
6.5 200 0.0255719752355186 0.0547128754744301 0.0732738937406599
6.75 200 0.0346645124597651 0.0795699685222405 0.110796187610261
7 200 0.0458466492507557 0.11069018231548 0.158706904128067
7.25 200 0.059535352894316 0.149084752062761 0.218285415883288
7.5 200 0.0762587416086466 0.196325092843071 0.29181859075502
7.75 200 0.0971714735858476 0.255853852379725 0.384654029908163
3 300 1.04576364423909e-06 2.00829424196178e-06 2.45895279620551e-06
3.25 300 2.16004466648443e-06 4.12391783572494e-06 5.07042018454455e-06
3.5 300 4.4235309777221e-06 8.50670669776188e-06 1.02028827503215e-05
3.75 300 8.9940648469212e-06 1.73055103368149e-05 2.06058689012664e-05
4 300 1.86764156320164e-05 3.63071733922455e-05 4.26512657712018e-05
4.25 300 4.13550634436451e-05 7.96046870528636e-05 9.34605331327105e-05
4.5 300 9.40543658679684e-05 0.000182908861693773 0.00020963024537404
4.75 300 0.000216294114215154 0.000423540306869206 0.000478673428852793
5 300 0.000493337664352991 0.000959728702394886 0.00108079375560863
5.25 300 0.00109442857400036 0.00214364530919584 0.00239873280288292
5.5 300 0.00233200127469088 0.00449793598750877 0.00511904994864927
5.75 300 0.00461642040302039 0.00899601079298006 0.0105515110031519
6 300 0.00853310827022241 0.0166334476440551 0.0204169872188982
6.25 300 0.0143979632146504 0.0282774109799899 0.0364844813535099
6.5 300 0.0212570526229146 0.044471245261991 0.0601343941990011
6.75 300 0.0290455475681075 0.0653477151014757 0.0918406020995539
7 300 0.03879199533243 0.0916698065488738 0.132590213084712
7.25 300 0.0509857631589998 0.124762626758412 0.184157477222792
7.5 300 0.0660649380557038 0.165929015593699 0.248459125922864
7.75 300 0.0851081241526787 0.218308164608779 0.330376698451233
3 500 1.09495201394439e-07 2.15032576502141e-07 2.71713385541804e-07
3.25 500 2.9424104795561e-07 5.77044464560117e-07 7.22312221489818e-07
3.5 500 7.86301245221003e-07 1.53873578416308e-06 1.92624354441425e-06
3.75 500 2.09714459820222e-06 4.09952331619873e-06 5.04255225548461e-06
4 500 5.37430753606825e-06 1.05182530011807e-05 1.29039268556354e-05
4.25 500 1.30217281812587e-05 2.53273093731045e-05 3.08317186038353e-05
4.5 500 2.98253548495829e-05 5.72289621482155e-05 6.95584150083192e-05
4.75 500 6.62581827195139e-05 0.000124785548006931 0.000153401785053124
5 500 0.0001442100351029 0.000281909027115027 0.000332425476475738
5.25 500 0.000303779878984518 0.000587843163843438 0.000702584597795535
5.5 500 0.000625778624007235 0.00124290290372826 0.00144320923116984
5.75 500 0.00123535445950944 0.00234542599574721 0.0028450648701707
6 500 0.00228325933655157 0.0043436608724032 0.00544353928014803
6.25 500 0.00388952133799056 0.00749306393091106 0.00987168241758856
6.5 500 0.00588529061385213 0.0120407209425609 0.0166216056682719
6.75 500 0.00840041756223643 0.0182767317936707 0.0262120863208693
7 500 0.0115876625713313 0.0267204098664159 0.0390126122882085
7.25 500 0.0156351773506101 0.0376395530612802 0.0554965201450165
7.5 500 0.0207905175088221 0.0516192466239758 0.0766303946298178
7.75 500 0.0271512226625009 0.0690418524711547 0.103006354313957
3 700 5.1593757300669e-08 1.03180975144921e-07 1.34006181825965e-07
3.25 700 1.38995430131181e-07 2.77754085438994e-07 3.58589445889846e-07
3.5 700 3.72617452385353e-07 7.4368249409072e-07 9.62236816088834e-07
3.75 700 9.95684040194634e-07 1.98433401578342e-06 2.54136771325895e-06
4 700 2.58273056223396e-06 5.14774180555671e-06 6.53053102539953e-06
4.25 700 6.26186259027553e-06 1.24833633097562e-05 1.57412469523518e-05
4.5 700 1.44506034464458e-05 2.84111939108021e-05 3.6136781940469e-05
4.75 700 3.24669290138968e-05 6.23600867094125e-05 7.99032550611324e-05
5 700 7.15625979824029e-05 0.000133204622108959 0.000174482646507673
5.25 700 0.000152186605564418 0.000304232942609795 0.000371114056782464
5.5 700 0.000315127419391995 0.000602886773874664 0.000766209596833724
5.75 700 0.000622064667887287 0.00123062187585114 0.00150765325157749
6 700 0.00115740224749374 0.002159867776696 0.00280817714381172
6.25 700 0.00200193621118036 0.00374562853863896 0.00503357960882843
6.5 700 0.00303633182869665 0.00618314518161765 0.00850508373439581
6.75 700 0.00432694029951296 0.00960127848481472 0.0134601565239223
7 700 0.00603273169561385 0.0141431213545545 0.0201088137738915
7.25 700 0.00818543382274991 0.0200050318798595 0.0287261012720612
7.5 700 0.0109543343876317 0.0273709795044193 0.0398554680918487
7.75 700 0.0144104976270662 0.0365530669659159 0.053866777573769
3 1000 2.03372061466904e-08 4.067307275609e-08 5.5375850711944e-08
3.25 1000 5.48268567451509e-08 1.09646994713112e-07 1.48900011631802e-07
3.5 1000 1.47104017389856e-07 2.9418047861248e-07 3.98118608342983e-07
3.75 1000 3.93600852504211e-07 7.87078366802551e-07 1.06805305296626e-06
4 1000 1.02577022246914e-06 2.05087759677024e-06 2.75595665610569e-06
4.25 1000 2.49828207747012e-06 4.99621482891033e-06 6.68106982961629e-06
4.5 1000 5.73147876155015e-06 1.14295134472959e-05 1.54516618557431e-05
4.75 1000 1.27555769460169e-05 2.52165546705274e-05 3.44872211577988e-05
5 1000 2.83613335742478e-05 5.39710245731877e-05 7.58171400352191e-05
5.25 1000 6.12116544415361e-05 0.000112213702740558 0.000162213366035487
5.5 1000 0.000127793595271537 0.000253100049800664 0.000336598388087942
5.75 1000 0.000252751916065354 0.000475963265748895 0.000665170818030211
6 1000 0.000450039427750652 0.000924973843714976 0.00123704070074198
6.25 1000 0.000774956624308764 0.00164451079312132 0.00214326477969414
6.5 1000 0.00125669280520934 0.00266339867097315 0.00353173153424225
6.75 1000 0.00181781858171718 0.00409247248031013 0.00559814232695864
7 1000 0.00253422917933487 0.00574588265719491 0.00840176911594746
7.25 1000 0.00348836445473426 0.00815186851708295 0.0120626994457054
7.5 1000 0.00470284834769046 0.0112793588824653 0.0168292137891741
7.75 1000 0.00622561999096386 0.0152482169097817 0.0228873640610186
