Var1 Var2 Var3 Var4 Var5
3 9.3 2.6562e-06 3.1889e-06 3.97597e-06
3.25 9.3 5.39247e-06 6.64225e-06 8.00022e-06
3.5 9.3 1.09015e-05 1.37661e-05 1.60749e-05
3.75 9.3 2.21347e-05 2.8625e-05 3.2533e-05
4 9.3 4.46113e-05 5.90228e-05 6.58557e-05
4.25 9.3 8.85317000000001e-05 0.000119733 0.000134706
4.5 9.3 0.000171913 0.000237634 0.000269495
4.75 9.3 0.000336952 0.000476517 0.000544701
5 9.1 0.000657278 0.000954041 0.00110004
5.25 7.2 0.00146372 0.00220698 0.0025777
5.5 5.6 0.0029246 0.00454995 0.00538867999999999
5.75 4.2 0.00510552 0.00801951 0.00960192
6 2.9 0.00795921 0.0122572 0.0147092
6.25 1.9 0.0116734 0.0174025 0.0206915
6.5 1.1 0.016822 0.0248849 0.0291575
6.75 0.6 0.0236033 0.0364943 0.0425607
7 0.2 0.0321471 0.0544285 0.0645662
7.25 0 0.0409909 0.0775042 0.0953351
7.5 0 0.0478469 0.100414 0.129204
7.75 0 0.0525595 0.120143 0.161405
3 9.5 2.59764e-06 3.11812e-06 3.88798e-06
3.25 9.5 5.27641e-06 6.49763999999999e-06 7.82680999999999e-06
3.5 9.5 1.06715e-05 1.34715e-05 1.5732e-05
3.75 9.5 2.16434e-05 2.79781e-05 3.17993e-05
4 9.5 4.35749e-05 5.76189e-05 6.42890999999999e-05
4.25 9.5 8.64855e-05 0.000116884 0.00013149
4.5 9.5 0.000168012 0.000232046 0.000263117
4.75 9.5 0.000329803 0.000465916 0.000532465
5 9.3 0.000643911 0.000933406 0.00107588
5.25 7.5 0.00144111 0.00216874 0.00253169
5.5 5.9 0.00288552 0.00447873 0.00530016
5.75 4.6 0.00513446 0.00804546 0.00961231342479673
6 3.6 0.00825207 0.0126831 0.0152075
6.25 2.8 0.0123331 0.0183635 0.0218202
6.5 2.3 0.0178017 0.0263203 0.0308283
6.75 2.1 0.0247572 0.0382742 0.0446295
7 2 0.0331407 0.0561134 0.066564
7.25 2 0.0412354 0.077971 0.0959108
7.5 2 0.047572 0.0998416 0.12847
7.75 2 0.0521437 0.119196 0.160135
3 10.5 2.32419e-06 2.78768e-06 3.47744e-06
3.25 10.5 4.72449e-06 5.81148e-06 7.00292e-06
3.5 10.5 9.56105e-06 1.20506e-05 1.40781e-05
3.75 10.5 1.93459e-05 2.49569e-05 2.83747e-05
4 10.5 3.88872e-05 5.12867e-05 5.72206e-05
4.25 10.5 7.77174e-05 0.000104666 0.000117727
4.5 10.5 0.000152449 0.000209687 0.000237589
4.75 10.5 0.000300473 0.000422311 0.000482073
5 10.3 0.000587533 0.000846254 0.000973808
5.25 8.8 0.00128087 0.00191044 0.00222424
5.5 7.5 0.00255992 0.00392998 0.00463397
5.75 6.5 0.00474921 0.00735837 0.00876576
6 5.8 0.00804343 0.0122478 0.0146277
6.25 5.4 0.0122447 0.0181264 0.0214727
6.5 5.1 0.0177655 0.0262023 0.0306345
6.75 5 0.0246709 0.0381222 0.0444199
7 5 0.032475 0.0550004 0.0652302
7.25 5 0.0397778 0.0752422 0.0925578
7.5 5 0.0458448 0.096242 0.123848
7.75 5 0.0504687 0.115386 0.155025
3 13.6 1.67486e-06 2.00478e-06 2.50431e-06
3.25 13.6 3.40457e-06 4.17467e-06 5.03761e-06
3.5 13.6 6.88937000000001e-06 8.64561e-06 1.01129e-05
3.75 13.6 1.39223e-05 1.78581e-05 2.03259e-05
4 13.6 2.79916e-05 3.6648e-05 4.08857e-05
4.25 13.6 5.70539999999999e-05 7.61521000000001e-05 8.55498e-05
4.5 13.6 0.000114426 0.000155579 0.000175922
4.75 13.6 0.000227198 0.000314745 0.000358139
5 13.5 0.000446462 0.000631574 0.000723412
5.25 12.3 0.00095202 0.00138598 0.00160228
5.5 11.4 0.00189296 0.00282383 0.00329811
5.75 10.8 0.0034621 0.00521023 0.00613926
6 10.4 0.00598201 0.00889135 0.0105072
6.25 10.2 0.00975787 0.0142234 0.0167088
6.5 10.1 0.0149589 0.0219133 0.0254898
6.75 10 0.0212662 0.0328188 0.0381604
7 10 0.0281059 0.0476422 0.0564914
7.25 10 0.0350259 0.0663324 0.0816101
7.5 10 0.0411018 0.0863606 0.111164
7.75 10 0.0460267261245049 0.105285 0.14148
3 22.1 8.08535999999999e-07 9.65275000000001e-07 1.21145e-06
3.25 22.1 1.64808e-06 2.00657e-06 2.43222e-06
3.5 22.1 3.33926e-06 4.14895e-06 4.87314e-06
3.75 22.1 6.79912e-06 8.60651e-06 9.83219e-06
4 22.1 1.38225e-05 1.77918e-05 1.98586e-05
4.25 22.1 2.836e-05 3.70494e-05 4.15462e-05
4.5 22.1 5.75651e-05 7.62006e-05 8.57951e-05
4.75 22.1 0.000116576 0.000156238 0.000176529
5 22 0.000233189 0.000316689 0.000359048
5.25 21.3 0.000483019 0.000667668 0.000760459
5.5 20.8 0.000957934 0.00134665 0.00154249
5.75 20.4 0.00183104 0.00259833 0.00299363
6 20.2 0.00335947 0.00475764 0.00549985
6.25 20.1 0.00579243 0.00818449 0.00944562
6.5 20 0.00943286 0.013629 0.0156797
6.75 20 0.0138936618153308 0.021395 0.0247636
7 20 0.0191261169355978 0.0325133 0.0385065
7.25 20 0.0250513494392046 0.0476142 0.0586138
7.5 20 0.0308824948557341 0.065065 0.0838463
7.75 20 0.0361999197581695 0.082939 0.111535
3 31.4 4.51542e-07 5.39456e-07 6.60745e-07
3.25 31.4 9.30546999999999e-07 1.12652e-06 1.35854e-06
3.5 31.4 1.8996e-06 2.34067e-06 2.76336e-06
3.75 31.4 3.88017e-06 4.85759e-06 5.57471e-06
4 31.4 7.93796e-06 1.00735e-05 1.12799e-05
4.25 31.4 1.63721e-05 2.10121e-05 2.35526e-05
4.5 31.4 3.35456e-05 4.3449e-05 4.879e-05
4.75 31.4 6.9533e-05 9.07671e-05 0.000102047
5 31.3 0.000142471 0.000187431 0.000210963
5.25 30.9 0.000297413 0.000395661 0.000445919
5.5 30.5 0.000600682 0.000809066 0.000914156
5.75 30.3 0.00116284 0.00158255 0.00179474
6 30.1 0.00216798 0.00296779 0.0033774
6.25 30.1 0.00383147035974892 0.00529836 0.00603748
6.5 30 0.00638142132606681 0.00913544 0.0104278
6.75 30 0.00966050508566367 0.0148697 0.0171382
7 30 0.0137558495865995 0.0234744 0.0277707
7.25 30 0.0184934364494932 0.0353062 0.0435075
7.5 30 0.0234778265636244 0.0496246 0.0640416
7.75 30 0.0285482480512564 0.065541 0.0882372
3 41.1 3.02111e-07 3.61245e-07 4.31963e-07
3.25 41.1 6.22921e-07 7.51167e-07 8.86596e-07
3.5 41.1 1.26898e-06 1.55445e-06 1.81384e-06
3.75 41.1 2.62131e-06 3.25546e-06 3.75438e-06
4 41.1 5.43778e-06 6.83108e-06 7.68166e-06
4.25 41.1 1.12793e-05 1.42959e-05 1.60413e-05
4.5 41.1 2.33083e-05 2.97367e-05 3.33689e-05
4.75 41.1 4.87318e-05 6.24847e-05 7.00759000000001e-05
5 41 0.000100761 0.00012984 0.000145492
5.25 40.6 0.000211512242395876 0.000274522 0.000307486
5.5 40.4 0.000431541166716834 0.000565475 0.000633798
5.75 40.2 0.000847456411732937 0.00112236 0.00125998
6 40.1 0.00160090454735907 0.00214294 0.00241177
6.25 40 0.00283866449707985 0.00387071 0.00436613
6.5 40 0.00474605310381694 0.0067585 0.00765536
6.75 40 0.00733858463858491 0.0113048 0.0129814
7 40 0.0106527145107761 0.0182385 0.0215628
7.25 40 0.0144425163227025 0.0276739 0.0341456
7.5 40 0.0186132119013414 0.0394563 0.0509864
7.75 40 0.023173601180011 0.053286 0.0717972
3 50.9 2.26759e-07 2.68657e-07 3.21527077090436e-07
3.25 50.9 4.66781120563581e-07 5.55619e-07 6.53418126300285e-07
3.5 50.9 9.49680849041336e-07 1.1437e-06 1.33083144429782e-06
3.75 50.9 1.97967747419576e-06 2.40923e-06 2.78471460336632e-06
4 50.9 4.1298684853952e-06 5.09503e-06 5.78115481977657e-06
4.25 50.9 8.5857122800172e-06 1.06711e-05 1.20099099499856e-05
4.5 50.9 1.78096939706459e-05 2.22534e-05 2.4977495481943e-05
4.75 50.9 3.72191049779203e-05 4.70224e-05 5.25186396585923e-05
5 50.8 7.73500552251613e-05 9.83893e-05 0.000109328138302588
5.25 50.5 0.000162659851984841 0.000208107 0.00023135364446328
5.5 50.3 0.000334226064972385 0.000430743 0.000479187039720823
5.75 50.2 0.000661316076200104 0.000864025 0.000962539445061529
6 50.1 0.00126013 0.00166841 0.00186710216126723
6.25 50 0.0022426 0.00305131 0.00343018669340583
6.5 50 0.00376786 0.00538595 0.00614269602042873
6.75 50 0.0058862 0.00913331 0.0107201000887986
7 50 0.00860640999999999 0.0148177 0.0182794173472228
7.25 50 0.0117929 0.0226902 0.0298330701513219
7.5 50 0.0154369 0.0328371000000001 0.0462997180936298
7.75 50 0.019501 0.0449946000000001 0.0679495012155974
3 70.6 1.49718365807844e-07 2.02695e-07 2.79170410438824e-07
3.25 70.6 3.09782849827013e-07 4.20689e-07 5.71697137908257e-07
3.5 70.6 6.36389e-07 8.60484000000001e-07 1.15435439982969e-06
3.75 70.6 1.30661e-06 1.77685e-06 2.37338705872888e-06
4 70.6 2.71078e-06 3.7125e-06 4.94949486139727e-06
4.25 70.6 5.70512e-06 7.83657e-06 1.05324402728659e-05
4.5 70.6 1.20198e-05 1.6579e-05 2.25419372835803e-05
4.75 70.6 2.55032e-05 3.5302e-05 4.83205432709966e-05
5 70.6 5.35585e-05 7.43287000000001e-05 0.000102607190307815
5.25 70.4 0.000113111 0.000156921 0.00021867109960557
5.5 70.2 0.000233028 0.00032585 0.000456270830881707
5.75 70.1 0.000460532 0.000647974000000001 0.000917061731355759
6 70.1 0.000875859 0.00124543 0.00178223230480206
6.25 70 0.00157862 0.00225879 0.00332354666883877
6.5 70 0.00268293 0.00384609000000003 0.0060168423963866
6.75 70 0.00421961 0.00654901000000012 0.0105419995977215
7 70 0.00621483 0.0107179000000003 0.0180143840399119
7.25 70 0.00866861 0.0167149000000006 0.0296896497923175
7.5 70 0.0115635 0.024648900000001 0.0464738015285605
7.75 70 0.0148567 0.0343388000000017 0.0685358117359738
3 100.4 9.86984152321207e-08 1.67337190875191e-07 2.47830500730152e-07
3.25 100.4 2.04379658674298e-07 3.41073812978952e-07 5.05972555720419e-07
3.5 100.4 4.22835215884373e-07 7.08864000000002e-07 1.02886604038705e-06
3.75 100.4 8.91998589741108e-07 1.44357000000001e-06 2.11984171121741e-06
4 100.4 1.85056073499297e-06 2.98928000000003e-06 4.44357450757238e-06
4.25 100.4 4.04447314926399e-06 6.31796000000006e-06 9.54348249171512e-06
4.5 100.4 8.77108852470579e-06 1.34176000000002e-05 2.06796331858744e-05
4.75 100.4 1.89907581626897e-05 2.86117000000003e-05 4.51689510711799e-05
5 100.4 4.0631243357757e-05 6.04992000000008e-05 9.69711378341228e-05
5.25 100.3 8.69965613145118e-05 0.000128676000000002 0.00020892841673496
5.5 100.2 0.000181713237079709 0.000268545000000005 0.000440529219184804
5.75 100.1 0.00036417892053903 0.000540630000000009 0.000894071811497206
6 100 0.00070176777237528 0.00105274000000001 0.00175284727243883
6.25 100 0.00128006388900107 0.00196814000000002 0.00329837327216652
6.5 100 0.0021961086541616 0.00357063000000003 0.00602395272785113
6.75 100 0.00349857108689064 0.00611796933097389 0.0106755619161121
7 100 0.00521959255393072 0.00918609 0.0184074180958843
7.25 100 0.00734349564491982 0.0143599 0.0303583860582218
7.5 100 0.00992439267167018 0.0214549000000001 0.0475622700085445
7.75 100 0.0129667011211649 0.0303879000000003 0.0702273687981693
3 130.3 8.04982570677027e-08 1.37473724325778e-07 2.02862770401807e-07
3.25 130.3 1.66503929897871e-07 2.86442e-07 4.11668293334625e-07
3.5 130.3 3.43603446515797e-07 5.72796000000002e-07 8.33569798828938e-07
3.75 130.3 7.2417808988918e-07 1.17004000000001e-06 1.72438327759503e-06
4 130.3 1.54148488601974e-06 2.44296000000002e-06 3.6663307879789e-06
4.25 130.3 3.32365024517112e-06 5.21440000000006e-06 7.88549023584578e-06
4.5 130.3 7.34489555026481e-06 1.12131000000001e-05 1.71899537089817e-05
4.75 130.3 1.61878225608784e-05 2.41826000000003e-05 3.77270183598453e-05
5 130.3 3.50535217464663e-05 5.17209000000006e-05 8.2431714171949e-05
5.25 130.2 7.58671065425962e-05 0.000111096000000002 0.000178345893135852
5.5 130.1 0.000160092287674064 0.000233972000000004 0.000380092290347768
5.75 130.1 0.000324116103582484 0.000475441000000008 0.000779778514849565
6 130 0.000629304098364478 0.000933567000000015 0.00154365465159914
6.25 130 0.00115290876458452 0.00175901000000002 0.00293108202853764
6.5 130 0.00198232327467973 0.00321539000000001 0.00540366310146964
6.75 130 0.00317068159225439 0.00556161837410551 0.00967987411366767
7 130 0.00474461062115916 0.00838638 0.0168049003440046
7.25 130 0.00669085673378118 0.0131757 0.027820582275037
7.5 130 0.00907908036837194 0.0197591 0.0437648039990442
7.75 130 0.0119550355404859 0.0281837 0.0650770508112652
3 200.2 5.79170255023467e-08 1.0179e-07 1.45686949748875e-07
3.25 200.2 1.21004746651453e-07 2.05839000000001e-07 3.04559868393348e-07
3.5 200.2 2.47775178677635e-07 4.14459000000003e-07 6.11675064841946e-07
3.75 200.2 5.14129377672793e-07 8.41564000000008e-07 1.26776325691245e-06
4 200.2 1.12223139066803e-06 1.77020000000002e-06 2.71743517119507e-06
4.25 200.2 2.50510964986168e-06 3.85941000000003e-06 5.96476484239432e-06
4.5 200.2 5.68373062637454e-06 8.53429000000011e-06 1.32045975744742e-05
4.75 200.2 1.27759072601504e-05 1.89149000000002e-05 2.95696467937105e-05
5 200.2 2.86001083378554e-05 4.15585000000007e-05 6.55477785816175e-05
5.25 200.1 6.38362380873418e-05 9.05008000000017e-05 0.000144472879399389
5.5 200.1 0.000136834331057214 0.000192909000000002 0.000311577421422539
5.75 200 0.000282481809573389 0.000399622000000004 0.000650729181720465
6 200 0.000556167923681092 0.000800239000000008 0.001316891449119
6.25 200 0.00102038165875876 0.00152985000000001 0.00254126832436716
6.5 200 0.00174621017828394 0.00283104000000001 0.00474166453421711
6.75 200 0.00277739648565291 0.00489503787136324 0.00856196973969672
7 200 0.00413569690129881 0.00739765 0.0149040147701483
7.25 200 0.00583996575270828 0.0117481 0.0247582993367302
7.5 200 0.00794448336912639 0.0176256 0.0389864136346621
7.75 200 0.0106001088005964 0.0253927 0.0585420427748938
3 300.1 3.6171089671028e-08 6.14058000000004e-08 9.22391716282792e-08
3.25 300.1 7.49244145252729e-08 1.25074000000001e-07 1.93557594306962e-07
3.5 300.1 1.55611892121005e-07 2.53745000000003e-07 3.89453238791322e-07
3.75 300.1 3.25488813921243e-07 5.17598000000008e-07 8.05340465599881e-07
4 300.1 7.05370665931231e-07 1.11489000000001e-06 1.75737971211582e-06
4.25 300.1 1.62867773493783e-06 2.52544000000004e-06 3.93265751021396e-06
4.5 300.1 3.87117348783678e-06 5.85626000000009e-06 9.18141553854281e-06
4.75 300.1 9.15726664915991e-06 1.35688000000003e-05 2.14060086529038e-05
5 300.1 2.16004417529879e-05 3.11184000000007e-05 4.96048686598033e-05
5.25 300.1 4.95625716858127e-05 7.06056000000013e-05 0.000112928852135657
5.5 300.1 0.000110542715330454 0.000156007000000003 0.000250812473996493
5.75 300 0.000240130187249134 0.000333009000000006 0.000540833209595711
6 300 0.000482408160244936 0.000683449000000007 0.00111805053229551
6.25 300 0.000905225837515249 0.00134733000000001 0.00222614991641773
6.5 300 0.00157389702048447 0.00255857000000001 0.00426210227544716
6.75 300 0.00250384501345109 0.00445277505216061 0.00776049916149967
7 300 0.00372120487117272 0.00676882328706963 0.0135488944292039
7.25 300 0.00529371506882204 0.0108447 0.0227165326586171
7.5 300 0.00725613781699065 0.0163805 0.0360310037144729
7.75 300 0.00972709991588426 0.0236675 0.0542574570215694
3 500.1 8.52528708812911e-09 1.35124000000002e-08 2.16879366670947e-08
3.25 500.1 2.24040927656083e-08 3.52280000000005e-08 5.74799160350717e-08
3.5 500.1 5.84140478668025e-08 9.0999400000002e-08 1.47146409426964e-07
3.75 500.1 1.49575516367732e-07 2.30595000000004e-07 3.73829646892275e-07
4 500.1 3.57967111459757e-07 5.4566900000001e-07 8.89939686351521e-07
4.25 500.1 8.04019747873506e-07 1.21133000000003e-06 1.95686281935771e-06
4.5 500.1 1.73503377025656e-06 2.59381000000006e-06 4.19906507333109e-06
4.75 500.1 3.73513312656778e-06 5.49634000000011e-06 8.91245681702536e-06
5 500.1 7.97352475237506e-06 1.16508000000003e-05 1.89137267934011e-05
5.25 500.1 1.71949904913213e-05 2.47486000000005e-05 4.01973355625914e-05
5.5 500 3.78631056892656e-05 5.35192000000012e-05 8.69020287074618e-05
5.75 500 8.46010921819082e-05 0.000118635000000002 0.000192532182468474
6 500 0.000191937617236602 0.000269890000000005 0.000438078460274082
6.25 500 0.000419974979923922 0.000625812000000005 0.00102258905268021
6.5 500 0.000883830484129231 0.00145163 0.00239115401723671
6.75 500 0.00176022994795755 0.00317551116039143 0.00548800412228159
7 500 0.00321804359746592 0.00599129 0.0118341639974713
7.25 500 0.00533817149971533 0.0111701360767108 0.0231751083118867
7.5 500 0.00819829219127331 0.0189797 0.041184975362664
7.75 500 0.0118223377566393 0.0294616 0.06664433834662
3 700.1 4.57094413180301e-09 6.94114000000013e-09 1.14970871967258e-08
3.25 700.1 1.20733347431296e-08 1.82588000000003e-08 3.01621103802346e-08
3.5 700.1 3.16880575124541e-08 4.76810000000009e-08 7.92834286780369e-08
3.75 700.1 8.18160912272914e-08 1.22374000000003e-07 2.02839225980482e-07
4 700.1 1.97765529755604e-07 2.93782000000006e-07 4.88334671737837e-07
4.25 700.1 4.49326668935364e-07 6.62507000000015e-07 1.10425212708638e-06
4.5 700.1 9.86165392744684e-07 1.44241000000004e-06 2.38055424642007e-06
4.75 700.1 2.14286198383141e-06 3.10906000000008e-06 5.12965294098472e-06
5 700.1 4.65550001060926e-06 6.70349000000015e-06 1.10534656163605e-05
5.25 700 1.01013310263206e-05 1.44778000000003e-05 2.38483506880297e-05
5.5 700 2.223893301648e-05 3.18130000000007e-05 5.23128656361499e-05
5.75 700 5.05575949304646e-05 7.15953000000016e-05 0.000117364700989982
6 700 0.00011701960083665 0.000165189000000002 0.00026911786941809
6.25 700 0.000257673592289174 0.000387809000000005 0.000628436107664525
6.5 700 0.000544729920408785 0.000908612000000001 0.00148041646781323
6.75 700 0.0010887313323643 0.00197955333373465 0.00342141982480721
7 700 0.00199671132859339 0.0038011193415306 0.00741457679341096
7.25 700 0.00332265602088346 0.00711726053809268 0.0145744989021464
7.5 700 0.0051203217174093 0.0121352 0.0259827036250369
7.75 700 0.00741230653702642 0.0188926 0.0421728158339135
3 999.9 2.17738059840503e-09 3.19633000000006e-09 5.40646830002958e-09
3.25 999.9 5.76923957685714e-09 8.45364000000019e-09 1.42657616647892e-08
3.5 999.9 1.52082276000587e-08 2.22313000000004e-08 3.77048883936146e-08
3.75 999.9 3.94941596608851e-08 5.75538000000014e-08 9.71192347088969e-08
4 999.9 9.61715394246736e-08 1.39612000000004e-07 2.35541931776095e-07
4.25 999.9 2.20491749156083e-07 3.18643000000008e-07 5.38174043629328e-07
4.5 999.9 4.89093770607363e-07 7.03283000000018e-07 1.18026445626323e-06
4.75 999.9 1.07555184005035e-06 1.53857000000004e-06 2.57903622701742e-06
5 999.9 2.36686738802875e-06 3.36998000000007e-06 5.64045977981399e-06
5.25 999.9 5.20970965869819e-06 7.39730000000016e-06 1.23569056057835e-05
5.5 999.9 1.16151994545257e-05 1.65219000000004e-05 2.75217844605635e-05
5.75 999.9 2.61349461349164e-05 3.77766000000009e-05 6.2640054185119e-05
6 999.9 6.10862211698224e-05 8.84432000000015e-05 0.000145487826481093
6.25 999.9 0.000137932362744143 0.000210275000000002 0.000341058195347601
6.5 999.9 0.000292189625076812 0.000497616 0.000797796607598943
6.75 999.9 0.000584819612868659 0.00107393871409573 0.00185631598414207
7 999.9 0.00107498857856516 0.0021150268896896 0.00404381544485464
7.25 999.9 0.00179423424671013 0.00397497159468487 0.00798277261211473
7.5 999.9 0.00277566384277805 0.0067679868323449 0.0142864285290034
7.75 999.9 0.00404076286549827 0.0106279 0.0232780247166375
