Var1 Var2 Var3 Var4 Var5
3 9.3 0.000145611454278866 0.00016553 0.00019489
3.25 9.3 0.000305677 0.000346935 0.000398048
3.5 9.3 0.000631724 0.000726623 0.000815453
3.75 9.3 0.0012984 0.00151283 0.00166675
4 9.3 0.00265638 0.00313519 0.00340148
4.25 9.3 0.00536415 0.00641959 0.00690596
4.5 9.3 0.010614 0.0129424 0.0139881
4.75 9.3 0.020404 0.0257039 0.0279521
5 9.1 0.0379536 0.0506788 0.0557247
5.25 7.2 0.076502 0.111559 0.125199
5.5 5.6 0.134702 0.219636 0.254825
5.75 4.2 0.196534 0.361124 0.438212
6 2.9 0.241405 0.494972 0.63122
6.25 1.9 0.269129 0.60338 0.805844
6.5 1.1 0.29738 0.713352 0.989465
6.75 0.6 0.337898 0.851803 1.21603
7 0.2 0.390087 1.02021 1.48784
7.25 0 0.439673 1.18263 1.75264
7.5 0 0.470481 1.294 1.9419
7.75 0 0.4855 1.35989 2.06189
3 9.5 0.000143098375421154 0.000162652 0.000191499
3.25 9.5 0.000300696 0.000341147 0.000391405
3.5 9.5 0.000621902 0.000713030260220959 0.000802406
3.75 9.5 0.00127674 0.00148649 0.00163809
4 9.5 0.00260938 0.00307811 0.00333949
4.25 9.5 0.00526896 0.0063026 0.00677969
4.5 9.5 0.0104264 0.0127089 0.0137348
4.75 9.5 0.0200567 0.0252622 0.0274707
5 9.3 0.0373097 0.0498204 0.0547822
5.25 7.5 0.075106 0.109546 0.122954
5.5 5.9 0.132578 0.216246 0.250944
5.75 4.6 0.196575 0.361323 0.438565
6 3.6 0.248142 0.508911 0.649131
6.25 2.8 0.284548 0.638037 0.852263
6.5 2.3 0.318572 0.764224 1.06015
6.75 2.1 0.358396 0.903478 1.2899
7 2 0.404006 1.0566 1.54097
7.25 2 0.444432 1.19539 1.77162
7.5 2 0.469331 1.29076 1.93713
7.75 2 0.48257 1.35164 2.04942
3 10.5 0.000131915179000179 0.000149845 0.000176401
3.25 10.5 0.000277413 0.000314157 0.000360407
3.5 10.5 0.000573446 0.000657936 0.00073832
3.75 10.5 0.0011744 0.00136079806266849 0.00150324
4 10.5 0.00239568 0.00281927 0.00305843
4.25 10.5 0.00485267 0.00579158 0.00622834
4.5 10.5 0.00964519 0.0117373 0.0126808
4.75 10.5 0.0185233 0.0233135 0.0253473
5 10.3 0.0343304 0.0458484 0.0504211
5.25 8.8 0.0678075 0.0989966 0.111172
5.5 7.5 0.119333 0.194941 0.226438
5.75 6.5 0.181595 0.334306 0.40623
6 5.8 0.240325 0.493437 0.63002
6.25 5.4 0.285381 0.640302 0.855927
6.5 5.1 0.323294 0.775741 1.07667
6.75 5 0.360399 0.908535 1.29755
7 5 0.397636 1.03982 1.51684
7.25 5 0.43026 1.1571 1.71512
7.5 5 0.453244 1.24633 1.87064
7.75 5 0.468126 1.31099 1.98796
3 13.6 0.000104434172806529 0.000118443 0.000139433
3.25 13.6 0.000219013 0.000246905 0.000283278
3.5 13.6 0.000450265 0.000514015 0.000576872
3.75 13.6 0.000919875 0.00106295 0.00117113
4 13.6 0.00187261 0.00219115 0.00237719
4.25 13.6 0.00381706 0.0045314 0.00487181
4.5 13.6 0.00763945 0.00925956 0.00999979
4.75 13.6 0.0145812 0.0183186 0.0199147
5 13.5 0.0267976 0.035801 0.0393945
5.25 12.3 0.0507124 0.0742057 0.0834609
5.5 11.4 0.0867126 0.142133 0.165501
5.75 10.8 0.132557 0.244857 0.298366
6 10.4 0.18179 0.374226 0.47904
6.25 10.2 0.228608 0.513718 0.688121
6.5 10.1 0.270713 0.649974 0.90347
6.75 10 0.308084 0.776642 1.11035
7 10 0.344483 0.900601 1.31471
7.25 10 0.379341 1.01964 1.51214
7.5 10 0.407433 1.11975 1.6813
7.75 10 0.428102 1.19832 1.81766
3 22.1 6.23506e-05 6.98991e-05 8.23903e-05
3.25 22.1 0.000129038 0.000144309 0.00016583
3.5 22.1 0.000263132 0.000297521 0.000334451
3.75 22.1 0.00053742 0.000614712 0.000678345
4 22.1 0.0010941 0.00126693 0.00137658
4.25 22.1 0.00220157 0.0025885 0.00278603
4.5 22.1 0.00436337 0.00525009 0.00567409
4.75 22.1 0.00838801999999999 0.0104993 0.0114265
5 22 0.0154738 0.0206742 0.0227981
5.25 21.3 0.0281591 0.0413356 0.0466609
5.5 20.8 0.047202 0.077747 0.0909747
5.75 20.4 0.0714659 0.132671 0.162543
6 20.2 0.0994821 0.205615 0.26458
6.25 20.1 0.13072 0.294489 0.39628
6.5 20 0.163437 0.392759 0.548008
6.75 20 0.198235 0.49952 0.716244
7 20 0.235174 0.613959 0.898268
7.25 20 0.272463 0.731083 1.08604
7.5 20 0.306798 0.841632 1.26537
7.75 20 0.336601 0.940582 1.42777166376602
3 31.4 4.00477e-05 4.48521e-05 5.30032e-05
3.25 31.4 8.29612e-05 9.28178e-05 0.000106961
3.5 31.4 0.000170942 0.000191796 0.000216228
3.75 31.4 0.000346627 0.000393319 0.000435271
4 31.4 0.000700843 0.000805089 0.000877164
4.25 31.4 0.00140634 0.00164135 0.00177091
4.5 31.4 0.00278571 0.0033324 0.00360888
4.75 31.4 0.00536475 0.00669178 0.00729815
5 31.3 0.0098985 0.0132118 0.0146079
5.25 30.9 0.0177929 0.0261432 0.0296141
5.5 30.5 0.029695 0.0490091 0.0575875
5.75 30.3 0.0449831 0.0836938 0.103
6 30.1 0.0632699 0.131009 0.16932546709461
6.25 30.1 0.0848953 0.191444 0.258665047235751
6.5 30 0.108884 0.261664 0.366379935896939
6.75 30 0.13581 0.341885 0.491641209283255
7 30 0.165918 0.43239 0.634041869995453
7.25 30 0.19828 0.530841 0.789595151145115
7.5 30 0.231222 0.632783 0.951965646313724
7.75 30 0.263594 0.734857 1.11652576187637
3 41.1 2.90684e-05 3.25486e-05 3.82618e-05
3.25 41.1 5.96169e-05 6.67701e-05 7.7206e-05
3.5 41.1 0.000122686 0.000136762 0.000154729
3.75 41.1 0.000248344 0.00027994 0.000310878
4 41.1 0.000501324 0.000572149 0.000625453
4.25 41.1 0.00100219 0.00116263 0.00125818
4.5 41.1 0.00198083 0.00235798 0.00256032
4.75 41.1 0.00380863 0.00473533 0.0051766215123943
5 41 0.00701318 0.00934607 0.0103545744372208
5.25 40.6 0.0125415 0.0184226 0.0209207315282006
5.5 40.4 0.020893 0.0344985 0.0406487719573633
5.75 40.2 0.0320011 0.0595814 0.0734880030903102
6 40.1 0.045671 0.0946124 0.122632220273494
6.25 40 0.0616717 0.139074 0.188284069981504
6.5 40 0.0798014 0.19165 0.26900425486244
6.75 40 0.100694 0.253137 0.364790925890372
7 40 0.124536 0.323899 0.475786939375087
7.25 40 0.151247 0.403939 0.601883137958499
7.5 40 0.180159 0.491856 0.741193988916315
7.75 40 0.210818 0.58659 0.892366745990596
3 50.9 2.23192432366884e-05 2.49389627506078e-05 2.88417e-05
3.25 50.9 4.57427031525468e-05 5.11722954417138e-05 5.80908e-05
3.5 50.9 9.37639314613701e-05 0.000104431198301981 0.000117017
3.75 50.9 0.000190293165107754 0.000213209231145208 0.00023502
4 50.9 0.000384170306741641 0.000433556831960515 0.000474862424427048
4.25 50.9 0.00076971877690703 0.000890057147310236 0.000962842294245012
4.5 50.9 0.00152232868031463 0.00180825875925832 0.00193781900438765
4.75 50.9 0.00293223425369324 0.00363309801268548 0.00392620234325956
5 50.8 0.00540624937597221 0.00717824762838991 0.00787504239965221
5.25 50.5 0.00961895198301459 0.0141009505725095 0.0159124380036925
5.5 50.3 0.0160054201520894 0.0264018809502811 0.0309753221149589
5.75 50.2 0.0247134178478609 0.0459651601773906 0.0565171954436871
6 50.1 0.0356500780405515 0.0737724373896114 0.095072019899676
6.25 50 0.0485129280855264 0.109250809095835 0.146552559708212
6.5 50 0.0634945806321829 0.152222823070437 0.211209306569979
6.75 50 0.0815328395333352 0.204593857614345 0.291358532642015
7 50 0.103250431977614 0.268056570978314 0.388965110146218
7.25 50 0.129452518671492 0.345191859928671 0.507848644457834
7.5 50 0.160343887643208 0.43716680171723 0.650066522095271
7.75 50 0.196353552380781 0.545703713938257 0.818569214528807
3 70.6 1.49369377818526e-05 2.11754486625001e-05 2.51053050867595e-05
3.25 70.6 3.09273835641839e-05 4.38396042556658e-05 5.05878305825729e-05
3.5 70.6 6.37143e-05 9.03273043625442e-05 0.000101920389799157
3.75 70.6 0.000128192 0.000181911019151203 0.000204825390816278
4 70.6 0.000262509 0.00037509277089237 0.000411757668999682
4.25 70.6 0.000539845 0.000770800163313045 0.000835741034423754
4.5 70.6 0.00111243 0.00157532145218932 0.00172241849930323
4.75 70.6 0.00226611 0.00320682442890291 0.00352660762811513
5 70.6 0.00453254 0.00640929673416338 0.00712754712655271
5.25 70.4 0.00889495583546312 0.0127185045318981 0.0145018946678111
5.5 70.2 0.0149192529136828 0.0240367422911557 0.0284618113193543
5.75 70.1 0.0230791691156127 0.0419826730665583 0.0522298106178082
6 70.1 0.0333550758869582 0.0675506970760257 0.0882672533760809
6.25 70 0.0457777704489505 0.100935630219016 0.137814932757734
6.5 70 0.0604554471941969 0.141972644152364 0.200783984573801
6.75 70 0.077846392018793 0.194791 0.277712888673281
7 70 0.0988586984394511 0.256498108539686 0.3717336641719
7.25 70 0.12464677355015 0.332054991789094 0.488059838251669
7.5 70 0.15554844279488 0.423541466793175 0.629449122519616
7.75 70 0.192329452428226 0.53483810923427 0.800458826005298
3 100.4 1.01590370815678e-05 1.90596148912866e-05 2.2294298307463e-05
3.25 100.4 2.06249415299826e-05 3.88327243574687e-05 4.48693652420999e-05
3.5 100.4 4.14790562075582e-05 7.92220938361756e-05 9.04348509435396e-05
3.75 100.4 8.50017693193861e-05 0.000161237080759514 0.000181770982202575
4 100.4 0.000171946654302192 0.000328168108318242 0.000365572739380182
4.25 100.4 0.000352466342089061 0.000676239272314378 0.0007458787279979
4.5 100.4 0.000727725811421367 0.00140336361128214 0.00153799182038899
4.75 100.4 0.00148538556386813 0.00289196325714815 0.00319104934435885
5 100.4 0.0029965056676575 0.005855707966603 0.00651963666246748
5.25 100.3 0.00599400517404237 0.0117416806333696 0.0134154466107308
5.5 100.2 0.0114153200850822 0.0223936729301771 0.0265815720388822
5.75 100.1 0.0200016394546482 0.0392608710024392 0.0488594970658763
6 100 0.0313049614321113 0.0635113640881243 0.0830314313675605
6.25 100 0.0433815504688662 0.095721023786375 0.130804484784214
6.5 100 0.05770542983865 0.135558677350753 0.191880848944112
6.75 100 0.0747675677084187 0.183778454507711 0.266975783109663
7 100 0.0954595983486982 0.242657827998936 0.359159285410508
7.25 100 0.120812212844062 0.315305663315108 0.473162581576121
7.5 100 0.151347582995331 0.403758527712101 0.612451567351506
7.75 100 0.187603057274157 0.510093204236319 0.7806946642416
3 130.3 8.13594290925568e-06 1.52821463917326e-05 1.81223008908211e-05
3.25 130.3 1.63796789278375e-05 3.08656179092789e-05 3.64276668805188e-05
3.5 130.3 3.30526129123533e-05 6.28093241578241e-05 7.27685448888358e-05
3.75 130.3 6.72446319949182e-05 0.000127826566965307 0.000146051921243694
4 130.3 0.000135231917603507 0.000259675052271101 0.000293863320772015
4.25 130.3 0.000280106370915354 0.000536395311474718 0.000601474782848054
4.5 130.3 0.000581405125445911 0.00112525092753566 0.00124823735371096
4.75 130.3 0.00120852381435663 0.00234148396321161 0.00259344604938059
5 130.3 0.00244481795628179 0.0048014041390115 0.00536359728506332
5.25 130.2 0.00493377170611718 0.00970740426717377 0.0110821557241015
5.5 130.1 0.00946761163107996 0.0186483556082251 0.0221330466819872
5.75 130.1 0.0167390515757196 0.0329917798757144 0.0410663681373968
6 130 0.0265532932027164 0.0536818273100639 0.0702121655735156
6.25 130 0.0369176165611547 0.0814909975183756 0.111412858779178
6.5 130 0.0494489015746103 0.116179303873655 0.164521401956482
6.75 130 0.0645451460688163 0.158618500235781 0.230499063338065
7 130 0.082984697411081 0.210816191516292 0.312077389282732
7.25 130 0.105582358632147 0.27527160992536 0.413071533950632
7.5 130 0.132980680581732 0.354278641010751 0.537276272460639
7.75 130 0.166083287684487 0.450878912656614 0.689792993955581
3 200.2 5.20515134878909e-06 9.86605866715591e-06 1.17730639327502e-05
3.25 200.2 1.05004946910629e-05 1.99621656826072e-05 2.39599361028046e-05
3.5 200.2 2.09546231761949e-05 4.03519116971913e-05 4.73945253247911e-05
3.75 200.2 4.29009413224097e-05 8.22522414237165e-05 9.54774904875644e-05
4 200.2 8.68993778794796e-05 0.000167895643114285 0.000193941127034342
4.25 200.2 0.000182390840887215 0.000350754084950487 0.000403253418964219
4.5 200.2 0.000387456140370648 0.000751339778039283 0.000846936642753571
4.75 200.2 0.000814230934588703 0.00159040632863783 0.0017967227510241
5 200.2 0.00169645113250734 0.00333333618209599 0.00375175864896565
5.25 200.1 0.00348159924782222 0.00685140869698999 0.00785166467315132
5.5 200.1 0.00678329788516592 0.0133500811381573 0.0158456538464746
5.75 200 0.0124802103889246 0.0242435643808299 0.0302024085164966
6 200 0.0200198195207811 0.0403728436356282 0.0528619516881931
6.25 200 0.0282285233098576 0.0617196786463799 0.084464034296593
6.5 200 0.0380852656085673 0.0884970848190392 0.125398278534559
6.75 200 0.0501317771953011 0.121625103037691 0.176756146479181
7 200 0.0649608895710279 0.162608796957455 0.24057458979511
7.25 200 0.0832044700688582 0.213364248865991 0.31975270077176
7.5 200 0.10564191454488 0.276422279025098 0.418365481129935
7.75 200 0.133779346124203 0.356373112308481 0.543822463758015
3 300.1 2.90488218368457e-06 5.55787398826513e-06 6.88772452799743e-06
3.25 300.1 5.90576186846733e-06 1.13335346184641e-05 1.41294802550884e-05
3.5 300.1 1.204583573229e-05 2.32789515040071e-05 2.83097143820091e-05
3.75 300.1 2.446859447973e-05 4.71277177979705e-05 5.67697050818456e-05
4 300.1 5.0164500977885e-05 9.69406203291774e-05 0.000115389033197276
4.25 300.1 0.000106142939939807 0.000203242900871401 0.000243804117668309
4.5 300.1 0.000232390053256951 0.000452282620613684 0.000525186030056592
4.75 300.1 0.000508362767362516 0.000996176092381946 0.00115052605581088
5 300.1 0.0011104874562494 0.0021606619974221 0.00248447876792593
5.25 300.1 0.00232069702828785 0.00448955964687271 0.00529881944023559
5.5 300.1 0.00464833589165986 0.00899670762886207 0.0108665482579072
5.75 300 0.00872651907298449 0.0167148995801126 0.0211133762610519
6 300 0.0142984798863201 0.0283692250158395 0.0376578557844504
6.25 300 0.0207903316291174 0.0441999971473687 0.0613028431356769
6.5 300 0.0284254699828125 0.0643898789687264 0.0924276440368881
6.75 300 0.0378663807515532 0.0894223824116497 0.131563150689321
7 300 0.0495984581692942 0.12115430802723 0.180539637180804
7.25 300 0.0642141267349555 0.161372160363722 0.241909156015705
7.5 300 0.0823885511690842 0.211876097264665 0.319038979133137
7.75 300 0.105513165007179 0.276931111236872 0.418545185422786
3 500.1 2.54115295112341e-07 5.06491127133209e-07 6.61552940618762e-07
3.25 500.1 6.89089337534244e-07 1.37099324502378e-06 1.77583937657896e-06
3.5 500.1 1.8581593169956e-06 3.68356913704187e-06 4.78616777384165e-06
3.75 500.1 4.97339088254143e-06 9.87355690173663e-06 1.26023249513766e-05
4 500.1 1.31260679156589e-05 2.57477806459818e-05 3.28681626358923e-05
4.25 500.1 3.26963252112844e-05 6.38284074409663e-05 8.14664044404367e-05
4.5 500.1 7.67562170617957e-05 0.000146579759651447 0.000189377499667748
4.75 500.1 0.000172286598901354 0.000326569140331147 0.000422732930202162
5 500.1 0.00036870461055239 0.000722755767745739 0.000902620344588623
5.25 500.1 0.000737275215612858 0.00144977724480858 0.0018017418426751
5.5 500 0.00138682449009397 0.00272901922645124 0.00336864205791736
5.75 500 0.00239803142731114 0.00453981057066126 0.00595066029732684
6 500 0.00389041323992149 0.00750121710851928 0.0101375717288441
6.25 500 0.0055437959332946 0.0118581480657618 0.0163771679134541
6.5 500 0.00779540986903602 0.017833822895278 0.0250506689206253
6.75 500 0.010725051670095 0.0255322503885897 0.0366905648972215
7 500 0.0145086879445169 0.0354275610690045 0.051877859246148
7.25 500 0.0193727488290872 0.0485060662558907 0.0714920099007601
7.5 500 0.0255630479766406 0.0652818219234757 0.0966749678953808
7.75 500 0.0331462314782522 0.08238993963281 0.128027166215962
3 700.1 1.13730001708815e-07 2.27443003365174e-07 3.13136326446689e-07
3.25 700.1 3.08557743023196e-07 6.17035539310948e-07 8.45436018739054e-07
3.5 700.1 8.31493304127327e-07 1.66264781168875e-06 2.26441359369303e-06
3.75 700.1 2.2261339153959e-06 4.4508002496944e-06 6.07750655086362e-06
4 700.1 5.87139162190938e-06 1.17222551685088e-05 1.58917636341309e-05
4.25 700.1 1.46355416126361e-05 2.91972519804086e-05 3.96451708776458e-05
4.5 700.1 3.47225786908002e-05 6.73650380029515e-05 9.28802685572717e-05
4.75 700.1 7.81866963983871e-05 0.000146399290025499 0.000208472537341918
5 700.1 0.000167974540493764 0.000315372755403482 0.000447234832916686
5.25 700 0.000334269459123949 0.000652411187316668 0.000896251229639798
5.5 700 0.000624866243395702 0.00124379276327209 0.00168132579547877
5.75 700 0.00107040319158062 0.00223225744330414 0.00293226854671462
6 700 0.00175696920576249 0.00364147666925264 0.00483299377896584
6.25 700 0.00263252690397586 0.00571274076058999 0.00769811423471663
6.5 700 0.00367338834579994 0.00814958533516023 0.0117910774188374
6.75 700 0.0051541313516998 0.0118096296317528 0.0173375403083253
7 700 0.00696948893590617 0.0166022301385533 0.0246210769037523
7.25 700 0.00936048699209361 0.0228301210517592 0.0340949255888852
7.5 700 0.0124414640484631 0.0308847723523122 0.0463586951937988
7.75 700 0.0162655208740361 0.0409917760786076 0.0617777529965711
3 999.9 4.01375135149202e-08 8.02703157974901e-08 1.2069010102444e-07
3.25 999.9 1.09004167392602e-07 2.17987914073304e-07 3.27045967728653e-07
3.5 999.9 2.94156960822696e-07 5.88218255502654e-07 8.79809293660268e-07
3.75 999.9 7.8903847997145e-07 1.57764272629148e-06 2.37206156135354e-06
4 999.9 2.08699520301087e-06 4.16840362549269e-06 6.21414639879007e-06
4.25 999.9 5.21906136161596e-06 1.04172713653581e-05 1.55787589352493e-05
4.5 999.9 1.21517184258654e-05 2.41259022343002e-05 3.70116179069593e-05
4.75 999.9 2.80643655184737e-05 5.30720658806631e-05 8.284264142067e-05
5 999.9 5.81130548567411e-05 0.000116086301835172 0.000178518702539596
5.25 999.9 0.000119437546778219 0.000238592882214661 0.000359201310605406
5.5 999.9 0.000218745216210606 0.00046056235323499 0.000676363450641791
5.75 999.9 0.000363029937919288 0.000811119699243982 0.00118375507723162
6 999.9 0.000588501878717618 0.00131919139136064 0.00194195984825355
6.25 999.9 0.000919868874377807 0.0020971775959151 0.00301694536682997
6.5 999.9 0.00136359427481515 0.00311264205990999 0.00449339750032112
6.75 999.9 0.0019027980918721 0.00449491435365007 0.00650571944625721
7 999.9 0.00260725150427268 0.00634875919294588 0.00921878680659073
7.25 999.9 0.00353150078026314 0.00832980590963157 0.0128106830634253
7.5 999.9 0.0047348082381193 0.0113503660655011 0.017496967035331
7.75 999.9 0.00626829481750818 0.0151862178163533 0.0234790232686015
