Var1 Var2 Var3 Var4 Var5
3 0 0.04588 0.059826 0.0790662
3.25 0 0.0740425 0.10747 0.145603
3.5 0 0.116436 0.191091 0.268655
3.75 0 0.177127 0.328652 0.48365
4 0 0.262058 0.541262 0.83527
4.25 0 0.381396 0.856574 1.37888
4.5 0 0.547474 1.30662 2.17396
4.75 0 0.776423 1.93432 3.29532
5 0 1.09263 2.80767 4.86354
5.25 0 1.62818 4.28539 7.53248
5.5 0 2.00606 5.38981 9.57703
5.75 0 2.19242 5.99937 10.7433
6 0 2.17168 6.04188 10.8748
6.25 0 2.09095 5.90665 10.6649
6.5 0 2.08978 5.98862 10.8317
6.75 0 2.21805 6.4439 11.6641
7 0 2.42147 7.12911 12.904
7.25 0 2.59765 7.74856 14.0158
7.5 0 2.66302 8.04489 14.5344
7.75 0 2.63787 8.06641 14.5496
3 2 0.0449991 0.058692 0.0775352
3.25 2 0.0726476 0.105471 0.142839
3.5 2 0.114282 0.187598 0.263646
3.75 2 0.173817 0.322578 0.474535
4 2 0.257199 0.531324 0.819637
4.25 2 0.374277 0.840713 1.35284
4.5 2 0.53742 1.28278 2.13349
4.75 2 0.763013 1.90106 3.23744
5 2 1.07482 2.762 4.78255
5.25 2 1.61052 4.23878 7.44684
5.5 2 2.00276 5.38039 9.55468
5.75 2 2.23952 6.12735 10.9657
6 2 2.29804 6.39256 11.4993
6.25 2 2.29657 6.48687 11.707
6.5 2 2.34583 6.722 12.1536
6.75 2 2.46639 7.16517 12.9655
7 2 2.62489 7.72817 13.9848
7.25 2 2.74909 8.20058 14.8305
7.5 2 2.77501 8.38361 15.1437
7.75 2 2.73128 8.35245 15.0635
3 5 0.0408116 0.053296 0.0702647
3.25 5 0.0657782 0.0956115 0.129241
3.5 5 0.103279 0.169727 0.238095
3.75 5 0.157111 0.291876 0.428605
4 5 0.232829 0.481426 0.74134
4.25 5 0.339802 0.763872 1.22699
4.5 5 0.48998 1.17026 1.9428
4.75 5 0.698294 1.74057 2.9586
5 5 0.986239 2.535 4.3809
5.25 5 1.46727 3.86154 6.76804
5.5 5 1.86435 5.00651 8.86639
5.75 5 2.17387 5.9438 10.6069
6 5 2.35681 6.55223 11.7549
6.25 5 2.45123 6.92083 12.4612
6.5 5 2.52109 7.22262 13.0336
6.75 5 2.61203 7.58785 13.7089
7 5 2.72508 8.02376 14.5013
7.25 5 2.80795 8.37758 15.1347
7.5 5 2.82373 8.53264 15.3999
7.75 5 2.77786 8.49721 15.3133
3 10 0.0304658 0.0399345 0.0523383
3.25 10 0.0487787 0.0711586 0.0956564
3.5 10 0.0760884 0.125473 0.175079
3.75 10 0.115964 0.216089 0.315708
4 10 0.172489 0.357693 0.547936
4.25 10 0.253697 0.571753 0.913575
4.5 10 0.369423 0.884176 1.46004
4.75 10 0.530957 1.32558 2.24099
5 10 0.75439 1.94112 3.3357
5.25 10 1.08684 2.86124 4.98223
5.5 10 1.36243 3.6567 6.42933
5.75 10 1.61999 4.4252 7.83703
6 10 1.8453 5.12445 9.12656
6.25 10 2.04168 5.75952 10.3011
6.5 10 2.20655 6.31874 11.3362
6.75 10 2.35559 6.84292 12.3019
7 10 2.49677 7.35443 13.2357
7.25 10 2.61819 7.81629 14.0713
7.5 10 2.6796 8.10369 14.5824
7.75 10 2.67561 8.19166 14.7259
3 20 0.0154512 0.0204694 0.0267389
3.25 20 0.0246715 0.0363636 0.0481733
3.5 20 0.0383849 0.0639298 0.0879549
3.75 20 0.0586254 0.1103 0.158903
4 20 0.0877817 0.183641 0.277449
4.25 20 0.129568 0.294352 0.463866
4.5 20 0.19001 0.458018 0.745784
4.75 20 0.278239 0.698853 1.16471
5 20 0.400876 1.03648 1.75519
5.25 20 0.558373 1.47502 2.52794
5.5 20 0.691095 1.85864 3.2131
5.75 20 0.833778 2.27935 3.96692
6 20 0.990962 2.75211 4.81629
6.25 20 1.16326 3.28123 5.76979
6.5 20 1.34633 3.85651 6.8092
6.75 20 1.53848 4.4734 7.92548
7 20 1.73587 5.12182 9.09783
7.25 20 1.92587 5.76341 10.2567
7.5 20 2.07785 6.30207 11.2265
7.75 20 2.18231 6.70351 11.9438
3 30 0.00871297 0.0116842 0.0155314
3.25 30 0.0139109 0.0207511 0.0274111
3.5 30 0.0216341 0.0364563 0.0493897
3.75 30 0.0330521 0.0628935 0.089247
4 30 0.049603 0.104906 0.156137
4.25 30 0.0735135 0.168733 0.261937
4.5 30 0.108442 0.263895 0.42326
4.75 30 0.159726 0.404663 0.66419
5 30 0.231269 0.602539 1.0046
5.25 30 0.319582 0.849786 1.43293
5.5 30 0.396468 1.07203 1.8223
5.75 30 0.483496 1.32741 2.27055
6 30 0.58635 1.63386 2.80948
6.25 30 0.707691 2.0017 3.45847
6.5 30 0.846595 2.43107 4.21896
6.75 30 1.00398 2.92737 5.10066
7 30 1.17758 3.48567 6.09535
7.25 30 1.3599 4.08499 7.16442
7.5 30 1.53212 4.66703 8.20321
7.75 30 1.68126 5.18929 9.13382
3 40 0.00551459 0.00749108 0.00996397
3.25 40 0.00880359 0.0133004 0.0178916
3.5 40 0.0136967 0.0233708 0.0312862
3.75 40 0.0208848 0.0402288 0.0562167
4 40 0.0313354 0.0670582 0.0983043
4.25 40 0.046524 0.108005 0.165138
4.5 40 0.0688215 0.169293 0.267427
4.75 40 0.101565 0.259928 0.420142
5 40 0.147325 0.38744 0.636016
5.25 40 0.20285 0.543992 0.902772
5.5 40 0.252168 0.687029 1.1489
5.75 40 0.31059 0.858334 1.44382
6 40 0.38206 1.07066 1.81005
6.25 40 0.468507 1.33171 2.26171
6.5 40 0.571083 1.64729 2.81024
6.75 40 0.690202 2.02137 3.46314
7 40 0.825033 2.45335 4.22035
7.25 40 0.974429 2.9415 5.07844
7.5 40 1.1296 3.46111 5.99545
7.75 40 1.2802 3.97991 6.91248
3 50 0.00382047537051825 0.00521983 0.00693155
3.25 50 0.00607381515899064 0.00926898 0.0126437
3.5 50 0.00944453707128477 0.0163957 0.0224755472708017
3.75 50 0.0143757605046035 0.0280006717103786 0.0386959904237534
4 50 0.021565596645329 0.0472371814437236 0.0673072700667557
4.25 50 0.0319687598511172 0.0758970345637753 0.113061104698837
4.5 50 0.0473061806969271 0.119486 0.183107278025987
4.75 50 0.0698279780417268 0.183482 0.287936407253121
5 50 0.101096319120525 0.272050740785329 0.434879434702513
5.25 50 0.138662192992639 0.378674896239797 0.61335275079448
5.5 50 0.172066341790326 0.476939761981904 0.779764324672092
5.75 50 0.21293191287652 0.598275832754392 0.983959583728218
6 50 0.264092285260312 0.753183175060562 1.2428399963645
6.25 50 0.327277954660503 0.949427525087522 1.56844360816645
6.5 50 0.404164916628277 1.19580432737355 1.97340420385436
6.75 50 0.496921317291429 1.50377726721978 2.49198880158196
7 50 0.613461622217848 1.89895 3.15077844552757
7.25 50 0.755151277273023 2.34199726639354 3.95763943582794
7.5 50 0.91387146795779 2.87579665556448 4.8910345232487
7.75 50 1.02338504437087 3.49773989885134 5.78745593816077
3 70 0.00224927421797594 0.00327242 0.00507570663915323
3.25 70 0.0036489 0.00583399 0.0090534
3.5 70 0.0056741 0.0104106 0.0163642
3.75 70 0.00859597 0.0180500760739251 0.0293528
4 70 0.0128179 0.0308517242838314 0.0510507
4.25 70 0.0189874 0.0505574972372823 0.0820004
4.5 70 0.0280191 0.0792416 0.127167129795425
4.75 70 0.0412198 0.121068 0.196273
5 70 0.0595783 0.179521 0.296303
5.25 70 0.0812664 0.249389 0.415778
5.5 70 0.101055 0.314627 0.528684
5.75 70 0.125931 0.397139 0.672128
6 70 0.158022 0.504612 0.86041
6.25 70 0.198964 0.643659 1.10678
6.5 70 0.250048 0.820001 1.42419
6.75 70 0.312505 1.04621 1.82701
7 70 0.388234 1.3275 2.33552
7.25 70 0.477738 1.66799 2.96372
7.5 70 0.579658 2.06454 3.71425
7.75 70 0.692676 2.5131 4.58932
3 100 0.0011612 0.00211637 0.00366566
3.25 100 0.00184864 0.0036794871082902 0.00647186
3.5 100 0.0030355 0.00633846 0.011289
3.75 100 0.00457536 0.0107660041348361 0.0199185
4 100 0.0067878 0.0179816404502328 0.0345119
4.25 100 0.0100049 0.0287587929362952 0.0576477
4.5 100 0.0146853 0.044732490707341 0.0927381
4.75 100 0.0214722 0.0684440319435227 0.14177667062894
5 100 0.030841 0.102474036774456 0.209809959937863
5.25 100 0.0416903 0.142766775847638 0.289564058867168
5.5 100 0.0517211 0.181267718405121 0.365074154932714
5.75 100 0.0649648 0.2326541558668 0.465508
6 100 0.082657 0.301755637598421 0.603557
6.25 100 0.105682 0.391317471231487 0.786445
6.5 100 0.13509 0.509151713008771 1.02534
6.75 100 0.172105 0.661724325036809 1.33349
7 100 0.218139 0.857039829404868 1.72659
7.25 100 0.274139 1.10816219452773 2.21674
7.5 100 0.340625 1.40607212059982 2.81263
7.75 100 0.418779 1.75317017600815 3.52738
3 130 0.000748947 0.00139825638347165 0.00245167
3.25 130 0.00118686 0.00237372 0.00431488
3.5 130 0.00188008 0.00390563556154987 0.00749633
3.75 130 0.00283116 0.00687571 0.012715
4 130 0.00419404 0.0114572465225797 0.0211739
4.25 130 0.00616488 0.0182584390677727 0.0352752
4.5 130 0.00901417 0.0283122991570923 0.0565338
4.75 130 0.013115 0.0428141 0.087635
5 130 0.0187334 0.0634434 0.13069
5.25 130 0.0251492 0.0877817 0.180842
5.5 130 0.0311545 0.111257 0.229211
5.75 130 0.0394357 0.143566 0.295818
6 130 0.0508196 0.188208254603483 0.388145
6.25 130 0.0658427 0.247303436325484 0.512025
6.5 130 0.0854034 0.325915477318366 0.676665
6.75 130 0.110527 0.42889107451614 0.884867243053323
7 130 0.142235 0.565739461714597 1.15622180325615
7.25 130 0.181331 0.735116371483086 1.49662893438888
7.5 130 0.228562 0.93631850867082 1.91492619318362
7.75 130 0.285356 1.18995090849248 2.42365009310997
3 200 0.000275945825164223 0.000550728391140355 0.00107799787255776
3.25 200 0.00046012409618435 0.000923267 0.00184066164877992
3.5 200 0.000706312 0.00157823795046303 0.00322757367527733
3.75 200 0.00112028 0.00266642958252962 0.00553656
4 200 0.00164822 0.00449826 0.00914011
4.25 200 0.00239704 0.00705170617372657 0.0150342
4.5 200 0.00345835 0.0107650968111939 0.0237148
4.75 200 0.00495569 0.0159746 0.0361011
5 200 0.00696373 0.0228998710016764 0.0527918
5.25 200 0.00919329 0.0306769935775412 0.0715618
5.5 200 0.0113362 0.0385181 0.0899274
5.75 200 0.0144936 0.0500458 0.116718
6 200 0.0190505 0.0667466 0.155519
6.25 200 0.0253911 0.0902515 0.210114
6.5 200 0.0339325 0.122445 0.284887
6.75 200 0.0450465 0.165242 0.382677
7 200 0.0593609 0.221685 0.491854861342965
7.25 200 0.0772798 0.294232 0.673227
7.5 200 0.0993584 0.386098 0.849096466062079
7.75 200 0.126479 0.501893 1.09887226651528
3 300 6.98583e-05 0.000153258018189986 0.000379108252923577
3.25 300 0.00012369 0.000267142024213109 0.000631635436350805
3.5 300 0.000202806709064141 0.00042519 0.00110123148487421
3.75 300 0.000305022 0.000746283453078957 0.00187584589594417
4 300 0.00044422 0.00123175 0.00306204
4.25 300 0.000634235 0.00189657839707513 0.00466301579432274
4.5 300 0.000894093000000001 0.0028159 0.00692759639389441
4.75 300 0.00124979 0.00406867 0.0100006131846459
5 300 0.0017094 0.00575225 0.0139402868323141
5.25 300 0.00220492 0.00756332332750316 0.0182130602390543
5.5 300 0.00270061 0.00941157459739683 0.022541343837969
5.75 300 0.00348611 0.0123266316841142 0.0293393604034015
6 300 0.00469053 0.016835429345856 0.0397598981038581
6.25 300 0.00641326 0.0233491943885657 0.0547630480377251
6.5 300 0.00880671 0.0325262767787107 0.0758380699903116
6.75 300 0.0121198 0.0457848 0.105424317260287
7 300 0.0165819 0.0629080585765325 0.145400850126641
7.25 300 0.0220366 0.0857657916125145 0.196781913686988
7.5 300 0.0289911 0.114017545231465 0.263129367582645
7.75 300 0.0378895 0.152032313824974 0.350157251274489
3 500 7.34617669492425e-06 2.00782e-05 7.23247165081268e-05
3.25 500 1.87789161455643e-05 5.05533e-05 0.000173760746603499
3.5 500 4.27259e-05 0.000106337353960704 0.000398664221609408
3.75 500 8.20401e-05 0.000222358302009985 0.000812353047976497
4 500 0.000148877077025603 0.000369026252410218 0.0014453557001525
4.25 500 0.000234292 0.000638966 0.00235268550442766
4.5 500 0.000342891 0.0010100361439356 0.00356384979277931
4.75 500 0.000487999 0.00149144111941973 0.00513419783821567
5 500 0.000692693 0.00218223 0.00727093267196025
5.25 500 0.00102516 0.00330494 0.0106434347425567
5.5 500 0.00158634 0.00516786 0.0161067122515218
5.75 500 0.00229334 0.00754774 0.0227997080914172
6 500 0.003133 0.0104401 0.0306444
6.25 500 0.00414903 0.0139807 0.0399343302481031
6.5 500 0.00538874 0.0185349 0.0513274019512649
6.75 500 0.00687647 0.024149 0.0650614354687832
7 500 0.00872096 0.031228 0.0822555102781414
7.25 500 0.0111072 0.0404646 0.104774763948604
7.5 500 0.014094 0.0511276 0.133513
7.75 500 0.0176691 0.0652444 0.168213984076379
3 700 1.08633667624909e-06 3.80746e-06 1.97163486804066e-05
3.25 700 2.82350411826498e-06 9.64075000000001e-06 4.75288687924498e-05
3.5 700 6.76118216572374e-06 2.07716702521645e-05 0.000109411043435162
3.75 700 1.43389e-05 4.15458719870431e-05 0.000224088814063275
4 700 2.6554200411572e-05 7.59916e-05 0.000401008448459472
4.25 700 4.40885e-05 0.000126648 0.000665747999999999
4.5 700 7.37241e-05 0.000209366895224247 0.00100835685267676
4.75 700 0.000119129 0.00032294930843523 0.00147218703166148
5 700 0.000181727229559668 0.000497978 0.00211745332932602
5.25 700 0.00029295 0.000795322 0.00315361177305592
5.5 700 0.000477108 0.00134772484030726 0.00486082036064852
5.75 700 0.000721582 0.00206947028895868 0.00701032819558842
6 700 0.00102535 0.00302299296982734 0.00957843844209427
6.25 700 0.00139221 0.00428473238660664 0.0127223281925262
6.5 700 0.00184708 0.00599339 0.0166419789280956
6.75 700 0.0024034 0.00789145 0.0213769063019826
7 700 0.0031039 0.010561 0.027401241522744
7.25 700 0.00402194 0.0139997 0.0354141135322337
7.5 700 0.00519004 0.018081 0.0455866577760039
7.75 700 0.00661547 0.0236924 0.0582267358553681
3 1000 8.67785610933494e-08 3.92444e-07 3.29425219047068e-06
3.25 1000 2.34087e-07 9.90488000000001e-07 7.99391125572835e-06
3.5 1000 5.8683e-07 2.31343e-06 1.85045239888909e-05
3.75 1000 1.35802e-06 4.78179413817276e-06 3.830085281845e-05
4 1000 2.91549298574999e-06 9.36969999999999e-06 6.94665159032812e-05
4.25 1000 5.86248500664964e-06 1.69322e-05 0.000116518809328427
4.5 1000 1.13496738358065e-05 2.93967e-05 0.000183636737068336
4.75 1000 2.12645832443053e-05 4.97039418759524e-05 0.000278075643316955
5 1000 3.80321441295791e-05 8.52739999999999e-05 0.000417698461170939
5.25 1000 6.54872614765933e-05 0.000159931 0.000652715549075976
5.5 1000 0.000117885 0.000288744541353967 0.00105772859755111
5.75 1000 0.000187625 0.000476157722198547 0.00160597205949604
6 1000 0.000278743 0.000755107279597555 0.00230253215980098
6.25 1000 0.000397139 0.00113939385382944 0.00319463458219924
6.5 1000 0.000550002 0.00165993661290068 0.00433703843049526
6.75 1000 0.000742932 0.00234476 0.00577312472250931
7 1000 0.000992007 0.00327698838383209 0.0076246866459148
7.25 1000 0.00132471 0.00454399708239718 0.0101033321589295
7.5 1000 0.00175749 0.00625607509578076 0.0133388367807139
7.75 1000 0.00229894 0.00842702725076245 0.0174116686844266
