Var1 Var2 Var3 Var4 Var5
3 0 0.000145356 0.00016553 0.000201167
3.25 0 0.000303706 0.000346935 0.00041376
3.5 0 0.000628035 0.000726623 0.000852786
3.75 0 0.00129154 0.00151283 0.00175253
4 0 0.00264379 0.00313519 0.00359549
4.25 0 0.00534151 0.00641959 0.00730563
4.5 0 0.0105741 0.0129424 0.0146421
4.75 0 0.0203343 0.0257039 0.0289778
5 0 0.0378346 0.0506788 0.057286
5.25 0 0.076309 0.111559 0.127986
5.5 0 0.134406 0.219636 0.25935
5.75 0 0.196112 0.361124 0.444794
6 0 0.240831 0.494972 0.639871
6.25 0 0.268369 0.60338 0.816263
6.5 0 0.296361 0.713352 1.00137
6.75 0 0.336494 0.851803 1.22915
7 0 0.388143 1.02021 1.5013
7.25 0 0.437079 1.18263 1.76569
7.5 0 0.467241 1.294 1.95241
7.75 0 0.481652 1.35989 2.06852
3 2 0.000142841 0.000162652 0.000197531
3.25 2 0.000298715 0.000341147 0.000406592
3.5 2 0.000618195 0.000715005 0.000838657
3.75 2 0.00126986 0.00148649 0.0017215
4 2 0.00259677 0.00307811 0.00352815
4.25 2 0.00524622 0.0063026 0.00716882
4.5 2 0.0103864 0.0127089 0.0143715
4.75 2 0.0199866 0.0252622 0.0284699
5 2 0.0371903 0.0498204 0.0563033
5.25 2 0.0749101 0.109546 0.125665
5.5 2 0.132275 0.216246 0.255357
5.75 2 0.196135 0.361323 0.445098
6 2 0.247533 0.508911 0.657959
6.25 2 0.283727 0.638037 0.863186
6.5 2 0.317463 0.764224 1.07278
6.75 2 0.356891 0.903478 1.30369
7 2 0.401977 1.0566 1.55478
7.25 2 0.441795 1.19539 1.78469
7.5 2 0.466085 1.29076 1.9475
7.75 2 0.478734 1.35164 2.05591
3 5 0.000131654 0.000149845 0.00018137
3.25 5 0.0002754 0.000314157 0.000373283
3.5 5 0.000569683 0.000657936 0.000769537
3.75 5 0.00116744 0.00136457 0.00157569
4 5 0.00238293 0.00281927 0.00322326
4.25 5 0.00482955 0.00579158 0.00657174
4.5 5 0.00960427 0.0117373 0.013244
4.75 5 0.0184519 0.0233135 0.0262296
5 5 0.0342085 0.0458484 0.0517604
5.25 5 0.067605 0.0989966 0.113512
5.5 5 0.119012 0.194941 0.230248
5.75 5 0.181114 0.334306 0.412029
6 5 0.239645 0.493437 0.63822
6.25 5 0.284463 0.640302 0.866412
6.5 5 0.322082 0.775741 1.08893
6.75 5 0.358803 0.908535 1.31083
7 5 0.395562 1.03982 1.52984
7.25 5 0.427639 1.1571 1.72719
7.5 5 0.450046 1.24633 1.88009
7.75 5 0.464349 1.31099 1.99374
3 10 0.000104172 0.000118443 0.000142047
3.25 10 0.000216999 0.000246905 0.000290944
3.5 10 0.000446521 0.000514015 0.000596639
3.75 10 0.000912978 0.00106295 0.00121879
4 10 0.00185999 0.00219115 0.0024885
4.25 10 0.00379404 0.0045314 0.00510984
4.5 10 0.00759816 0.00925956 0.0103902
4.75 10 0.0145099 0.0183186 0.0205194
5 10 0.0266751 0.035801 0.0403041
5.25 10 0.0505058 0.0742057 0.0849788
5.5 10 0.0863816 0.142133 0.167912
5.75 10 0.132057 0.244857 0.302058
6 10 0.181084 0.374226 0.484403
6.25 10 0.227655 0.513718 0.695332
6.5 10 0.269469 0.649974 0.91226
6.75 10 0.306496 0.776642 1.12004
7 10 0.34251 0.900601 1.3245
7.25 10 0.376823 1.01964 1.521
7.5 10 0.404365 1.11975 1.68806
7.75 10 0.42447 1.19832 1.82128
3 20 6.15575e-05 6.98991e-05 8.23903e-05
3.25 20 0.000127308 0.000144309 0.000166825
3.5 20 0.000259751 0.000297521 0.000339475
3.75 20 0.000531184 0.000614712 0.000693948
4 20 0.00108266 0.00126693 0.00141844
4.25 20 0.00218087 0.0025885 0.00288089
4.5 20 0.00432624 0.00525009 0.005823
4.75 20 0.00832237 0.0104993 0.0116508
5 20 0.01536 0.0206742 0.023124
5.25 20 0.0279651 0.0413356 0.0471636
5.5 20 0.0468884 0.077747 0.0917321
5.75 20 0.0709966 0.132671 0.163649
6 20 0.0988258 0.205615 0.266154
6.25 20 0.129838 0.294489 0.3984
6.5 20 0.162293 0.392759 0.550631
6.75 20 0.196772 0.49952 0.719163
7 20 0.233324 0.613959 0.901066
7.25 20 0.270154 0.731083 1.0881
7.5 20 0.303982 0.841632 1.26592
7.75 20 0.333244 0.940582 1.42824
3 30 3.95069e-05 4.48521e-05 5.30032e-05
3.25 30 8.20449e-05 9.28178e-05 0.000106961
3.5 30 0.000167925 0.000191796 0.000216228
3.75 30 0.000341095 0.000393319 0.00043776
4 30 0.000690741 0.000805089 0.000889912999999999
4.25 30 0.00138801 0.00164135 0.00180577
4.5 30 0.00275264 0.0033324 0.0036587
4.75 30 0.00530566 0.00669178 0.00736365
5 30 0.00979531 0.0132118 0.0146844
5.25 30 0.0176159 0.0261432 0.0296996
5.5 30 0.029408 0.0490091 0.0576626
5.75 30 0.0445535 0.0836938 0.103036
6 30 0.0626664 0.131009 0.169332
6.25 30 0.0840789 0.191444 0.258692
6.5 30 0.107819 0.261664 0.366443
6.75 30 0.134446 0.341885 0.491769
7 30 0.164193 0.43239 0.634282
7.25 30 0.196128 0.530841 0.79027
7.5 30 0.228585 0.632783 0.953072
7.75 30 0.260419 0.734857 1.11758
3 40 2.86569e-05 3.25486e-05 3.82618e-05
3.25 40 5.90801e-05 6.67701e-05 7.7206e-05
3.5 40 0.000119943 0.000136762 0.000154729
3.75 40 0.000243312 0.00027994 0.000310878
4 40 0.000492121 0.000572149 0.000625453
4.25 40 0.000985481 0.00116263 0.00126615
4.5 40 0.00195056 0.00235798 0.00256576
4.75 40 0.00375432 0.00473533 0.00517761
5 40 0.00691806 0.00934607 0.0103602
5.25 40 0.0123779 0.0184226 0.0209378
5.5 40 0.0206268 0.0344985 0.0406878
5.75 40 0.0315983 0.0595814 0.0736119
6 40 0.0450985 0.0946124 0.122767
6.25 40 0.0608966 0.139074 0.18863
6.5 40 0.0787899 0.19165 0.269324
6.75 40 0.0993983 0.253137 0.365249
7 40 0.122901 0.323899 0.476428
7.25 40 0.149208 0.403939 0.602767
7.5 40 0.177651 0.491856 0.742396
7.75 40 0.207768 0.58659 0.893978
3 50 2.20759e-05 2.48220946511202e-05 2.88417e-05
3.25 50 4.50138e-05 5.05201e-05 5.80908e-05
3.5 50 9.14387431422627e-05 0.000103172933447671 0.000117017
3.75 50 0.000185631758521328 0.000212478 0.000236450825781618
4 50 0.000375694159676536 0.000432444212126311 0.000478953427605917
4.25 50 0.000752839509062834 0.000890055640628912 0.000966991
4.5 50 0.00149320148100648 0.00180799260881369 0.00196777
4.75 50 0.00287760304108999 0.00363458653039252 0.00396913
5 50 0.00530248374653003 0.00718618772915466 0.00793439
5.25 50 0.00947128925196885 0.0141118585920005 0.0160033
5.5 50 0.0157692 0.0264479 0.031114
5.75 50 0.0243524 0.0459937042776859 0.0567255
6 50 0.0351265892705506 0.0738188528980033 0.0953428
6.25 50 0.0476399820864248 0.109316364467695 0.146895500822406
6.5 50 0.0620827 0.15211 0.2115099580915
6.75 50 0.0788267 0.202121 0.291832937349925
7 50 0.098346 0.264565 0.389344
7.25 50 0.120943 0.339923229367883 0.508292
7.5 50 0.146317 0.430225375350266 0.650553
7.75 50 0.174327 0.536629467054285 0.819061
3 70 1.46709237313305e-05 1.93651500836891e-05 2.50742051556967e-05
3.25 70 2.99270576069966e-05 3.88422344495736e-05 5.06704e-05
3.5 70 6.07545489814459e-05 8.0602e-05 0.000101996
3.75 70 0.000122119 0.00016118 0.000205003
4 70 0.000244793 0.000322935 0.000415427
4.25 70 0.000491072 0.000652239999999999 0.000847523
4.5 70 0.000978265 0.00132613 0.00173873
4.75 70 0.00189398 0.00259086696023104 0.00353082887227426
5 70 0.00351308 0.00505871 0.00714671971647821
5.25 70 0.00631586 0.0102081531741469 0.0145445727927386
5.5 70 0.0106071 0.0200694963575723 0.028538018900851
5.75 70 0.0164118 0.0371099711801642 0.0522368
6 70 0.0236931 0.0626343966513655 0.0882856
6.25 70 0.0324378 0.0975410234762258 0.13785
6.5 70 0.0426671 0.141141898489851 0.200841
6.75 70 0.054622 0.190609379387962 0.2778
7 70 0.0688195 0.251260487110021 0.371864
7.25 70 0.0858882 0.325319769144843 0.488254
7.5 70 0.105829 0.414999096357796 0.629737
7.75 70 0.12889 0.522966148934006 0.800883
3 100 9.52605038149385e-06 1.48064000000001e-05 2.23736e-05
3.25 100 1.92487661300336e-05 2.95410000000002e-05 4.48815e-05
3.5 100 3.92794792163464e-05 5.89354000000008e-05 9.05134000000001e-05
3.75 100 7.99951798452282e-05 0.000117439000000002 0.000182012
4 100 0.000161929592052393 0.000234581000000004 0.000366182
4.25 100 0.000324784524968561 0.000475476000000005 0.000745936
4.5 100 0.000668023 0.000974362000000013 0.00155173
4.75 100 0.00129923 0.00199688000000002 0.00322175
5 100 0.00242746 0.00406363000000001 0.00653255
5.25 100 0.00438243 0.00799629 0.0134445
5.5 100 0.00740097000000001 0.0142051712921155 0.0266418
5.75 100 0.0114809 0.0246293038628544 0.0489701
6 100 0.0166678 0.0416125 0.0832251
6.25 100 0.0230686 0.0655554 0.131111
6.5 100 0.0306814 0.0961661 0.192332
6.75 100 0.0397526 0.133803 0.267607
7 100 0.0507586 0.180008 0.360016
7.25 100 0.0642513 0.237152 0.474305
7.5 100 0.0805142 0.306977 0.613954
7.75 100 0.0998347 0.391326 0.782651
3 130 7.59326131141578e-06 1.19265000000001e-05 1.81291875428993e-05
3.25 130 1.5416e-05 2.37151000000003e-05 3.64282075498298e-05
3.5 130 3.1060641240512e-05 4.71403000000007e-05 7.30701e-05
3.75 130 6.30474360735125e-05 9.38802000000013e-05 0.000146583
4 130 0.000127479370569552 0.000187343000000003 0.000294414
4.25 130 0.00026311427637623 0.000381244000000004 0.000601566
4.5 130 0.000534608710263767 0.000787546000000011 0.00125918
4.75 130 0.00106889 0.00163478000000003 0.00264502
5 130 0.00202488 0.00337170000000001 0.00537432040261263
5.25 130 0.00368203 0.0065886 0.0111322
5.5 130 0.00625891 0.0119341 0.0222327
5.75 130 0.00979155 0.0209217154136512 0.0412504
6 130 0.0142991 0.0352626 0.0705253
6.25 130 0.0199335 0.055954 0.111908
6.5 130 0.0266933 0.0826253 0.165251
6.75 130 0.0348383 0.11576 0.231521
7 130 0.0447901 0.156731 0.313463
7.25 130 0.0569904 0.207456 0.414912
7.5 130 0.0717911 0.269842 0.539684
7.75 130 0.0896826 0.346454 0.692908
3 200 4.85702672747597e-06 7.70143000000004e-06 1.19006490912248e-05
3.25 200 9.82284807222891e-06 1.52932000000002e-05 2.39796919239745e-05
3.5 200 1.97477755292877e-05 3.03489000000003e-05 4.7523247174377e-05
3.75 200 4.01680663928876e-05 6.08044000000005e-05 9.5728411852484e-05
4 200 8.07090719560285e-05 0.000122329000000001 0.0001942367388143
4.25 200 0.000169111165848155 0.000252449000000003 0.000403375028589128
4.5 200 0.000358581566845787 0.000533325000000006 0.000850306479262124
4.75 200 0.000738435 0.00113344000000001 0.00179827961305962
5 200 0.00142484 0.00239381 0.00376627441925896
5.25 200 0.00263317 0.00464395 0.00785474
5.5 200 0.00453957 0.00862045 0.0159323
5.75 200 0.00729188 0.0155653590727565 0.0303626
6 200 0.0109058 0.0265683 0.0531366
6.25 200 0.0153262 0.0424483 0.0848966
6.5 200 0.0206698 0.0630169 0.126034
6.75 200 0.0272004 0.0888222 0.177645
7 200 0.0352398 0.120888 0.241777
7.25 200 0.0451314 0.160672 0.321343
7.5 200 0.0572987 0.210218 0.420436
7.75 200 0.0725605 0.273254 0.546508
3 300 2.73701e-06 4.36527000000003e-06 6.94103111309446e-06
3.25 300 5.55178e-06 8.78828000000008e-06 1.41309008793227e-05
3.5 300 1.12464e-05 1.76867000000002e-05 2.83567471307936e-05
3.75 300 2.27313273896848e-05 3.55122000000003e-05 5.69098754928051e-05
4 300 4.64361192699196e-05 7.17354000000005e-05 0.000115564894088577
4.25 300 9.75483999999999e-05 0.000150841000000001 0.000243925947629207
4.5 300 0.000209894 0.000328386000000002 0.000528424192918192
4.75 300 0.000451552743138478 0.000725411 0.00115713253691168
5 300 0.000921464 0.00155296 0.00249761866591645
5.25 300 0.00176073 0.00308044 0.00530817984507195
5.5 300 0.00312529 0.00609416103963071 0.0108841
5.75 300 0.00514248 0.0111476812857119 0.0212239
6 300 0.00785021 0.019225551450399 0.0378517
6.25 300 0.0112622 0.0308072 0.0616143
6.5 300 0.0154605 0.0464463 0.0928926
6.75 300 0.0205989 0.0661098 0.13222
7 300 0.0269845 0.0907174 0.181435
7.25 300 0.0349401 0.121551 0.243103
7.5 300 0.044831 0.160304 0.320607
7.75 300 0.0574156 0.210297 0.420595
3 500 2.45031538436276e-07 4.05014000000001e-07 6.64338365320659e-07
3.25 500 6.64351445413499e-07 1.08901e-06 1.78560684572419e-06
3.5 500 1.78870912011735e-06 2.90552000000001e-06 4.78798825668812e-06
3.75 500 4.74918448698816e-06 7.70160000000003e-06 1.26244418529716e-05
4 500 1.23069882286678e-05 2.00904e-05 3.29206570156622e-05
4.25 500 2.99333976046573e-05 4.97329000000001e-05 8.15278337083411e-05
4.5 500 6.83837e-05 0.000116516 0.000190444989036328
4.75 500 0.000148716088245586 0.000253317 0.00042498856709266
5 500 0.000299548 0.000525286 0.000907234733993212
5.25 500 0.000539306 0.00103717705674392 0.00181065893105036
5.5 500 0.000894824 0.00184787051543974 0.00339406
5.75 500 0.00138055 0.00328231761831737 0.00600243892151057
6 500 0.00202806 0.00520154 0.010189
6.25 500 0.00288843 0.00839137564862638 0.0164593
6.5 500 0.00402695 0.012624497392405 0.0251751
6.75 500 0.00552959 0.0184351202994875 0.0368712
7 500 0.00747911 0.0260498164278879 0.0521315
7.25 500 0.00998528 0.0359004161093085 0.0718394
7.5 500 0.0131745 0.0485482667221799 0.0971423
7.75 500 0.0170812 0.0642947782342602 0.128643
3 700 1.04229506308418e-07 1.81702005121244e-07 3.13890503698951e-07
3.25 700 2.82977647630784e-07 4.91804584376746e-07 8.48338114485202e-07
3.5 700 7.63300182803603e-07 1.32784335663318e-06 2.27539571648374e-06
3.75 700 2.04618707247844e-06 3.55871937597786e-06 6.08285546361239e-06
4 700 5.30897424271065e-06 9.29388453281531e-06 1.59178892515865e-05
4.25 700 1.29783573273937e-05 2.30407989003253e-05 3.9681109870146e-05
4.5 700 2.98802e-05 5.40677e-05 9.33717077055258e-05
4.75 700 6.70261e-05 0.000121322 0.000209538236672499
5 700 0.000137501363629784 0.000260213 0.000449456807213734
5.25 700 0.000251313 0.000490532346287896 0.000903045
5.5 700 0.00041837 0.000866613695395611 0.00168934380171146
5.75 700 0.000647807 0.00159195044809494 0.00294605146471004
6 700 0.000955126 0.00246306030149321 0.00483997989524703
6.25 700 0.00136568 0.00393859 0.00771858
6.5 700 0.00191226 0.0060449 0.011849
6.75 700 0.00263869 0.00888673 0.0174223
7 700 0.00358883 0.0125544952763562 0.0247398
7.25 700 0.00482178 0.0172248537906199 0.0342581
7.5 700 0.00640778 0.0233559695661328 0.0465789
7.75 700 0.00837612 0.0310562256603651 0.0620693
3 1000 3.37810676770109e-08 6.02431363266475e-08 1.20845791773139e-07
3.25 1000 9.17646403185981e-08 1.63425642103823e-07 3.27719446930219e-07
3.5 1000 2.47731956122489e-07 4.41643241246483e-07 8.82677864484517e-07
3.75 1000 6.64901639184068e-07 1.18743521520552e-06 2.37262771770273e-06
4 1000 1.73199452576763e-06 3.13351371578135e-06 6.2245426495815e-06
4.25 1000 4.24664317963853e-06 7.86651932383155e-06 1.55947725416595e-05
4.5 1000 9.77730535215314e-06 1.87545622103058e-05 3.70124766195272e-05
4.75 1000 2.19075e-05 4.23099e-05 8.32502189725822e-05
5 1000 4.82052e-05 9.16582e-05 0.000179381916744795
5.25 1000 9.09594609595413e-05 0.000178904 0.000360911817033705
5.5 1000 0.000152669 0.000315525390420395 0.000681323
5.75 1000 0.000237448 0.000581095021227912 0.00118924933185586
6 1000 0.000351816 0.000980603 0.00195087270027099
6.25 1000 0.000505737 0.00154812689581337 0.0030306540331569
6.5 1000 0.000712276 0.00230043240804247 0.00450755882100934
6.75 1000 0.000989122 0.00331061030510639 0.00652294520575346
7 1000 0.00135469 0.00469308 0.00925884738036854
7.25 1000 0.00183411 0.00653847 0.0128295
7.5 1000 0.00245797 0.00894998 0.0175654
7.75 1000 0.00324295 0.0120152 0.0235863
