Var1 Var2 Var3 Var4 Var5
3 0 0.0827909 0.14244 0.247172
3.25 0 0.121907 0.235847 0.428504
3.5 0 0.17645 0.376157 0.714301
3.75 0 0.250261 0.573667 1.12968
4 0 0.350544 0.845001 1.70923
4.25 0 0.485885 1.21441 2.50071
4.5 0 0.66601 1.70757 3.5568
4.75 0 0.900293 2.35447 4.94104
5 0 1.20063 3.19337 6.74104
5.25 0 1.66534 4.49909 9.58581
5.5 0 2.0231 5.55343 11.9226
5.75 0 2.18876 6.10367 13.174
6 0 2.14148 6.06272 13.121
6.25 0 2.03591 5.84854 12.6641
6.5 0 2.00993 5.85774 12.6707
6.75 0 2.1103 6.2388 13.4655
7 0 2.27803 6.83033 14.697
7.25 0 2.41619 7.34784 15.7477
7.5 0 2.44966 7.5551 16.1174
7.75 0 2.39973 7.50434 15.9264
3 2 0.081005 0.139422 0.241805
3.25 2 0.119276 0.230843 0.419186
3.5 2 0.17273 0.368358 0.699109
3.75 2 0.24502 0.561828 1.10594
4 2 0.343356 0.827903 1.67371
4.25 2 0.476193 1.19123 2.45179
4.5 2 0.653278 1.67525 3.48748
4.75 2 0.884199 2.31271 4.85051
5 2 1.18049 3.14006 6.62446
5.25 2 1.64911 4.45527 9.4851
5.5 2 2.02376 5.5549 11.9151
5.75 2 2.24243 6.2527 13.4831
6 2 2.27734 6.4468 13.9405
6.25 2 2.25041 6.46469 13.9885
6.5 2 2.275 6.63049 14.3341
6.75 2 2.36679 6.99755 15.0962
7 2 2.49088 7.46919 16.0657
7.25 2 2.57933 7.8447 16.8075
7.5 2 2.57376 7.93855 16.9314
7.75 2 2.50379 7.83051 16.6152
3 5 0.0725938 0.12519 0.216388
3.25 5 0.106813 0.207104 0.374812
3.5 5 0.154509 0.330322 0.624795
3.75 5 0.219536 0.504577 0.989845
4 5 0.308243 0.744856 1.50174
4.25 5 0.429465 1.07495 2.20617
4.5 5 0.591967 1.51952 3.15437
4.75 5 0.805422 2.10825 4.40902
5 5 1.07984 2.87382 6.04458
5.25 5 1.50079 4.05517 8.60193
5.5 5 1.8907 5.18866 11.083
5.75 5 2.1906 6.10608 13.1098
6 5 2.35456 6.6638 14.352
6.25 5 2.42675 6.97116 15.0321
6.5 5 2.46952 7.1987 15.5186
6.75 5 2.53146 7.48687 16.1148
7 5 2.61275 7.83798 16.8274
7.25 5 2.66205 8.10085 17.3295
7.5 5 2.64546 8.16351 17.3891
7.75 5 2.57021 8.04217 17.0458
3 10 0.0524767 0.091036 0.156241
3.25 10 0.0769768 0.150105 0.269752
3.5 10 0.111266 0.23897 0.448842
3.75 10 0.158735 0.366363 0.713649
4 10 0.224281 0.544415 1.08896
4.25 10 0.315159 0.791987 1.61239
4.5 10 0.438882 1.13039 2.32737
4.75 10 0.604371 1.58624 3.28977
5 10 0.817663 2.18065 4.54685
5.25 10 1.10402 2.98687 6.27264
5.5 10 1.37809 3.78361 7.99306
5.75 10 1.63426 4.55534 9.66945
6 10 1.85209 5.24179 11.1663
6.25 10 2.03305 5.84253 12.4743
6.5 10 2.17849 6.35558 13.5835
6.75 10 2.30557 6.82698 14.5873
7 10 2.41928 7.26833 15.5083
7.25 10 2.50917 7.64734 16.2749
7.5 10 2.53749 7.84402 16.6346
7.75 10 2.50187 7.84189 16.5586
3 20 0.0252763 0.0445869 0.0749442
3.25 20 0.0369705 0.0732655 0.128969
3.5 20 0.0534521 0.116591 0.21451
3.75 20 0.07673 0.179718 0.342892
4 20 0.109584 0.269684 0.528262
4.25 20 0.155313 0.395276 0.787851
4.5 20 0.218709 0.569798 1.14814
4.75 20 0.306395 0.812377 1.64811
5 20 0.420034 1.12994 2.30343
5.25 20 0.549219 1.4965 3.06705
5.5 20 0.679439 1.87586 3.86201
5.75 20 0.825355 2.31064 4.77629
6 20 0.984381 2.79663 5.80243
6.25 20 1.15261 3.32471 6.92081
6.5 20 1.32773 3.88992 8.11846
6.75 20 1.50626 4.48145 9.36988
7 20 1.68563 5.09158 10.6537
7.25 20 1.85305 5.68091 11.8826
7.5 20 1.97909 6.15556 12.8565
7.75 20 2.05588 6.48429 13.509
3 30 0.0136413 0.0245277 0.0407338
3.25 30 0.0199322 0.0402434 0.0692528
3.5 30 0.0287789 0.0639196 0.114975
3.75 30 0.0415624 0.0990617 0.184776
4 30 0.059715 0.149432 0.286131
4.25 30 0.0850198 0.219834 0.428227
4.5 30 0.120384 0.31833 0.626714
4.75 30 0.169694 0.456167 0.903922
5 30 0.234058 0.637623 1.26897
5.25 30 0.304568 0.83941 1.67784
5.5 30 0.379264 1.0578 2.12217
5.75 30 0.467371 1.32023 2.65787
6 30 0.570458 1.63373 3.30028
6.25 30 0.688658 2.00133 4.05664
6.5 30 0.821995 2.42571 4.93269
6.75 30 0.970457 2.90848 5.93169
7 30 1.1317 3.44505 7.04042
7.25 30 1.2981 4.01275 8.21082
7.5 30 1.45101 4.55189 9.31627
7.75 30 1.58025 5.01948 10.2645
3 40 0.00828971 0.0152062 0.025967
3.25 40 0.0121222 0.024959 0.0423895
3.5 40 0.0175262 0.0396774 0.069742
3.75 40 0.0253158 0.0614697 0.11204
4 40 0.036394 0.0927226 0.173479
4.25 40 0.0519257 0.136601 0.259971
4.5 40 0.0736985 0.198122 0.380993
4.75 40 0.104037 0.284074 0.549691
5 40 0.143858 0.397705 0.772655
5.25 40 0.186981 0.522486 1.01884
5.5 40 0.234139 0.661407 1.29375
5.75 40 0.291918 0.834308 1.63685
6 40 0.361913 1.04765 2.06181
6.25 40 0.445313 1.30713 2.58094
6.5 40 0.543215 1.61819 3.20605
6.75 40 0.655174 1.98207 3.93957
7 40 0.780152 2.39742 4.77896
7.25 40 0.916915 2.86185 5.71782
7.5 40 1.05642 3.3494 6.70336
7.75 40 1.18818 3.82534 7.66303
3 50 0.00549993231405144 0.0102688432032231 0.0180609642254684
3.25 50 0.00804632813787015 0.0168509 0.0298061156038276
3.5 50 0.0116431451587703 0.026801 0.0472200573981656
3.75 50 0.0167984065544008 0.0419333 0.0739854437249261
4 50 0.0241473281787718 0.0624806884751635 0.114424593948535
4.25 50 0.0343862195875575 0.091980381986823 0.171160401844256
4.5 50 0.0487714699874683 0.133252358727495 0.250535330639954
4.75 50 0.068734528688623 0.190652790315625 0.360657275349553
5 50 0.0951141593234223 0.266542899868559 0.506161270297064
5.25 50 0.123090134453405 0.349264457223581 0.665326084824933
5.5 50 0.154745163271121 0.445084939435502 0.846838933537003
5.75 50 0.19406323449401 0.565286747366126 1.07792786245306
6 50 0.243071431268817 0.720640854023527 1.37079096491162
6.25 50 0.303132393179153 0.915391 1.7396275594329
6.5 50 0.376490888927272 1.15824 2.19173820551988
6.75 50 0.461867603232669 1.45795261651351 2.75113462608682
7 50 0.563154441427716 1.81877653887295 3.40977680483301
7.25 50 0.678622095732094 2.24513720408793 4.18281430844085
7.5 50 0.802515849756045 2.72035433251265 5.02859139121744
7.75 50 0.926886935439293 3.25683492515391 6.00378864086248
3 70 0.00298039 0.00625283 0.0114381070462389
3.25 70 0.00450772143424237 0.0105578185844102 0.0187765681213953
3.5 70 0.00654902934089005 0.0169499598949732 0.0310809544251059
3.75 70 0.0094419738281953 0.0262454 0.0494391347360896
4 70 0.0135395176939987 0.0394013 0.0758390168338644
4.25 70 0.0193109087362606 0.0579069 0.112981207909458
4.5 70 0.0273560476611232 0.0838704 0.16476149084057
4.75 70 0.0384598795536254 0.119299960510697 0.236188018397621
5 70 0.0531090174608512 0.166571094719336 0.330762057584059
5.25 70 0.0688960737954035 0.218132149317724 0.433807386920302
5.5 70 0.0872459709057938 0.278976 0.568077597157621
5.75 70 0.111251191106411 0.359595 0.729583943533126
6 70 0.142764508695782 0.465111 0.941294452849079
6.25 70 0.181290948706228 0.60123 1.21497127893399
6.5 70 0.230075001892306 0.774412 1.56434647076661
6.75 70 0.290058082312391 0.991137 2.00217483361357
7 70 0.361487 1.26055 2.55011145557561
7.25 70 0.444574 1.58746 3.24611482778981
7.5 70 0.538298 1.97075 4.03593983637057
7.75 70 0.641079 2.40762057139999 4.94137931841859
3 100 0.00149903 0.00335078363637648 0.00750566
3.25 100 0.00218671 0.00571746696690019 0.0122345
3.5 100 0.00320007 0.00891713 0.0198248
3.75 100 0.00459179 0.0132589 0.0315364
4 100 0.00654755 0.0203353 0.0482697
4.25 100 0.00927568000000001 0.0302547 0.0715822
4.5 100 0.0130202 0.0438571 0.103429
4.75 100 0.0180972 0.0623226 0.146514
5 100 0.0247971 0.0868446 0.203569
5.25 100 0.0321411 0.11398105429419 0.267182
5.5 100 0.0410398 0.147141850048257 0.34529
5.75 100 0.0532911 0.193810270585123 0.454132
6 100 0.0695626 0.254293464315111 0.601171
6.25 100 0.0904876 0.335115686799669 0.794183
6.5 100 0.117099 0.439898887915766 1.04519
6.75 100 0.150512 0.574035580760295 1.36752
7 100 0.192 0.746016157095052 1.77621
7.25 100 0.242444 0.984462 2.28253
7.5 100 0.302304 1.24395 2.89266
7.75 100 0.372732 1.54311398246753 3.6179
3 130 0.000884702325444182 0.00197522 0.00442341
3.25 130 0.00128988 0.00338405 0.0073908412224866
3.5 130 0.00187380614719575 0.00545242 0.0120182314812572
3.75 130 0.00270390402622031 0.0081027211012533 0.0188138218573319
4 130 0.00387793638851955 0.012190232584032 0.0285369484342512
4.25 130 0.00551213082908436 0.0178557355030448 0.0418050815327037
4.5 130 0.00775092588191067 0.0252245 0.0595680654331471
4.75 130 0.0108748 0.0350358 0.0846511
5 130 0.0147237 0.0484093342037745 0.113945878127614
5.25 130 0.0190345 0.0634544904834846 0.148900670480456
5.5 130 0.0244553 0.0826113898701418 0.193318780352889
5.75 130 0.0322198 0.110430270583162 0.257617478903287
6 130 0.0428287 0.149436361848934 0.346948637955529
6.25 130 0.0566406 0.201303357746032 0.465802315720402
6.5 130 0.0745088 0.270235366980611 0.623327851920298
6.75 130 0.0973375 0.360512090281575 0.829903951853596
7 130 0.126013 0.475293540119676 1.09649761787548
7.25 130 0.161111 0.624518448488287 1.43185694198538
7.5 130 0.203187 0.801954758272625 1.8445481889437
7.75 130 0.253304 1.02188773709947 2.38002
3 200 0.00027948962622882 0.000626361900696534 0.00168358791795314
3.25 200 0.000408416652934482 0.00103324241950089 0.00274556170139838
3.5 200 0.000593879 0.00165632745138329 0.00428937988765159
3.75 200 0.000839081 0.00243273 0.00646557171671766
4 200 0.00117294 0.00361556586037981 0.00950804032379539
4.25 200 0.00161647 0.00523094948168547 0.0135746365721193
4.5 200 0.00221565487233813 0.00733369203588569 0.0187535830822333
4.75 200 0.00303722086352086 0.0100269033691301 0.025284953353145
5 200 0.00414810562903093 0.0136595 0.037319551595416
5.25 200 0.0055591 0.0180163 0.0484602906967692
5.5 200 0.00730539 0.0240195 0.0636850934210109
5.75 200 0.00993982999999999 0.0331536 0.0894067
6 200 0.013718 0.0464381 0.120241467946255
6.25 200 0.0189633 0.0652086 0.167571085907166
6.5 200 0.0260187 0.0909837 0.232405510238024
6.75 200 0.0351984 0.125331 0.318640891810689
7 200 0.0470299 0.170742 0.432574395288041
7.25 200 0.0618385 0.229188 0.579161269890134
7.5 200 0.0800759 0.303277 0.765013786362953
7.75 200 0.102417 0.396409 0.998781412430913
3 300 5.24742413618768e-05 0.00013922667451168 0.000498344
3.25 300 8.47190592639717e-05 0.00022456185453249 0.000772972407253621
3.5 300 0.000124072233396909 0.000349989 0.00119031642486527
3.75 300 0.00017900776953066 0.000528630797600708 0.0017596376020411
4 300 0.000252851 0.000771166 0.00249008048282131
4.25 300 0.000340311 0.00108163034947105 0.00334153696216742
4.5 300 0.00044959 0.00146301971006526 0.00439706826692388
4.75 300 0.000585383 0.00200004183616609 0.0056709780279955
5 300 0.000771801 0.0026552156595643 0.00738557
5.25 300 0.00102055 0.00358488612085565 0.00964244
5.5 300 0.00139615 0.00504744 0.0130536
5.75 300 0.00199671 0.00722708 0.0185264
6 300 0.00291017 0.0105658 0.0268765
6.25 300 0.00421945 0.0152928 0.0389011
6.5 300 0.00604792 0.0221417 0.055840488605593
6.75 300 0.00859613 0.0319841756693142 0.0800888719498766
7 300 0.0120043 0.045375999369776 0.113060867095993
7.25 300 0.0163052 0.0631553 0.155618100123874
7.5 300 0.0217426 0.0853927467755485 0.210853742162023
7.75 300 0.0287107 0.115102813541772 0.283422741037963
3 500 6.30258e-06 2.09638e-05 0.000128106646036004
3.25 500 1.2588e-05 4.49044e-05 0.000250082719267181
3.5 500 2.52924e-05 8.66191520912251e-05 0.000455896726434802
3.75 500 4.63666e-05 0.000149521 0.000764462409801718
4 500 8.45428e-05 0.000245612644421593 0.00121645180913274
4.25 500 0.000153376 0.000401436135903693 0.00189479666132347
4.5 500 0.000255895 0.000691098 0.00294374718286689
4.75 500 0.000417751 0.001180559287365 0.00452944
5 500 0.000668171 0.00188341 0.00676699
5.25 500 0.00103701 0.00299849279070053 0.00993654
5.5 500 0.00151429 0.00449449264434538 0.013891
5.75 500 0.00206133 0.00625824 0.01829
6 500 0.00268742 0.008477 0.0232638
6.25 500 0.00344297 0.0112442 0.029283
6.5 500 0.00436815 0.0147185 0.0367068
6.75 500 0.00547577 0.0185085 0.0456739
7 500 0.0068526 0.0237658 0.0569452
7.25 500 0.008644 0.0306866 0.0718052
7.5 500 0.0108883 0.0395047 0.0906755
7.75 500 0.0135725 0.0502769 0.113603
3 700 7.29346632119703e-07 3.00543632397646e-06 2.61998260559373e-05
3.25 700 1.73263156607941e-06 6.20451613559762e-06 5.18950895963394e-05
3.5 700 3.89132950798702e-06 1.23958234781292e-05 9.62481068004306e-05
3.75 700 8.47179523148812e-06 2.3869571620913e-05 0.000165311186941147
4 700 1.78295875201099e-05 4.47770788292986e-05 0.000273771923369439
4.25 700 3.38646e-05 8.57167e-05 0.000451601
4.5 700 6.73766761303568e-05 0.000151713695128366 0.000731984
4.75 700 0.000119657913735829 0.000279309795478107 0.00118397
5 700 0.000212396185926487 0.000497985824893925 0.00185700646016319
5.25 700 0.000344877 0.000855852879021309 0.00285534315943666
5.5 700 0.000518238 0.00138037910031821 0.00416420325588711
5.75 700 0.000723867 0.00206063470437769 0.00569442171354764
6 700 0.000965842000000001 0.00290936 0.00748841078719478
6.25 700 0.00126363 0.00392407 0.00970313538036112
6.5 700 0.0016341 0.00526031 0.0124724199123082
6.75 700 0.00208523 0.00699593023934851 0.015863251221367
7 700 0.0026536 0.0092359953734255 0.0201653430386151
7.25 700 0.00340227 0.0120805998621733 0.0258750931307789
7.5 700 0.00435486 0.0158892103704436 0.0332261679179443
7.75 700 0.00551616 0.0206789866431764 0.042372999151653
3 1000 7.7861319158234e-08 2.78466e-07 3.02920333481892e-06
3.25 1000 1.9552e-07 6.72593e-07 6.29137618914684e-06
3.5 1000 4.79566e-07 1.53927e-06 1.22738159089831e-05
3.75 1000 1.11866484762341e-06 3.35102e-06 2.29120507266148e-05
4 1000 2.56100809516533e-06 6.94156e-06 4.10642297749321e-05
4.25 1000 5.77906435201595e-06 1.40241e-05 7.36891605594369e-05
4.5 1000 1.26907995007016e-05 2.92052e-05 0.000131777251296608
4.75 1000 2.63423e-05 5.56191684759679e-05 0.000234837992787831
5 1000 4.94078326613787e-05 0.000107876 0.000403107928763002
5.25 1000 8.91255152465752e-05 0.000196895605702114 0.000670688994333925
5.5 1000 0.000142682 0.000336074947305711 0.00104693492329415
5.75 1000 0.000209895 0.000531629425431514 0.00151757305049209
6 1000 0.000293177 0.000797223696262023 0.00209748384720976
6.25 1000 0.000399364 0.0011637525435829 0.00283583230822444
6.5 1000 0.000535338 0.00164302 0.00378008740938315
6.75 1000 0.000705511 0.0022730851427419 0.00496119057121943
7 1000 0.000924434 0.00311881565389347 0.00648251278374314
7.25 1000 0.00121753 0.00428579 0.00852427017577641
7.5 1000 0.00159808 0.00568885073818388 0.0111981327709015
7.75 1000 0.00207303 0.00763824884793935 0.0145895829244633
