Var1 Var2 Var3 Var4 Var5
3 0 0.000947864999999999 0.00107171 0.00127333
3.25 0 0.00193641 0.00217178 0.00254261
3.5 0 0.0038776 0.00441242 0.00510037
3.75 0 0.00767324 0.00890905 0.0101913
4 0 0.0150247 0.0180285 0.0204814
4.25 0 0.028532 0.0361655 0.0411005
4.5 0 0.0518464 0.0714025 0.0820675
4.75 0 0.0890242 0.136706 0.161218
5 0 0.145831 0.252981 0.310369
5.25 0 0.266467 0.519231 0.668313
5.5 0 0.423837 0.911769 1.23108
5.75 0 0.561428 1.30473 1.8358
6 0 0.634171 1.56123 2.2678
6.25 0 0.666357 1.71193 2.54454
6.5 0 0.709346 1.88193 2.84286
6.75 0 0.788345 2.14509 3.2777
7 0 0.898704 2.49665 3.84687
7.25 0 1.00466 2.84094 4.40513
7.5 0 1.07037 3.07404 4.79022
7.75 0 1.10131 3.20699 5.01715
3 2 0.000931881 0.00105356 0.00125098
3.25 2 0.00190522 0.00213655 0.00249993
3.5 2 0.00381764 0.00434371 0.0050183
3.75 2 0.00755001 0.00876542 0.0100225
4 2 0.0147743 0.0177284 0.0201321
4.25 2 0.0280332 0.0355365 0.0403747
4.5 2 0.0509085 0.0701216 0.0805812
4.75 2 0.0874677 0.134339 0.158413
5 2 0.143314 0.248665 0.305056
5.25 2 0.261853 0.510365 0.656879
5.5 2 0.418479 0.900472 1.21577
5.75 2 0.564366 1.31184 1.84569
6 2 0.655311 1.61345 2.34348
6.25 2 0.709182 1.82201 2.70794
6.5 2 0.764563 2.02846 3.06387
6.75 2 0.839355 2.28382 3.48932
7 2 0.931537 2.58782 3.98698
7.25 2 1.01603 2.87304 4.45456
7.5 2 1.06812 3.06761 4.77978
7.75 2 1.09498 3.18854 4.98804
3 5 0.000857623 0.000969352 0.00114752
3.25 5 0.00175185 0.00196351 0.00229117
3.5 5 0.00350469 0.00398567 0.00459329
3.75 5 0.00691942 0.0080309 0.00916288
4 5 0.0135197 0.0162235 0.0183955
4.25 5 0.0256801 0.032567 0.0369527
4.5 5 0.0467784 0.0644784 0.0740325
4.75 5 0.0803345 0.12349 0.14554
5 5 0.131379 0.228164 0.279805
5.25 5 0.236318 0.461114 0.593335
5.5 5 0.379165 0.816815 1.10254
5.75 5 0.526618 1.22521 1.72322
6 5 0.641126 1.57937 2.29289
6.25 5 0.71684 1.84205 2.73623
6.5 5 0.778622 2.06575 3.11852
6.75 5 0.843983 2.29624 3.50647
7 5 0.916772 2.54654 3.92156
7.25 5 0.983812 2.7817 4.31121
7.5 5 1.03153 2.96233 4.61427
7.75 5 1.06107 3.08971 4.83207
3 10 0.000672254 0.000759457 0.000891652
3.25 10 0.0013622 0.00152507 0.00176632
3.5 10 0.00270105 0.00306833 0.00351238
3.75 10 0.00532468 0.00617587 0.00700499
4 10 0.0103876 0.0124669 0.0140673
4.25 10 0.0198156 0.0251567 0.028439
4.5 10 0.0363067 0.0501338 0.0574145
4.75 10 0.0622205 0.0958528 0.112773
5 10 0.10137 0.176456 0.21612
5.25 10 0.174638 0.341661 0.439166
5.5 10 0.272575 0.588699 0.793794
5.75 10 0.381673 0.889787 1.24991
6 10 0.482851 1.19094 1.72643
6.25 10 0.57203 1.47068 2.18098
6.5 10 0.649108 1.72213 2.59535
6.75 10 0.719609 1.95738 2.98419
7 10 0.792928 2.20192 3.38575
7.25 10 0.865588 2.44684 3.78714
7.5 10 0.924422 2.65435 4.12969
7.75 10 0.966708 2.8148 4.39766
3 20 0.000381405 0.000430965 0.000501508
3.25 20 0.000768612 0.000859346 0.000979977
3.5 20 0.0015136 0.00171701 0.0019353
3.75 20 0.00298092 0.00345513 0.00386619
4 20 0.00580662 0.00697386999999999 0.00777990000000001
4.25 20 0.0109592 0.0139454 0.0156224
4.5 20 0.0199378 0.0276305 0.0314247
4.75 20 0.0346543 0.0536165 0.062747
5 20 0.0570766 0.0998229 0.12173
5.25 20 0.0948907 0.186517 0.238786
5.5 20 0.145546 0.31566 0.424001
5.75 20 0.201855 0.472234 0.660546
6 20 0.259714 0.642062 0.926507
6.25 20 0.32134 0.827024 1.2205
6.5 20 0.385713 1.02338 1.53456
6.75 20 0.456249 1.24039 1.88153
7 20 0.533025 1.47906 2.26336
7.25 20 0.612147 1.7293 2.66463
7.5 20 0.685641 1.9679 3.04937
7.75 20 0.749812 2.18304 3.39842
3 30 0.000236338 0.000267461 0.000312025
3.25 30 0.000478209 0.000534696 0.000612304
3.5 30 0.000944173 0.00107102 0.00120482
3.75 30 0.00184944 0.00214456 0.00237513
4 30 0.0035817 0.0043075 0.00475323
4.25 30 0.00675862 0.00862086 0.00957065
4.5 30 0.0123155 0.0171225 0.0193304
4.75 30 0.0214294 0.033278 0.0387055
5 30 0.035321 0.0619962 0.07519
5.25 30 0.0580622 0.114551 0.145888
5.5 30 0.0888094 0.193302 0.258251
5.75 30 0.123732 0.290277 0.403881
6 30 0.161304 0.39956 0.573432
6.25 30 0.203904 0.525359 0.770916
6.5 30 0.251084 0.666389 0.993403
6.75 30 0.305627 0.830661 1.25261
7 30 0.367967 1.02051 1.5525
7.25 30 0.436459 1.23227 1.88808
7.5 30 0.506882 1.45431 2.24381
7.75 30 0.576211 1.67759 2.60761
3 40 0.000165772 0.000186512 0.000215754
3.25 40 0.000331387 0.000371523 0.000424937
3.5 40 0.000653134 0.000741548 0.000838471
3.75 40 0.00127644 0.00148189 0.00165004
4 40 0.00246531 0.00297046 0.00326532
4.25 40 0.00464566 0.00594132 0.00653965
4.5 40 0.00846408 0.0118056 0.0132418
4.75 40 0.014716 0.022933 0.0265761
5 40 0.0242453 0.0427072 0.0516908
5.25 40 0.0396834 0.0785608 0.0998905
5.5 40 0.0606921 0.132509 0.176774
5.75 40 0.0855571 0.201241 0.279611
6 40 0.113228 0.281039 0.402815
6.25 40 0.144185 0.37199 0.545278
6.5 40 0.179446 0.476586 0.709992
6.75 40 0.220906 0.600494 0.905557
7 40 0.269272 0.746676 1.13711
7.25 40 0.324717 0.916587 1.40791
7.5 40 0.385664 1.10682 1.71381
7.75 40 0.450299 1.31257 2.04787
3 50 0.000124111 0.000138863 0.000159599
3.25 50 0.000246363 0.000276405066759093 0.000314388
3.5 50 0.000491167431039269 0.000551193 0.000621563
3.75 50 0.000959537044286393 0.00110510585956026 0.00123342508178696
4 50 0.0018517368339785 0.00223584746315559 0.00246193015091796
4.25 50 0.00349034943808514 0.00445050012443935 0.00495694
4.5 50 0.00636576193950683 0.00889793241613311 0.0100534
4.75 50 0.0110696851006095 0.0173072648090259 0.0201282
5 50 0.018239409552208 0.0323087 0.0391022
5.25 50 0.0296997084335437 0.0589162868641655 0.075375
5.5 50 0.0453268 0.0991823245350502 0.133303
5.75 50 0.0643215 0.15159928209245 0.212183
6 50 0.0859399 0.213609965557704 0.307859
6.25 50 0.110169908468597 0.285388371064199 0.417804
6.5 50 0.138526530370872 0.369295289508393 0.546291
6.75 50 0.171823644518281 0.473953984386344 0.702451557819814
7 50 0.212773 0.60055 0.900662400116931
7.25 50 0.260274 0.749714 1.15122110942366
7.5 50 0.314146 0.940723 1.45455
7.75 50 0.373741 1.16087737298181 1.81641
3 70 8.04449e-05 0.000105799879342771 0.000136728396153609
3.25 70 0.000161403767186951 0.000213299 0.000269976
3.5 70 0.000318997143924234 0.000420381 0.000533362
3.75 70 0.000619728 0.000828111 0.00105155
4 70 0.00118937 0.00156826120459337 0.00209422
4.25 70 0.0022388 0.00311883 0.00423886
4.5 70 0.00408491 0.00604330519287284 0.00862661
4.75 70 0.00711465 0.0121646608519334 0.0172175
5 70 0.0117543 0.023783637395795 0.0336381
5.25 70 0.0192462 0.0460505614368662 0.0649488
5.5 70 0.0295735 0.0819477811372659 0.11539
5.75 70 0.0420347 0.126508609394286 0.184012
6 70 0.0562135 0.183713153967669 0.268081
6.25 70 0.0725567 0.247954964419649 0.368515
6.5 70 0.0917858 0.324094192633818 0.489322
6.75 70 0.114882 0.418191231587586 0.637728
7 70 0.143053 0.534385293214952 0.824018615998125
7.25 70 0.177417 0.681494369706266 1.05947333333348
7.5 70 0.21797 0.861806065500127 1.34967577509633
7.75 70 0.265055 1.07990316918772 1.70281527777707
3 100 4.9962002727107e-05 7.77147000000005e-05 0.000119938
3.25 100 9.97184e-05 0.000152390000000002 0.000233502
3.5 100 0.000198963628322877 0.000299981000000004 0.000463282
3.75 100 0.000395978256670332 0.000590791000000005 0.0009171
4 100 0.000769149092523355 0.00117319000000002 0.00182184
4.25 100 0.0014605 0.00235954000000001 0.00365223
4.5 100 0.00266395 0.00455075 0.00748091
4.75 100 0.00465748 0.00861232 0.014917
5 100 0.00773514 0.0154127731647419 0.0293409
5.25 100 0.012678 0.0289655 0.0569048
5.5 100 0.0195294 0.0507697 0.101539
5.75 100 0.0278449 0.0812459 0.162491
6 100 0.037412 0.118788 0.237576
6.25 100 0.0487255 0.164336 0.328671
6.5 100 0.0622744 0.219503 0.439007
6.75 100 0.0787883 0.287377 0.574755
7 100 0.0993538 0.372889 0.745779
7.25 100 0.124916 0.480816 0.96163
7.5 100 0.156069 0.614733 1.22947
7.75 100 0.193583 0.778865 1.55773
3 130 3.84835201052315e-05 6.09785000000003e-05 9.34688999999999e-05
3.25 130 7.68986e-05 0.000119391000000001 0.00018414289746104
3.5 130 0.000151726 0.000234655000000002 0.000363326893566947
3.75 130 0.000302253714480991 0.000462936000000004 0.000720977626449337
4 130 0.000596754 0.000920685000000006 0.00143609
4.25 130 0.00114269 0.00185398 0.00287773
4.5 130 0.00209179 0.00358802 0.00590243
4.75 130 0.00367978 0.00669249 0.0117124368368145
5 130 0.00615306 0.0122986871706823 0.0229357
5.25 130 0.0101217 0.0230145 0.0446
5.5 130 0.0156546 0.0402008 0.0798297
5.75 130 0.0224695 0.0642446 0.128489
6 130 0.0303995 0.0945039 0.189008
6.25 130 0.0398563 0.131508 0.263017
6.5 130 0.0512335 0.176577 0.353153
6.75 130 0.0652822 0.232712 0.465425
7 130 0.0828542 0.303786 0.607573
7.25 130 0.104702 0.393607 0.787215
7.5 130 0.131444 0.505792 1.01158
7.75 130 0.164075 0.645326 1.29065
3 200 2.34057090190725e-05 3.76655000000001e-05 5.83797894219652e-05
3.25 200 4.64603e-05 7.37135000000008e-05 0.000114651273552552
3.5 200 9.07010829813552e-05 0.000144798000000001 0.000226654257275254
3.75 200 0.000179233004905304 0.000288298000000001 0.000449793716826523
4 200 0.000353020926808989 0.000577996000000002 0.000903784746174271
4.25 200 0.0006780184458565 0.00111293 0.00181035178891686
4.5 200 0.00128586 0.00216830817915455 0.00363079286265503
4.75 200 0.0022657 0.00413499 0.00723521030703415
5 200 0.00380732 0.00773566 0.0141566126300222
5.25 200 0.00629461 0.0143130315411956 0.0274393
5.5 200 0.00980558 0.0250053 0.049453
5.75 200 0.0143224 0.0404597 0.0809194
6 200 0.0197271 0.0604896 0.120979
6.25 200 0.0260899 0.0847225 0.169445
6.5 200 0.0338417 0.114467 0.228934
6.75 200 0.0434903 0.151707 0.303414
7 200 0.055653 0.199131 0.398261
7.25 200 0.070818 0.259247 0.518494
7.5 200 0.0896487 0.335399 0.670798
7.75 200 0.113261 0.432824 0.865648
3 300 1.22114728369582e-05 2.08276e-05 3.30439818300195e-05
3.25 300 2.40807025597175e-05 4.12846e-05 6.54595842039642e-05
3.5 300 4.77519e-05 8.14432e-05 0.000130759525390776
3.75 300 9.46576e-05 0.00015936 0.000258487103651837
4 300 0.00018581921072505 0.00031639 0.000517844068696906
4.25 300 0.000363469 0.000606060489156116 0.00103195608605299
4.5 300 0.000668178 0.00120012 0.00206713864715861
4.75 300 0.00118832 0.00227953 0.00411610661778525
5 300 0.00202272 0.00439585021492516 0.00797576755559263
5.25 300 0.00339154 0.00811162187963129 0.0155002877002774
5.5 300 0.00536227 0.0144881678004259 0.0278513
5.75 300 0.00793788 0.0235212368242963 0.0461253
6 300 0.011072 0.0349234251240545 0.0697141
6.25 300 0.0148204 0.0493063 0.0986126
6.5 300 0.0194254 0.0671444 0.134289
6.75 300 0.0252653 0.0897868749847707 0.179611
7 300 0.0326841 0.118792099635776 0.237621
7.25 300 0.041938 0.155513902788401 0.31106
7.5 300 0.0535403 0.202423604860028 0.404878
7.75 300 0.0684031 0.263739105848872 0.527504
3 500 9.37651750228054e-07 1.70525447713088e-06 3.11591895197197e-06
3.25 500 2.57637778955559e-06 4.70067490820666e-06 8.51679864190643e-06
3.5 500 6.97137249719586e-06 1.2755759560519e-05 2.31069466604263e-05
3.75 500 1.8159469062884e-05 3.37248034291079e-05 6.05624351015351e-05
4 500 4.5771e-05 8.65662819828548e-05 0.000156143279598946
4.25 500 0.000112679 0.000215644247260614 0.000385196480625756
4.5 500 0.000240127702612443 0.000469771166159172 0.000866274375868685
4.75 500 0.000456802 0.000876866 0.00177628956016377
5 500 0.000749674 0.00162862 0.00329101327461954
5.25 500 0.00108695 0.00275131620616289 0.00534753164027639
5.5 500 0.00149646 0.00422158492497526 0.00811222772105213
5.75 500 0.00203201 0.00614949907741244 0.0119384504130599
6 500 0.00277321 0.00896976 0.0175063984789327
6.25 500 0.00380149 0.0129699 0.0249358
6.5 500 0.00518578 0.0183425 0.0352777
6.75 500 0.00698959 0.0252818488025984 0.0487876
7 500 0.00931368000000001 0.0342184929534775 0.0663095
7.25 500 0.0123146 0.0458646432650718 0.0891788
7.5 500 0.0161036 0.0607791782886038 0.118528
7.75 500 0.0206928 0.0791091317044245 0.154867
3 700 3.2361192175286e-07 6.15365e-07 1.32622996391365e-06
3.25 700 8.89991328887956e-07 1.69928e-06 3.63686122916506e-06
3.5 700 2.41132916667797e-06 4.63625e-06 9.9056348310313e-06
3.75 700 6.28648633684788e-06 1.22547e-05 2.6020088345305e-05
4 700 1.58449e-05 3.16440350011684e-05 6.73152162306956e-05
4.25 700 3.91517e-05 7.83036000000001e-05 0.000166631454100497
4.5 700 8.92059e-05 0.000177108694996394 0.000376185916346978
4.75 700 0.000171328218848071 0.000340218 0.000773800743740691
5 700 0.000291889 0.000630161409561418 0.00143794227424896
5.25 700 0.000425032 0.00108175 0.0023432924346674
5.5 700 0.000587917 0.00165801 0.0035531206380152
5.75 700 0.000802351 0.00243623401523875 0.005184875840349
6 700 0.00110103 0.00352351019011987 0.00744191404411937
6.25 700 0.00151815 0.00504209 0.0105674952882972
6.5 700 0.00208402 0.00710561 0.0148030194470854
6.75 700 0.00282802 0.00983501021961052 0.0203804
7 700 0.00379624 0.0134189474656637 0.0276236182921398
7.25 700 0.00506021 0.0181482600375508 0.0372102314155655
7.5 700 0.00667646 0.024278614547882 0.0495975366043184
7.75 700 0.00866321 0.0319458785159271 0.0650541151873566
3 1000 7.65366713970865e-08 1.45063e-07 4.30669659913926e-07
3.25 1000 2.10624565878936e-07 4.00761e-07 1.18333749653261e-06
3.5 1000 5.712229871549e-07 1.09419e-06 3.23134306301728e-06
3.75 1000 1.49011082097697e-06 2.93956000000008e-06 8.50651955821523e-06
4 1000 3.75507e-06 7.69394000000019e-06 2.2055705968912e-05
4.25 1000 9.29750732369261e-06 1.93635000000003e-05 5.47633489484369e-05
4.5 1000 2.18204e-05 4.54383e-05 0.000124116131351771
4.75 1000 4.54817e-05 9.28222201935456e-05 0.000256210100494596
5 1000 7.89661914373431e-05 0.000166253557984371 0.000477882593533653
5.25 1000 0.000120136 0.000272876566392954 0.000781795164870116
5.5 1000 0.000167615 0.000428767895059285 0.00119041561254164
5.75 1000 0.000230982 0.000654674473890689 0.00174504983254898
6 1000 0.00032037 0.000979645998142078 0.00251720353001105
6.25 1000 0.000446835 0.00144958 0.00359142376709176
6.5 1000 0.000620811 0.00203518 0.00505016945431325
6.75 1000 0.000852994 0.00286310996008078 0.00697969944879281
7 1000 0.00115973 0.00396552178666603 0.00951595455406241
7.25 1000 0.00156621 0.00540858269694366 0.0128724384368559
7.5 1000 0.0020944 0.00732229570928258 0.017245052446427
7.75 1000 0.00275564 0.00986061999999999 0.0228558
