Var1 Var2 Var3 Var4 Var5
3 0 0.0674264 0.0976864 0.141142
3.25 0 0.103277 0.169199 0.253671
3.5 0 0.15494 0.286948 0.450149
3.75 0 0.226013 0.465805 0.76582
4 0 0.323218 0.723994 1.24078
4.25 0 0.456969 1.08705 1.92407
4.5 0 0.638224 1.58365 2.86786
4.75 0 0.880084 2.25064 4.13925
5 0 1.20221 3.14555 5.84915
5.25 0 1.71811 4.58258 8.61996
5.5 0 2.09693 5.69363 10.8067
5.75 0 2.27995 6.29556 12.0268
6 0 2.24506 6.29697 12.0778
6.25 0 2.1486 6.11581 11.7544
6.5 0 2.13532 6.16411 11.8549
6.75 0 2.25474 6.59929 12.6866
7 0 2.44851 7.26491 13.9504
7.25 0 2.61324 7.85756 15.061
7.5 0 2.66569 8.12039 15.5267
7.75 0 2.62715 8.10606 15.4541
3 2 0.0660568 0.095731 0.138256
3.25 2 0.101243 0.165913 0.248639
3.5 2 0.15195 0.281487 0.441388
3.75 2 0.221629 0.456882 0.75083
4 2 0.317027 0.71028 1.21675
4.25 2 0.448281 1.06657 1.887
4.5 2 0.626358 1.55442 2.81367
4.75 2 0.864873 2.21191 4.06623
5 2 1.18248 3.0941 5.7507
5.25 2 1.70076 4.53611 8.52756
5.5 2 2.09602 5.69069 10.7931
5.75 2 2.33338 6.44216 12.2979
6 2 2.38238 6.6811 12.806
6.25 2 2.36835 6.74079 12.9484
6.5 2 2.4073 6.95015 13.3606
6.75 2 2.51942 7.37413 14.1709
7 2 2.66744 7.91476 15.1939
7.25 2 2.77929 8.35732 16.0151
7.5 2 2.79065 8.50156 16.2523
7.75 2 2.73191 8.42988 16.0687
3 5 0.0596838 0.0866256 0.12483
3.25 5 0.0913335 0.14989 0.224146
3.5 5 0.136846 0.253852 0.397215
3.75 5 0.199725 0.412234 0.676028
4 5 0.286224 0.64197 1.09742
4.25 5 0.406063 0.967044 1.70724
4.5 5 0.570012 1.41561 2.55688
4.75 5 0.7905 2.0227 3.71002
5 5 1.0844 2.83827 5.26295
5.25 5 1.54994 4.13369 7.74892
5.5 5 1.95607 5.30876 10.0361
5.75 5 2.27367 6.27375 11.9355
6 5 2.45524 6.88217 13.1497
6.25 5 2.54313 7.23612 13.8618
6.5 5 2.60299 7.51333 14.4108
6.75 5 2.6838 7.85607 15.0681
7 5 2.78575 8.26756 15.8476
7.25 5 2.85546 8.58883 16.4387
7.5 5 2.85584 8.70163 16.6207
7.75 5 2.79285 8.62043 16.4188
3 10 0.044056 0.0642367 0.0919715
3.25 10 0.0670708 0.110555 0.164291
3.5 10 0.100008 0.186285 0.289698
3.75 10 0.146313 0.303156 0.494102
4 10 0.210684 0.474185 0.805588
4.25 10 0.301339 0.719776 1.26276
4.5 10 0.427172 1.06354 1.9086
4.75 10 0.598478 1.5344 2.79617
5 10 0.826753 2.16695 3.991
5.25 10 1.146 3.05816 5.68817
5.5 10 1.42954 3.88166 7.26962
5.75 10 1.69747 4.68034 8.8245
6 10 1.92915 5.4033 10.2348
6.25 10 2.12607 6.04653 11.4924
6.5 10 2.28977 6.60905 12.5899
6.75 10 2.43478 7.13002 13.5976
7 10 2.56832 7.62808 14.5507
7.25 10 2.67927 8.06682 15.3766
7.5 10 2.72669 8.31891 15.8324
7.75 10 2.70627 8.36378 15.8825
3 20 0.0219024 0.0323497 0.0455322
3.25 20 0.0332438 0.0554868 0.0810956
3.5 20 0.0494504 0.093225 0.142619
3.75 20 0.0726525 0.15226 0.244147
4 20 0.10549 0.239968 0.401063
4.25 20 0.151701 0.365913 0.631446
4.5 20 0.216996 0.544965 0.961791
4.75 20 0.309557 0.79961 1.43249
5 20 0.433336 1.14281 2.06824
5.25 20 0.580292 1.55583 2.83947
5.5 20 0.716055 1.94907 3.58024
5.75 20 0.86633 2.39339 4.41997
6 20 1.03159 2.89306 5.36768
6.25 20 1.2099 3.44498 6.41788
6.5 20 1.39781 4.04133 7.55513
6.75 20 1.59208 4.67324 8.76141
7 20 1.78935 5.33079 10.0138
7.25 20 1.977 5.97445 11.2348
7.5 20 2.12276 6.50331 12.2304
7.75 20 2.2176 6.88403 12.9364
3 30 0.0121169 0.0181644 0.0260121
3.25 30 0.0183845 0.0311349 0.0446864
3.5 30 0.0273356 0.0522678 0.0785448
3.75 30 0.0402409 0.085494 0.134676
4 30 0.0586593 0.135192 0.221978
4.25 30 0.0847302 0.206917 0.350764
4.5 30 0.121903 0.309697 0.536835
4.75 30 0.174995 0.456825 0.803629
5 30 0.246186 0.655443 1.16438
5.25 30 0.327314 0.88493 1.58408
5.5 30 0.405151 1.11068 1.99969
5.75 30 0.496089 1.37873 2.4943
6 30 0.603943 1.70215 3.093
6.25 30 0.729485 2.08639 3.80684
6.5 30 0.872264 2.53279 4.63975
6.75 30 1.0328 3.04527 5.59859
7 30 1.20827 3.61741 6.67086
7.25 30 1.39134 4.22733 7.81439
7.5 30 1.56167 4.81302 8.90972
7.75 30 1.70584 5.32936 9.87149
3 40 0.00752913 0.0114643 0.0167423
3.25 40 0.0114269 0.0196511 0.0286107
3.5 40 0.0169916 0.0329817 0.0486685
3.75 40 0.024997 0.0538911 0.0833734
4 40 0.0364453 0.0851966 0.137388
4.25 40 0.0527505 0.13059 0.217413
4.5 40 0.0761013 0.195867 0.333409
4.75 40 0.109364 0.289015 0.499196
5 40 0.154248 0.415383 0.724361
5.25 40 0.204336 0.558289 0.980521
5.5 40 0.253754 0.70227 1.23997
5.75 40 0.314118 0.880396 1.56135
6 40 0.388015 1.10198 1.9623
6.25 40 0.476999 1.37368 2.45603
6.5 40 0.582151 1.7013 3.05404
6.75 40 0.703442 2.08735 3.76174
7 40 0.83983 2.53056 4.57712
7.25 40 0.990004 3.0285 5.49495
7.5 40 1.14453 3.55493 6.46772
7.75 40 1.29231 4.07386 7.42734
3 50 0.0051013290735962 0.00787043517491614 0.0114759
3.25 50 0.00774468629055347 0.0134892 0.0203320295574377
3.5 50 0.0115173680774012 0.0227423 0.0339666637777679
3.75 50 0.0169130885355546 0.0369637309855411 0.0562025329323169
4 50 0.0246197197195092 0.058641592336222 0.0924498848209986
4.25 50 0.0356331072371627 0.0902820907265321 0.146253190733475
4.5 50 0.0513962500556043 0.135351106070457 0.22416070068567
4.75 50 0.0738478940359851 0.199986258283553 0.335422068645898
5 50 0.103927678165743 0.286715614444647 0.48540867242964
5.25 50 0.137042813901337 0.382577683170566 0.653812644511263
5.5 50 0.170167182413748 0.480181292572731 0.826344136784612
5.75 50 0.211820568920665 0.604932379616399 1.04566997900858
6 50 0.264082475643916 0.766376 1.3254259155322
6.25 50 0.328515586710391 0.970199 1.67761843521823
6.5 50 0.40692948968394 1.22232914157426 2.11621825288406
6.75 50 0.500943002855095 1.548 2.65466802069069
7 50 0.611842330431307 1.92842432852671 3.30405198916381
7.25 50 0.742105987746494 2.42003117389881 4.13814101932654
7.5 50 0.898577130152937 2.97219 5.10622190818003
7.75 50 1.06592407981892 3.54066834622721 6.19033076053081
3 70 0.00294184606517898 0.00482990023975899 0.00788717194010118
3.25 70 0.00457687 0.0083521 0.0137678
3.5 70 0.00680665 0.0145078294109706 0.0242289
3.75 70 0.00994957 0.0235213 0.0412741
4 70 0.0144187 0.0387879 0.0676423
4.25 70 0.0208079 0.0595356300020954 0.103552
4.5 70 0.0299178 0.0893219362538774 0.153947919318447
4.75 70 0.0428194 0.132034 0.226672552983853
5 70 0.0600231 0.188736 0.323359304278527
5.25 70 0.0787295 0.250845 0.429102603922553
5.5 70 0.0980489 0.316262 0.542476155621231
5.75 70 0.123267 0.402706 0.68699692506452
6 70 0.155963 0.516748 0.880817519643241
6.25 70 0.19767 0.665417 1.14009112456709
6.5 70 0.24965 0.8556 1.46621107312277
6.75 70 0.313046 1.09463 1.86602429543264
7 70 0.389706 1.39296 2.37645177904922
7.25 70 0.479897 1.74583 3.01062201313427
7.5 70 0.582096 2.14592 3.7616349271511
7.75 70 0.694686 2.59238 4.62689798015475
3 100 0.00146576 0.00293153 0.00547038
3.25 100 0.00221822 0.00487482423912479 0.00932108
3.5 100 0.00357014 0.00818423 0.0156454
3.75 100 0.00520835 0.0136133086991437 0.0265657
4 100 0.00752353 0.0216183696791933 0.0433365
4.25 100 0.0108212 0.0327130039417644 0.0680808
4.5 100 0.0154813 0.0483904185515495 0.103447
4.75 100 0.0219698 0.0707609036075114 0.153132
5 100 0.03052 0.100380090383033 0.219037
5.25 100 0.0396446 0.133159 0.2908
5.5 100 0.0493801 0.169058 0.368844
5.75 100 0.0628123 0.218885 0.477119
6 100 0.0809122 0.286997 0.610699321097132
6.25 100 0.104461 0.377459 0.799467527289182
6.5 100 0.13456 0.495339815651377 1.04555518751621
6.75 100 0.172414 0.645271653439917 1.36182355943086
7 100 0.219434 0.838535836633473 1.76315499467196
7.25 100 0.276445 1.0749716255586 2.26048756258985
7.5 100 0.343897 1.36533058210326 2.86146132796812
7.75 100 0.422863 1.71202131100078 3.57817090032932
3 130 0.00090518 0.00181036 0.00344379
3.25 130 0.00136372 0.00292438 0.00584875
3.5 130 0.00209658 0.0050066929631081 0.00970649000000001
3.75 130 0.00304039 0.00807736210204425 0.0156185
4 130 0.0043659 0.013482131137992 0.024896
4.25 130 0.00623264 0.0204359221073262 0.0389147
4.5 130 0.00884046 0.0298061069862372 0.0587411
4.75 130 0.0124461 0.0433886267124278 0.0862335
5 130 0.0171435 0.0611661634374925 0.122261
5.25 130 0.0221012 0.0795167397200628 0.161047
5.5 130 0.0275499 0.10058 0.204349
5.75 130 0.0354635 0.130744736145493 0.267391
6 130 0.0464151 0.173045 0.355756
6.25 130 0.0608947 0.229738 0.474904
6.5 130 0.079789 0.306466 0.633757
6.75 130 0.104037 0.407727 0.84261
7 130 0.134591 0.538631 1.11232
7.25 130 0.172104 0.703608 1.45181
7.5 130 0.217175 0.906809 1.86926
7.75 130 0.271025 1.15353799740075 2.37778
3 200 0.000315557398484292 0.000641978 0.00138457696567004
3.25 200 0.000479322930001341 0.00106585965795576 0.00234979506598305
3.5 200 0.000704641 0.00177501446391686 0.0039469502892657
3.75 200 0.00106006098263571 0.00286161 0.00630889
4 200 0.00154852 0.00443371 0.0097013
4.25 200 0.00218477 0.00664199 0.014791
4.5 200 0.00305065 0.00967051 0.0219258
4.75 200 0.00421735 0.0137718 0.0315225
5 200 0.00569333 0.019009 0.043674
5.25 200 0.00721769 0.0245337 0.056377
5.5 200 0.00902096 0.031098616893687 0.0714734
5.75 200 0.011817 0.0411825720116378 0.0947987
6 200 0.0159151 0.0560710436725123 0.129265
6.25 200 0.0216715 0.0776820485142547 0.178345
6.5 200 0.0294812 0.106352161148284 0.246154
6.75 200 0.0396919 0.146190175487903 0.33681
7 200 0.0528847 0.197448012749432 0.456893
7.25 200 0.0694256 0.263283 0.611681
7.5 200 0.0898208 0.346913 0.808105
7.75 200 0.114836 0.452609 1.05578
3 300 6.80250000000001e-05 0.00016347361323074 0.000439243200163502
3.25 300 0.000113771605769449 0.000253634424871982 0.000712968115991592
3.5 300 0.00017358595829043 0.000432644 0.00118506440898984
3.75 300 0.000255157 0.000703047673353057 0.0019023961303493
4 300 0.000359707 0.00111998110154961 0.00292482913296358
4.25 300 0.000496803 0.00162369627339071 0.00424036
4.5 300 0.000675455 0.00227357672091166 0.00590926
4.75 300 0.000907067 0.00310485302709306 0.00802763
5 300 0.00118682 0.00410058675449889 0.0105453
5.25 300 0.00147319 0.00516604 0.0130904
5.5 300 0.00185067 0.00651751 0.0164244
5.75 300 0.00248218 0.00880618331695501 0.0220072
6 300 0.00346891 0.0124445591088787 0.0308230401966114
6.25 300 0.00490334 0.0177939532267723 0.0438409954011271
6.5 300 0.00692254 0.025657 0.0623737828411747
6.75 300 0.00974561 0.0362726506207389 0.0886428442591008
7 300 0.0135219 0.0510512772410993 0.12437857574408
7.25 300 0.0182943 0.0712168 0.170497659779574
7.5 300 0.0243265 0.0964987 0.233065006597554
7.75 300 0.0320562 0.128233658522817 0.30824318041819
3 500 7.99911215883329e-06 2.45456221876574e-05 0.000102123038888243
3.25 500 1.83184e-05 5.20224498621853e-05 0.000227755961918557
3.5 500 3.73378172753893e-05 0.000111651305715852 0.00047618459524175
3.75 500 6.97791e-05 0.000208289099362201 0.000887875049022276
4 500 0.000121761811021236 0.000338702664821031 0.00150316187106559
4.25 500 0.000197809712483533 0.000554155 0.00235691
4.5 500 0.000304357 0.000877402 0.00353986
4.75 500 0.000456565 0.00139256991002032 0.00518996
5 500 0.000690417 0.00210902833390025 0.0076232
5.25 500 0.00108729 0.00335336 0.0116062
5.5 500 0.0016766 0.0052234 0.0172143
5.75 500 0.00237593 0.0075306704898074 0.0236136
6 500 0.00317151 0.0103051 0.0307744
6.25 500 0.00411026 0.013721 0.0391093
6.5 500 0.00523912 0.0179425 0.0491511
6.75 500 0.00657981 0.0230805 0.0610508
7 500 0.00823782 0.0295561 0.076038
7.25 500 0.0103867 0.0369943 0.0957262
7.5 500 0.0130766 0.0466577 0.120727
7.75 500 0.0162921 0.0592518 0.151091
3 700 9.87324338677299e-07 4.09506e-06 2.49157627550997e-05
3.25 700 2.40360379156739e-06 8.82078006494579e-06 5.56919489552238e-05
3.5 700 5.48970615966464e-06 1.82089642913075e-05 0.000117504937647518
3.75 700 1.14486e-05 3.55113436574704e-05 0.000221196503070514
4 700 2.19832373237679e-05 6.23251e-05 0.000379325221211646
4.25 700 3.76907e-05 0.000102546 0.00060296459382771
4.5 700 6.99036e-05 0.000178518888121011 0.000925814559496746
4.75 700 0.000116124095078528 0.000290724794944813 0.00139172301802917
5 700 0.00019459046945835 0.000489345 0.00210075059949758
5.25 700 0.000333702 0.000859880273418713 0.00329082183736796
5.5 700 0.000541348 0.00144962073609098 0.00502283587416794
5.75 700 0.000795117 0.00222581457999187 0.00708378223052944
6 700 0.00108939 0.00323433932147559 0.00945581795278591
6.25 700 0.00144499 0.00453385 0.012302453402069
6.5 700 0.00188062 0.00610025 0.0157922467886021
6.75 700 0.00240742 0.00807049 0.0200254829400528
7 700 0.0030682 0.0103579 0.025372794450834
7.25 700 0.00393502 0.0137275 0.0324533491346607
7.5 700 0.00503729 0.0180978 0.0415457492475816
7.75 700 0.0063804 0.0235508 0.0527775873533811
3 1000 7.79951e-08 3.42724e-07 3.55862671444322e-06
3.25 1000 2.04335e-07 8.38662999999999e-07 8.0386199976396e-06
3.5 1000 5.07874e-07 1.87604e-06 1.72281564434232e-05
3.75 1000 1.18707e-06 3.87887e-06 3.3206175417943e-05
4 1000 2.64654e-06 7.67912e-06 5.89329999445788e-05
4.25 1000 5.636412597287e-06 1.50393e-05 9.73888910576925e-05
4.5 1000 1.17764689280369e-05 2.76997e-05 0.000158266928546162
4.75 1000 2.33493e-05 5.14196857779305e-05 0.000254074245201058
5 1000 4.32073454792508e-05 9.7697024250443e-05 0.000411415075651697
5.25 1000 8.14742944908644e-05 0.000187859100167905 0.000692344170583351
5.5 1000 0.000140901 0.000334974110438248 0.00113249912425137
5.75 1000 0.000218109 0.000553568333887533 0.00170027494688373
6 1000 0.000314456 0.000851307696811522 0.0023980792926391
6.25 1000 0.000435939 0.00125735319132254 0.00327263480996196
6.5 1000 0.000589778 0.00179519 0.00437781013071758
6.75 1000 0.000781339 0.0025009162546129 0.00574988990053415
7 1000 0.00102688 0.00343170283486579 0.00751205049082972
7.25 1000 0.00135476 0.00472009332386656 0.00986997909132482
7.5 1000 0.00178007 0.00640699329964944 0.012944314335832
7.75 1000 0.00231132 0.00849258594066074 0.0168130049744344
