Var1 Var2 Var3 Var4 Var5
3 0 0.0626748 0.145576 0.406618
3.25 0 0.0975552 0.225854 0.647532
3.5 0 0.140607 0.339413 0.98841
3.75 0 0.19975 0.496253 1.45569
4 0 0.280242 0.71093 2.08915
4.25 0 0.389201 1.00383 2.94651
4.5 0 0.533718 1.39711 4.09058
4.75 0 0.7219 1.91653 5.59765
5 0 0.953849 2.56828 7.49485
5.25 0 1.318 3.59944 10.5785
5.5 0 1.59606 4.42673 13.0871
5.75 0 1.71821 4.84125 14.3577
6 0 1.67009 4.78087 14.1675
6.25 0 1.57663 4.58343 13.5308
6.5 0 1.54575 4.56315 13.3879
6.75 0 1.61158 4.83181 14.066
7 0 1.7265 5.2578 15.1636
7.25 0 1.81958 5.61903 16.0354
7.5 0 1.82667 5.73968 16.1898
7.75 0 1.77519 5.66426 15.7772
3 2 0.0612624 0.142359 0.397364
3.25 2 0.0953732 0.220926 0.632876
3.5 2 0.137505 0.332089 0.966264
3.75 2 0.195397 0.485654 1.42336
4 2 0.274273 0.696066 2.04362
4.25 2 0.381203 0.98362 2.88429
4.5 2 0.52328 1.37016 4.00793
4.75 2 0.708706 1.88196 5.49134
5 2 0.937522 2.52505 7.36046
5.25 2 1.30583 3.56642 10.4683
5.5 2 1.59788 4.43191 13.0834
5.75 2 1.76206 4.96544 14.7023
6 2 1.77894 5.09273 15.0713
6.25 2 1.74631 5.07718 14.9713
6.5 2 1.75368 5.17765 15.1777
6.75 2 1.81165 5.43248 15.8025
7 2 1.89192 5.76241 16.6087
7.25 2 1.94687 6.01299 17.1511
7.5 2 1.92378 6.04573 17.0457
7.75 2 1.85647 5.92478 16.4972
3 5 0.0546339 0.127343 0.353975
3.25 5 0.085035 0.197489 0.563472
3.5 5 0.12268 0.29701 0.860646
3.75 5 0.174601 0.434985 1.26944
4 5 0.245713 0.624838 1.8265
4.25 5 0.342684 0.885795 2.58575
4.5 5 0.472364 1.23864 3.6066
4.75 5 0.643612 1.71125 4.96936
5 5 0.855897 2.30741 6.69279
5.25 5 1.18677 3.24342 9.46356
5.5 5 1.49326 4.14304 12.1478
5.75 5 1.72338 4.85742 14.2817
6 5 1.84185 5.27444 15.5081
6.25 5 1.88692 5.48871 16.0928
6.5 5 1.9068 5.63348 16.4377
6.75 5 1.94088 5.82423 16.8781
7 5 1.98896 6.06265 17.4196
7.25 5 2.01462 6.22712 17.7153
7.5 5 1.98312 6.23683 17.5448
7.75 5 1.91145 6.10401 16.9631
3 10 0.039107 0.0919366 0.252556
3.25 10 0.0608362 0.142445 0.401556
3.5 10 0.0879092 0.214441 0.613845
3.75 10 0.125562 0.314986 0.907833
4 10 0.177654 0.454632 1.31201
4.25 10 0.249506 0.648588 1.86849
4.5 10 0.346936 0.914265 2.6261
4.75 10 0.479383 1.27993 3.66538
5 10 0.644345 1.74331 4.98399
5.25 10 0.869219 2.38197 6.83608
5.5 10 1.08512 3.01665 8.68633
5.75 10 1.28236 3.62016 10.4478
6 10 1.44631 4.14846 11.9816
6.25 10 1.57858 4.60041 13.2737
6.5 10 1.6812 4.97807 14.3214
6.75 10 1.76935 5.32276 15.2388
7 10 1.84465 5.63795 16.0331
7.25 10 1.8999 5.89775 16.6305
7.5 10 1.90747 6.01378 16.7905
7.75 10 1.86658 5.97486 16.496
3 20 0.0186319 0.0448236 0.119288
3.25 20 0.0288274 0.0690464 0.188493
3.5 20 0.0415693 0.103597 0.28702
3.75 20 0.0598367 0.153145 0.426901
4 20 0.0855196 0.222989 0.621892
4.25 20 0.121137 0.320344 0.891151
4.5 20 0.17034 0.456018 1.2635
4.75 20 0.239418 0.648277 1.78938
5 20 0.326525 0.894508 2.46179
5.25 20 0.426465 1.18169 3.25506
5.5 20 0.527633 1.48091 4.08431
5.75 20 0.640725 1.82418 5.03657
6 20 0.762874 2.20516 6.09541
6.25 20 0.889349 2.61196 7.22416
6.5 20 1.01988 3.04415 8.41688
6.75 20 1.15084 3.49137 9.63789
7 20 1.28076 3.94803 10.8624
7.25 20 1.40072 4.38652 12.0098
7.5 20 1.48757 4.73051 12.8645
7.75 20 1.53644 4.95912 13.3741
3 30 0.00996586 0.0245882 0.0631852
3.25 30 0.0153556 0.0377353 0.0994315
3.5 30 0.0221135 0.0564695 0.150922
3.75 30 0.0319967 0.083801 0.225192
4 30 0.0460141 0.12262 0.329395
4.25 30 0.0653429 0.176393 0.472181
4.5 30 0.092236 0.251716 0.67057
4.75 30 0.130778 0.360541 0.955837
5 30 0.180162 0.501781 1.32518
5.25 30 0.234617 0.660149 1.7417
5.5 30 0.292559 0.832761 2.19667
5.75 30 0.360311 1.039 2.74158
6 30 0.438889 1.28376 3.38997
6.25 30 0.527552 1.56683 4.14126
6.5 30 0.626874 1.8917 5.00339
6.75 30 0.736686 2.25944 5.9763
7 30 0.855325 2.66609 7.04449
7.25 30 0.977237 3.09477 8.15719
7.5 30 1.08752 3.49754 9.18135
7.75 30 1.17716 3.84215 10.029
3 40 0.00600249 0.015195 0.0398177
3.25 40 0.00923805 0.0233077 0.0602695
3.5 40 0.0133202 0.0348785 0.0898393
3.75 40 0.01926 0.0516566 0.133688
4 40 0.0276837 0.0754519 0.195045
4.25 40 0.0393404 0.108476 0.279215
4.5 40 0.0556164 0.154865 0.396281
4.75 40 0.0792058 0.222547 0.566271
5 40 0.109837 0.311427 0.78867
5.25 40 0.143245 0.409908 1.03579
5.5 40 0.179838 0.520054 1.31233
5.75 40 0.223914 0.655243 1.65267
6 40 0.276725 0.820569 2.07025
6.25 40 0.339077 1.02012 2.57579
6.5 40 0.411918 1.25846 3.18082
6.75 40 0.494694 1.53568 3.88466
7 40 0.586773 1.85117 4.68363
7.25 40 0.687179 2.20279 5.56867
7.5 40 0.788966 2.57477 6.48561
7.75 40 0.88456 2.92675 7.36165
3 50 0.00398839250285646 0.0102778293051803 0.0282010661689907
3.25 50 0.00605571112098647 0.0156452111160689 0.0426011791580718
3.5 50 0.00873678132155404 0.0233959020029845 0.0627232599410518
3.75 50 0.0126046347898433 0.0345253212209642 0.0910661546319357
4 50 0.0180765742881584 0.0502554770213988 0.130404317019269
4.25 50 0.025654545596597 0.0728581 0.18496
4.5 50 0.0362322728663134 0.10267 0.258950167466271
4.75 50 0.051682242089527 0.147652 0.368682
5 50 0.0719374351522931 0.207266 0.511569662529018
5.25 50 0.0939563052436262 0.272981 0.663968716202692
5.5 50 0.118328571600056 0.347806 0.842002319802832
5.75 50 0.14835698050382 0.44104 1.06657102107415
6 50 0.185147164784779 0.55725 1.34708902095458
6.25 50 0.230307297281976 0.709482 1.69741738742555
6.5 50 0.283680122000437 0.898125 2.12766562651334
6.75 50 0.347534636262904 1.12907 2.65072167171545
7 50 0.422294178909255 1.40768 3.31472799896185
7.25 50 0.507328909378467 1.73434 4.12065375759998
7.5 50 0.598238734073934 2.09547 5.04009494711203
7.75 50 0.690835380028756 2.47618 6.03791972787924
3 70 0.00203562 0.0059134 0.0161276
3.25 70 0.0030638 0.00914247169355643 0.0243375
3.5 70 0.00476794 0.0138325749461238 0.0357731
3.75 70 0.00724721386797196 0.0204559252892164 0.0515802
4 70 0.0104352187828089 0.0292585 0.0739192
4.25 70 0.0149237276489965 0.0420187713754049 0.10444
4.5 70 0.0188438860901969 0.0601575070736511 0.146505
4.75 70 0.02699739625907 0.0874460773025284 0.20893
5 70 0.0381449934765888 0.124641571403825 0.292724
5.25 70 0.0503169247898839 0.167959554495964 0.385301
5.5 70 0.0662283627025339 0.219034947222391 0.493691
5.75 70 0.0823854787299294 0.285720554757234 0.634326
6 70 0.105167981800173 0.372438967549727 0.815819
6.25 70 0.133703881193373 0.480205924322071 1.04729
6.5 70 0.172756849655337 0.616133889763599 1.33988
6.75 70 0.216533058338888 0.782913 1.70289
7 70 0.265053426348863 0.991631 2.14952
7.25 70 0.332337007501558 1.23629 2.71448088700186
7.5 70 0.399584891497672 1.51671 3.3843262513444
7.75 70 0.480381525404688 1.82998 4.15649760482831
3 100 0.00107764943664731 0.00344564039827925 0.0101847208093196
3.25 100 0.00161387765299688 0.00514723672565894 0.0152690622479729
3.5 100 0.0023728296967805 0.00776931 0.0222656360430696
3.75 100 0.00338337 0.0115101734439632 0.0322944252745568
4 100 0.0047609 0.0164801889613766 0.0460994655562808
4.25 100 0.00663529 0.02330761830122 0.0647322162960813
4.5 100 0.00922127000000001 0.0331827090397266 0.0903881613938955
4.75 100 0.0131489 0.0469707668592467 0.130906187103847
5 100 0.0185494 0.0664187693054429 0.183969999720881
5.25 100 0.0245535 0.0887655 0.243283400496419
5.5 100 0.0317132 0.116764 0.316699571880502
5.75 100 0.0412578 0.154825 0.417705947506792
6 100 0.0536567 0.205409 0.549618148619505
6.25 100 0.0692923 0.270859 0.721090809872845
6.5 100 0.0889829 0.355495 0.942427615991752
6.75 100 0.11362 0.464081 1.22564347035454
7 100 0.144076 0.601775 1.58391147237995
7.25 100 0.181209 0.772302 2.0259561214139
7.5 100 0.224472 0.9784 2.55773428245284
7.75 100 0.275621 1.22456 3.2002458466456
3 130 0.000644156263142593 0.00182449 0.00605817202676617
3.25 130 0.000946693657578756 0.00277046 0.00901009411374947
3.5 130 0.00135822344105007 0.00411396392519723 0.0129762143524116
3.75 130 0.00192489 0.00615301877002358 0.0188273376912587
4 130 0.00268913 0.00873466 0.0255093890221469
4.25 130 0.00372024 0.0124902 0.0350695288053566
4.5 130 0.00529954639427112 0.0177735145115923 0.054368526782267
4.75 130 0.00773656000000001 0.0258319201618574 0.0768431264773246
5 130 0.0111201 0.0380275804920896 0.108625505911568
5.25 130 0.0150137 0.0527484 0.145051983176286
5.5 130 0.0198131 0.0695795 0.190331686862769
5.75 130 0.0264046 0.0929852 0.253485505599354
6 130 0.0351722 0.12456 0.339000206384847
6.25 130 0.0463497 0.165939 0.452703872107126
6.5 130 0.060699 0.221829 0.596625126934213
6.75 130 0.0789815 0.294789 0.787382457529063
7 130 0.101969 0.388698 1.03279120445545
7.25 130 0.130181 0.506522 1.35057129083891
7.5 130 0.164216 0.651447 1.71907357775361
7.75 130 0.205135 0.828175 2.18063917020452
3 200 0.000192171361685635 0.000519201 0.00212811394482669
3.25 200 0.000283872293472367 0.000790921611224895 0.00309810357746181
3.5 200 0.000402457410181165 0.00122116719898721 0.00444711971304016
3.75 200 0.000569074794483684 0.00180044129459992 0.00600990608094725
4 200 0.000786278 0.00257263274376533 0.00800700197271049
4.25 200 0.0011071177791567 0.00336161818668591 0.0105629713345948
4.5 200 0.00160730699974546 0.00459954 0.0140244254737115
4.75 200 0.00241482 0.00708508 0.0198968880466808
5 200 0.00357735 0.0109147723639458 0.0288529732634495
5.25 200 0.00500908 0.0159958 0.0397990022074207
5.5 200 0.0068861 0.0221551 0.0625671862542557
5.75 200 0.00953681 0.0316841 0.0860465721120758
6 200 0.0131286 0.045064 0.118741136292618
6.25 200 0.0181091 0.0635411 0.163621561310069
6.5 200 0.0246407 0.0885253 0.224144754005397
6.75 200 0.0330486 0.121368 0.304764453922456
7 200 0.0438418 0.164253 0.408115832549106
7.25 200 0.0573312 0.218834663291039 0.541807544724779
7.5 200 0.0739427 0.2869528928464 0.713530778314024
7.75 200 0.0943557 0.371925362013 0.922258348079099
3 300 3.32928740502687e-05 9.56482946993853e-05 0.000479988
3.25 300 5.05525471113742e-05 0.000145666926679094 0.000649303
3.5 300 7.73343487620337e-05 0.000201506162101577 0.00086015
3.75 300 0.000110039500640677 0.000297495157656919 0.00113296
4 300 0.000154837 0.000440628 0.0014877
4.25 300 0.000211139 0.000631741663012422 0.00193717
4.5 300 0.000290864 0.000917473327269363 0.00256414644456864
4.75 300 0.000441994 0.00146445023409442 0.00376847567876005
5 300 0.000701124 0.0023231 0.0058700021986543
5.25 300 0.00106487 0.00353518 0.00879141
5.5 300 0.00158948 0.00534805 0.0129829
5.75 300 0.00237029 0.00817781229771847 0.0194555717582034
6 300 0.00351576 0.012593258703788 0.029056514655377
6.25 300 0.00510198 0.0185316757877681 0.0425522868234734
6.5 300 0.00726688 0.0267554244444604 0.0617589327473208
6.75 300 0.0102465 0.0382775558878487 0.0878080955292691
7 300 0.0141928 0.0547888397367152 0.122933823402071
7.25 300 0.0191355 0.0746400708395277 0.169846834593737
7.5 300 0.0253647 0.101032801321377 0.225852529589146
7.75 300 0.0333405 0.137084009729492 0.301770275925575
3 500 2.66482563461867e-06 8.31156000000001e-06 5.77278e-05
3.25 500 6.42681593996393e-06 1.7808e-05 0.000110591
3.5 500 1.50328828222287e-05 3.78919716990747e-05 0.000204835
3.75 500 3.05355e-05 7.83408298785483e-05 0.000366097558621161
4 500 6.38628e-05 0.000156685546995796 0.000641163090592387
4.25 500 0.000126951935743696 0.000307325 0.00112363320968917
4.5 500 0.000223134738889469 0.000546190587869914 0.00187426
4.75 500 0.000344893 0.000881070968956574 0.00273673
5 500 0.000483333 0.00126630279105765 0.00370561
5.25 500 0.000679842 0.00195047 0.00508027
5.5 500 0.000937714 0.00266532 0.00687953
5.75 500 0.00125354 0.00374005 0.00907140420158116
6 500 0.00164093 0.00510582 0.0117770765774348
6.25 500 0.00212196 0.00690888 0.0152493117233648
6.5 500 0.00272933 0.0092395 0.0196693798102856
6.75 500 0.00346857 0.0121214592964275 0.0250982664891206
7 500 0.00439403 0.0157716703601878 0.0319646394104312
7.25 500 0.00560257 0.0205472850273682 0.0410987
7.5 500 0.00711928000000001 0.0264686615211638 0.0529668827140844
7.75 500 0.00893649000000001 0.0337510664734254 0.0672878736893912
3 700 4.25402064999349e-07 1.407e-06 1.01642013577539e-05
3.25 700 1.10677e-06 3.34377e-06 2.12165788456177e-05
3.5 700 2.78266e-06 7.66540000000001e-06 4.23399814613975e-05
3.75 700 6.70927e-06 1.68372e-05 8.26094417409915e-05
4 700 1.54759045622842e-05 3.57145e-05 0.000160084874818284
4.25 700 3.21724e-05 7.2364e-05 0.000300114692461545
4.5 700 6.39294606636428e-05 0.000141272 0.000531183332061626
4.75 700 0.000104685545141109 0.000241005474691343 0.000818881408604481
5 700 0.000160926 0.000371797379023452 0.00117877
5.25 700 0.000232892 0.000584447682299255 0.00166492541913022
5.5 700 0.000329772 0.00088475965667788 0.00234244625309976
5.75 700 0.000451583 0.00128506118131302 0.00319615997778383
6 700 0.000604872 0.00179555 0.0042740076453916
6.25 700 0.000803503 0.00251967111740953 0.00567767420820487
6.5 700 0.00105845 0.00347873967680713 0.00748481137219355
6.75 700 0.0013745 0.00464927948059683 0.00973669694304091
7 700 0.00177607 0.00623612519774731 0.0126475422430397
7.25 700 0.00230744 0.00828848367138729 0.0165301008359412
7.5 700 0.00298564 0.0108868151975245 0.021538001153035
7.75 700 0.00381495 0.0142237878526037 0.0278242229219627
3 1000 5.81772708717653e-08 1.6868e-07 1.23443490507545e-06
3.25 1000 1.53146e-07 4.416e-07 2.81718182858442e-06
3.5 1000 3.98091e-07 1.12015e-06 6.40707434375839e-06
3.75 1000 9.93767941354745e-07 2.73227e-06 1.42372864987983e-05
4 1000 2.40897336556177e-06 6.41231e-06 3.0383109303657e-05
4.25 1000 5.74662e-06 1.39206e-05 6.09277412809686e-05
4.5 1000 1.28344671169939e-05 2.88571e-05 0.000116843719274813
4.75 1000 2.39247e-05 5.03863e-05 0.000193617034658263
5 1000 3.87429238900633e-05 8.46285e-05 0.00029342405294255
5.25 1000 6.27170677214307e-05 0.000136598874949341 0.000444627060173141
5.5 1000 9.39984000000001e-05 0.000220868468500065 0.000657712053456317
5.75 1000 0.000135186 0.000341887483569311 0.000938229890422375
6 1000 0.00018918 0.000516060325198819 0.00130521270210034
6.25 1000 0.000261311 0.000774076 0.00179499809921614
6.5 1000 0.000356473 0.00109556779232244 0.00244068831041197
6.75 1000 0.000477691 0.0015431288480577 0.00326243686019686
7 1000 0.000635212 0.00214131158302829 0.00433093287543905
7.25 1000 0.000847346 0.00292443109650172 0.00577308202601334
7.5 1000 0.00112383 0.00398834747789274 0.00768425579598688
7.75 1000 0.00147009 0.00522557256274924 0.0101369155298269
