Var1 Var2 Var3 Var4 Var5
3 0 5.26887e-06 6.29277e-06 8.18093e-06
3.25 0 1.07199e-05 1.31165e-05 1.6683e-05
3.5 0 2.17212e-05 2.71989e-05 3.39383e-05
3.75 0 4.41835e-05 5.65474000000001e-05 6.94353e-05
4 0 8.91966999999999e-05 0.000116543 0.000141266
4.25 0 0.000177676 0.000236833 0.000284273
4.5 0 0.000346189 0.000470838 0.000561311
4.75 0 0.000679445 0.000943742000000001 0.00112082
5 0 0.00132584 0.00188466 0.00223823
5.25 0 0.00293055 0.00430565 0.00516044
5.5 0 0.00585554 0.00874919 0.0105701
5.75 0 0.0102588 0.0152028 0.0183611
6 0 0.0159209 0.0231507 0.0276207
6.25 0 0.0225495 0.0329607 0.0386732
6.5 0 0.0306131 0.0472167 0.0551131
6.75 0 0.0404451 0.0686635 0.0815561
7 0 0.0523875 0.0994879 0.122661
7.25 0 0.0644163 0.135743 0.17526
7.5 0 0.0734098 0.168335 0.226931
7.75 0 0.0792775 0.193861 0.270672
3 2 5.14802e-06 6.14694e-06 7.98529e-06
3.25 2 1.04807e-05 1.28195e-05 1.62932e-05
3.5 2 2.12503e-05 2.65972e-05 3.31648e-05
3.75 2 4.31731e-05 5.52217e-05 6.7763e-05
4 2 8.70594e-05 0.000113664 0.000137691
4.25 2 0.000173483 0.000231022 0.000277118
4.5 2 0.000338266 0.000459507 0.000547435
4.75 2 0.000665181 0.00092257 0.00109487
5 2 0.00129955 0.00184406 0.00218824
5.25 2 0.00288456 0.00422801 0.00506153
5.5 2 0.00577292 0.00860203 0.0103777
5.75 2 0.0102911 0.0152134 0.0183484
6 2 0.0164426 0.0238728 0.0284522
6.25 2 0.0237216 0.0346526 0.0406336
6.5 2 0.0323372 0.0498724 0.0581992
6.75 2 0.0424821 0.0721284 0.0856679
7 2 0.0540483 0.102651 0.126563
7.25 2 0.0648846 0.136741 0.176555
7.5 2 0.07305 0.167518 0.225834
7.75 2 0.0786908 0.192432 0.268681
3 5 4.59567e-06 5.48097e-06 7.0933e-06
3.25 5 9.36595e-06 1.14372e-05 1.44856e-05
3.5 5 1.90076e-05 2.37374e-05 2.95024e-05
3.75 5 3.85412e-05 4.91557e-05 6.01306999999999e-05
4 5 7.76471e-05 0.000101003 0.000121979
4.25 5 0.000156016 0.000206803 0.000247298
4.5 5 0.000307623 0.000415483 0.000493386
4.75 5 0.000607955 0.000837312 0.00099022
5 5 0.00119024 0.00167486 0.00197963
5.25 5 0.00257365 0.00373024 0.00444162
5.5 5 0.00513786 0.00756029 0.00906193
5.75 5 0.00949571 0.0138835 0.0166381
6 5 0.0159082 0.0229355 0.0272016
6.25 5 0.0234681 0.0341833 0.039971
6.5 5 0.0322995 0.0497939 0.0580423
6.75 5 0.0423954 0.0720128 0.0855128
7 5 0.0530074 0.100726 0.124202
7.25 5 0.0626271 0.13203 0.170506
7.5 5 0.0703996 0.161474 0.217717
7.75 5 0.0762099 0.186386 0.260262
3 10 3.31512e-06 3.94149e-06 5.04655e-06
3.25 10 6.75749e-06 8.21493e-06 1.03021e-05
3.5 10 1.3719e-05 1.70295e-05 2.09714e-05
3.75 10 2.78287e-05 3.5215e-05 4.27019e-05
4 10 5.61853e-05 7.23590000000001e-05 8.66417e-05
4.25 10 0.000115385 0.000151044 0.000179072
4.5 10 0.000233173 0.000310076 0.000364941
4.75 10 0.000464786 0.000628161 0.000735815
5 10 0.00091523 0.00125941 0.0014728
5.25 10 0.00193453 0.00272506 0.00320045
5.5 10 0.00383049 0.00546699 0.00644932
5.75 10 0.00699886 0.00996894 0.0117624
6 10 0.0119855 0.016994 0.0199109
6.25 10 0.0187901 0.0271796 0.0315503
6.5 10 0.0272167 0.0419232 0.0487201
6.75 10 0.0364784 0.0620541 0.0736442
7 10 0.045854 0.0872781 0.107683
7.25 10 0.0551261 0.116355 0.150363
7.5 10 0.0631577 0.144967 0.195554
7.75 10 0.0695884 0.170258 0.237817
3 20 1.6482e-06 1.95412e-06 2.43731e-06
3.25 20 3.37663e-06 4.06725e-06 4.98298e-06
3.5 20 6.87128e-06 8.42299999999999e-06 1.01465e-05
3.75 20 1.40742e-05 1.75211e-05 2.08123e-05
4 20 2.87996e-05 3.63315e-05 4.26512e-05
4.25 20 5.95449e-05 7.59724e-05 8.83362000000001e-05
4.5 20 0.000121854 0.000157048 0.000181229
4.75 20 0.000247704 0.00032246 0.000370039
5 20 0.00049637 0.000653661 0.000747631
5.25 20 0.00101942 0.00136278 0.00155913
5.5 20 0.00200684 0.00271558 0.00311213
5.75 20 0.00378121 0.00515337 0.00591284
6 20 0.00675753 0.00931934 0.0106775
6.25 20 0.0111513 0.0159515 0.0182606
6.5 20 0.0170689 0.026292 0.0303705
6.75 20 0.0237617 0.0406072 0.0481547
7 20 0.0312752 0.059824 0.0739611
7.25 20 0.0395534 0.0837945 0.108511
7.5 20 0.0475831 0.109474 0.14791
7.75 20 0.0548011 0.134255 0.187728
3 30 9.6789e-07 1.14789e-06 1.43746e-06
3.25 30 2.00609e-06 2.40165e-06 2.90579e-06
3.5 30 4.11541e-06 5.00198e-06 5.90473e-06
3.75 30 8.44496e-06 1.03964e-05 1.21166e-05
4 30 1.73603e-05 2.15955e-05 2.49097e-05
4.25 30 3.60219e-05 4.51815e-05 5.16664000000001e-05
4.5 30 7.42542000000001e-05 9.3787e-05 0.000106495
4.75 30 0.000154049 0.000195797 0.000221113
5 30 0.000315014 0.000403565 0.000454076
5.25 30 0.000649162 0.000840873 0.000945102
5.5 30 0.00129184 0.00169377 0.00190518
5.75 30 0.00244144 0.00324303 0.00365443
6 30 0.00439137 0.00596292 0.00673211
6.25 30 0.00737521 0.0104964 0.0119029
6.5 30 0.0115165 0.0177764 0.0204702
6.75 30 0.0164859 0.0283205 0.0336297
7 30 0.0224168 0.0431102 0.0534279
7.25 30 0.0291306 0.061974 0.0804502
7.5 30 0.0361417 0.0833855 0.112882
7.75 30 0.0432116 0.106041 0.148483
3 40 6.78726e-07 8.05275e-07 1.00772e-06
3.25 40 1.40516e-06 1.67631e-06 2.03842e-06
3.5 40 2.87296e-06 3.47339e-06 4.09244e-06
3.75 40 5.95303e-06 7.27814999999999e-06 8.34163e-06
4 40 1.2386e-05 1.5276e-05 1.73556e-05
4.25 40 2.57544e-05 3.19713e-05 3.60595e-05
4.5 40 5.33435000000001e-05 6.65509e-05 7.46053e-05
4.75 40 0.00011115 0.000139322 0.000155432
5 40 0.00022836 0.000287965 0.0003202
5.25 40 0.000470986 0.000599346 0.000665606
5.5 40 0.000940726 0.0012116 0.00134685
5.75 40 0.00179001 0.0023433 0.00261335
6 40 0.00324162 0.0043647 0.00489103
6.25 40 0.00545177 0.00774465 0.00875354
6.5 40 0.00854884 0.0132326 0.0152357
6.75 40 0.0124671 0.0215207 0.0255973
7 40 0.0172392 0.0333166 0.0413897
7.25 40 0.0226479 0.0483751 0.0629456
7.5 40 0.0285868 0.0661306 0.0896885
7.75 40 0.0350165 0.0860824 0.12069
3 50 5.19066e-07 6.09946e-07 7.54772e-07
3.25 50 1.06945547751008e-06 1.26238656471707e-06 1.53419e-06
3.5 50 2.18448596656021e-06 2.59933e-06 3.10046366362418e-06
3.75 50 4.5679623153507e-06 5.55528e-06 6.38247543362203e-06
4 50 9.53453947198908e-06 1.16850360989272e-05 1.32139317783146e-05
4.25 50 1.98393895372889e-05 2.45201497463686e-05 2.74843e-05
4.5 50 4.10396994633344e-05 5.1157546988455e-05 5.71982e-05
4.75 50 8.57680698665769e-05 0.000107778715666018 0.000119791
5 50 0.000177094644334629 0.000223097574632677 0.00024689
5.25 50 0.00036525765919926 0.000463432457014917 0.00051327
5.5 50 0.00073248163403136 0.000938753751546645 0.0010411
5.75 50 0.00140432244650988 0.00182929052836588 0.00203249
6 50 0.00255984 0.00344609386392299 0.00383411351278255
6.25 50 0.00431733 0.00614987 0.00693477628234383
6.5 50 0.00680105 0.0106634342967508 0.0122798
6.75 50 0.0100023 0.0177204859657754 0.0211005
7 50 0.0139269 0.0280543951565677 0.0349042
7.25 50 0.0184935 0.0419497338019212 0.05467
7.5 50 0.023704 0.0595737541173173 0.0809229
7.75 50 0.0295073 0.0809331859377491 0.113646
3 70 3.48582909351129e-07 4.75167e-07 6.4359456392904e-07
3.25 70 7.23822061029659e-07 9.82766653141196e-07 1.31239e-06
3.5 70 1.47612e-06 2.00804096977532e-06 2.66511e-06
3.75 70 3.03688e-06 4.14036e-06 5.53846e-06
4 70 6.30734000000001e-06 8.61461e-06 1.16023e-05
4.25 70 1.32684e-05 1.81278e-05 2.45811e-05
4.5 70 2.79403e-05 3.81963701141893e-05 5.17012407161592e-05
4.75 70 5.88493e-05 8.0625317648152e-05 0.000109161
5 70 0.000122375 0.000168187919298669 0.000229409
5.25 70 0.000253507 0.000350494331441395 0.00048049
5.5 70 0.000510099 0.000713327 0.000982768
5.75 70 0.000976071 0.00137260015705271 0.00192773
6 70 0.0017781 0.00259976608985706 0.00366239
6.25 70 0.00303287 0.00476011083629115 0.00672773
6.5 70 0.00482967 0.00847684805275163 0.0120389
6.75 70 0.00715174 0.0145267851524209 0.0207636
7 70 0.0100353 0.0238744275885341 0.0344071
7.25 70 0.0135484 0.0373032760938655 0.0543233
7.5 70 0.0176945 0.0549797355150033 0.0810591
7.75 70 0.0224539 0.0765196414316387 0.114601
3 100 2.31680967990301e-07 3.99829e-07 5.76836e-07
3.25 100 4.79220091723168e-07 8.08952000000002e-07 1.17296e-06
3.5 100 9.95308396337549e-07 1.62413000000001e-06 2.37865e-06
3.75 100 2.08502e-06 3.30371000000002e-06 4.90477e-06
4 100 4.31948411847558e-06 6.81965000000004e-06 1.02471e-05
4.25 100 9.38460999999999e-06 1.43596000000001e-05 2.19992e-05
4.5 100 1.99325e-05 3.04009000000005e-05 4.76734999999999e-05
4.75 100 4.19678e-05 6.43335000000014e-05 0.000102625969963789
5 100 8.73927000000001e-05 0.000134845000000002 0.000217175
5.25 100 0.000181106 0.000282347000000007 0.000460298
5.5 100 0.000364919 0.000578190000000013 0.000951855999999999
5.75 100 0.00069919 0.00113592000000002 0.00188543
6 100 0.00127526 0.00216064000000004 0.00361336
6.25 100 0.00218594 0.00398259000000002 0.00670783
6.5 100 0.00350201 0.00690277 0.0121022
6.75 100 0.00524192 0.0105271 0.0210542
7 100 0.00744935 0.0175535 0.0351069
7.25 100 0.0101696 0.0277386 0.055477
7.5 100 0.013484 0.0414595 0.0829187
7.75 100 0.0173956 0.058637 0.117274
3 130 1.9173729255489e-07 3.31601e-07 4.79724e-07
3.25 130 3.95945203352927e-07 6.64580000000002e-07 9.74260000000001e-07
3.5 130 8.15060378520355e-07 1.32706000000001e-06 1.97117e-06
3.75 130 1.70658e-06 2.70285000000001e-06 4.0624e-06
4 130 3.62281513901793e-06 5.61851000000008e-06 8.52803e-06
4.25 130 7.72154920971805e-06 1.19103000000001e-05 1.83978e-05
4.5 130 1.70041e-05 2.54873000000003e-05 4.02222e-05
4.75 130 3.61522e-05 5.45237000000007e-05 8.75775e-05
5 130 7.60448e-05 0.000115544000000003 0.000185281
5.25 130 0.000158983 0.000244236000000006 0.00039569
5.5 130 0.000322969000000001 0.000504543000000012 0.00082615
5.75 130 0.000623775 0.00100052000000001 0.00165315
6 130 0.00114419 0.00191963000000003 0.00319803
6.25 130 0.00197032 0.00356989000000003 0.00599249
6.5 130 0.00316691 0.00622367 0.0108948
6.75 130 0.00476384 0.00955164999999999 0.0191032
7 130 0.00679891 0.0160168 0.0320336
7.25 130 0.00931299 0.0254004 0.0508007
7.5 130 0.0124028 0.0381132 0.0762262
7.75 130 0.0161243 0.0542753 0.108551
3 200 1.38511357955326e-07 2.36312e-07 3.50381918358887e-07
3.25 200 2.86584540521821e-07 4.76364000000002e-07 7.16044436502577e-07
3.5 200 5.87356e-07 9.56347000000005e-07 1.44068409027475e-06
3.75 200 1.20795989538685e-06 1.93129000000001e-06 2.95329416162019e-06
4 200 2.59621600204034e-06 4.02717000000007e-06 6.24265723966372e-06
4.25 200 5.76066495229779e-06 8.70631000000017e-06 1.3612099167287e-05
4.5 200 1.29664849400151e-05 1.91321000000003e-05 3.01168917057546e-05
4.75 200 2.86115381389861e-05 4.20506000000005e-05 6.67299329482314e-05
5 200 6.26967999999999e-05 9.15456000000016e-05 0.000146221559275762
5.25 200 0.000133255 0.000196848000000003 0.000317851614131576
5.5 200 0.000274462 0.000413054000000007 0.000670665
5.75 200 0.000542029 0.000841332000000012 0.00138019
6 200 0.00101058 0.00165627000000002 0.00274155
6.25 200 0.00174155 0.00312058000000001 0.0052047
6.5 200 0.0027912 0.0054439 0.00953575
6.75 200 0.00419119 0.00841035426330024 0.0167989
7 200 0.00597421 0.0141013 0.0282026
7.25 200 0.00819902 0.0223944 0.0447889
7.5 200 0.0109564 0.0336389 0.0672779
7.75 200 0.014448 0.0484323 0.0968645
3 300 8.29425873867203e-08 1.37731000000001e-07 2.13179504062568e-07
3.25 300 1.7148720641881e-07 2.80118000000001e-07 4.38368492186752e-07
3.5 300 3.55620069685223e-07 5.67672e-07 8.85754180463731e-07
3.75 300 7.33769741419976e-07 1.14954e-06 1.81060449637749e-06
4 300 1.58345e-06 2.44606e-06 3.88707199368134e-06
4.25 300 3.5893977161243e-06 5.49282000000006e-06 8.75349615732725e-06
4.5 300 8.47925968250868e-06 1.26692000000002e-05 2.02592903228675e-05
4.75 300 1.99189230374988e-05 2.92587000000003e-05 4.6916153450533e-05
5 300 4.64440299226709e-05 6.68520000000008e-05 0.000107465375264914
5.25 300 0.00010546 0.000150354000000003 0.000242122564129707
5.5 300 0.000225506 0.000328316000000006 0.000530170992874904
5.75 300 0.000458924 0.00069234000000001 0.00112426
6 300 0.000874609 0.00140256000000001 0.00229979
6.25 300 0.00154491 0.00272987000000001 0.00451122
6.5 300 0.00252266 0.00487143683096131 0.0084766
6.75 300 0.00379979 0.00757415 0.0150427
7 300 0.00542262 0.0126661 0.0253322
7.25 300 0.00809371700979648 0.0203094489914663 0.0406018
7.5 300 0.0101284 0.0307469 0.0614939
7.75 300 0.0134409 0.0444653 0.0889305
3 500 1.52353e-08 2.34903000000004e-08 3.82719024113854e-08
3.25 500 4.01216e-08 6.15396000000007e-08 1.00846824640872e-07
3.5 500 1.04812e-07 1.59847000000002e-07 2.60743326059098e-07
3.75 500 2.70648e-07 4.10258000000004e-07 6.69982621561453e-07
4 500 6.56705999999999e-07 9.89384000000014e-07 1.6213616100243e-06
4.25 500 1.49104e-06 2.23345000000006e-06 3.6715122523297e-06
4.5 500 3.26194995522196e-06 4.85179000000014e-06 7.95655892426707e-06
4.75 500 7.08360720071717e-06 1.04145000000001e-05 1.70760424341076e-05
5 500 1.52402e-05 2.23722000000004e-05 3.66582997641195e-05
5.25 500 3.33330397893386e-05 4.83522000000006e-05 7.91166153342326e-05
5.5 500 7.44520220811675e-05 0.000106422000000001 0.000173637590249471
5.75 500 0.00016405 0.000238947000000003 0.000387612152743798
6 500 0.000349656 0.000545539000000005 0.000881451869024155
6.25 500 0.000718928 0.00124554 0.00202138
6.5 500 0.00138831 0.00261312916146694 0.00451848
6.75 500 0.00249765 0.00496718 0.00961204
7 500 0.00412588 0.00938403 0.018768
7.25 500 0.00627439 0.0165209 0.0330418
7.5 500 0.00900851 0.0266158 0.0532318
7.75 500 0.0123781 0.0397963 0.0795926
3 700 8.06441999999999e-09 1.19597000000001e-08 1.9957224172925e-08
3.25 700 2.13602e-08 3.15932000000008e-08 5.26608136015173e-08
3.5 700 5.62142e-08 8.28895000000018e-08 1.38347389510935e-07
3.75 700 1.46471e-07 2.15249000000003e-07 3.58305923049467e-07
4 700 3.59163e-07 5.26006000000008e-07 8.76693305320413e-07
4.25 700 8.25214e-07 1.20445000000002e-06 2.00977327943072e-06
4.5 700 1.82523e-06 2.65627000000004e-06 4.42278662006131e-06
4.75 700 3.98519e-06 5.79078000000009e-06 9.62877446304678e-06
5 700 8.68311e-06 1.26336000000004e-05 2.09697134242919e-05
5.25 700 1.90322641894389e-05 2.77212000000005e-05 4.5895722233233e-05
5.5 700 4.21669353529994e-05 6.19080000000007e-05 0.00010207099176631
5.75 700 9.64856828432828e-05 0.000140879000000001 0.000230592793320402
6 700 0.000209694 0.000325450000000004 0.000525754694906398
6.25 700 0.000434577 0.000748074 0.00119628
6.5 700 0.000845128 0.00156175831321886 0.00269225
6.75 700 0.00152638 0.00304845734943837 0.0057561
7 700 0.00252969 0.00565702239817855 0.0112842
7.25 700 0.00386051 0.00996798 0.0199359
7.5 700 0.00556723 0.0161143 0.0322285
7.75 700 0.00769312 0.0241825 0.0483651
3 1000 3.72202781583378e-09 5.38214000000006e-09 9.1293518919535e-09
3.25 1000 9.91220808449028e-09 1.42919000000002e-08 2.42188053069382e-08
3.5 1000 2.62484521078083e-08 3.77502000000005e-08 6.40729042375881e-08
3.75 1000 6.89032e-08 9.88430000000014e-08 1.67237068248905e-07
4 1000 1.7036e-07 2.43927000000002e-07 4.1213637777315e-07
4.25 1000 3.95244e-07 5.64932000000008e-07 9.54678283555827e-07
4.5 1000 8.83800000000001e-07 1.26203000000002e-06 2.13271561240055e-06
4.75 1000 1.95322e-06 2.78992000000005e-06 4.7002186155048e-06
5 1000 4.30224e-06 6.1770700000001e-06 1.0381712042301e-05
5.25 1000 9.47022e-06 1.37585000000002e-05 2.30450990437661e-05
5.5 1000 2.09529046550319e-05 3.11794000000007e-05 5.19459856508797e-05
5.75 1000 4.70253257172431e-05 7.19203000000007e-05 0.00011875486188177
6 1000 0.000104361 0.000168093000000001 0.000273428561912044
6.25 1000 0.000217689 0.000374931 0.000621177572627384
6.5 1000 0.00042518 0.000798584801956057 0.00137687
6.75 1000 0.000772475 0.00160152 0.0029591
7 1000 0.00128806 0.00299174572052502 0.00582663
7.25 1000 0.00197773 0.00516801 0.010336
7.5 1000 0.0028691 0.00838865999999999 0.0167774
7.75 1000 0.00398776 0.0126434 0.0252869
