Var1 Var2 Var3 Var4 Var5 Var6 Var7
3 9.3 0.000207294 0.000232198 0.000321155 0.000359922 0.000412883
3.25 9.3 0.000434254 0.000485399 0.000665645 0.000742483 0.000837638
3.5 9.3 0.000897629 0.00101634 0.00139791 0.00153933 0.00170427
3.75 9.3 0.00184372 0.00211466 0.00291226 0.00316492 0.00344786
4 9.3 0.00377553 0.00439983 0.00583485 0.00649156 0.00697244
4.25 9.3 0.00760839 0.00908094 0.0114663 0.0131872 0.0140682
4.5 9.3 0.0149398 0.0185714 0.0219569 0.0265543 0.0283429
4.75 9.3 0.0281606454554877 0.0374463 0.0422900098119299 0.0522362 0.0565713
5 9.1 0.0499208 0.0709532 0.0839730039986918 0.101187 0.11234
5.25 7.2 0.0818044 0.133271252324524 0.159772547592004 0.218088 0.251358
5.5 5.6 0.122751 0.223618072083063 0.282775732294763 0.412093 0.497688
5.75 4.2 0.181183 0.362766 0.48780372213981 0.641267 0.813853
6 2.9 0.246024 0.537271 0.755115501019973 0.828703 1.10022
6.25 1.9 0.31184 0.727064 0.933338 0.983059 1.32314
6.5 1.1 0.381678 0.933928 1.06417 1.12013 1.54946
6.75 0.6 0.460525 1.16816 1.24303263779186 1.30343 1.83921
7 0.2 0.543784 1.42673 1.48583 1.5361 2.21561
7.25 0 0.614077357394616 1.65821345108238 1.71337476731983 1.76249 2.57391
7.5 0 0.656350037694562 1.80327581632092 1.86539 1.9169 2.82831
7.75 0 0.677615020161314 1.88272300158487 1.95326 2.00724 2.98777
3 9.5 0.000206456 0.000231224 0.000315853 0.000353837 0.000405761
3.25 9.5 0.000432735 0.000483622 0.00065534 0.000730427 0.000823826
3.5 9.5 0.000894893 0.00101307 0.00137626 0.0015154 0.00167739
3.75 9.5 0.0018359 0.0021053 0.00286448 0.00311287 0.00339045
4 9.5 0.00375499 0.00437515 0.00573559 0.00637965 0.00685107
4.25 9.5 0.00756033 0.00902249 0.0112666 0.012955 0.0138209
4.5 9.5 0.0148327 0.0184375 0.021568 0.0260848 0.0278356
4.75 9.5 0.0279768 0.0371739 0.0419770963988508 0.051346 0.0555988
5 9.3 0.0495314928213821 0.0700311 0.0833788557357052 0.0994843 0.11044
5.25 7.5 0.0818124 0.132572468217877 0.159819676305522 0.21421 0.246878
5.5 5.9 0.124149 0.224566219314317 0.286020277381503 0.406257 0.490636
5.75 4.6 0.186232 0.372903 0.501441635257564 0.642906 0.815926
6 3.6 0.257808 0.563035 0.791337424159333 0.853701 1.13337
6.25 2.8 0.333242393609112 0.777481 0.989552 1.04217 1.40275
6.5 2.3 0.411022 1.00572 1.14222 1.2022 1.66297
6.75 2.1 0.489536 1.2417 1.32108629793388 1.38406 1.95297
7 2 0.563116 1.47747 1.53821 1.59034 2.29393
7.25 2 0.620391272055056 1.67516933502965 1.72907810661317 1.78047 2.60025
7.5 2 0.653681149760865 1.79776970480923 1.85971 1.91108 2.81973
7.75 2 0.673196577617269 1.87030131548981 1.94041 1.99403 2.96821
3 10.5 0.000201476 0.000225501 0.000291862 0.000326336 0.000373592
3.25 10.5 0.000421684 0.000470881 0.000605264 0.000672985 0.000758085
3.5 10.5 0.000870365 0.000984185 0.00126689 0.00139461 0.00154201
3.75 10.5 0.00177872 0.00203789 0.0026307 0.00285832 0.00311029
4 10.5 0.00362531 0.00422058 0.00526295 0.00584765 0.00627478
4.25 10.5 0.00729862 0.00870485 0.0103585 0.0118998 0.0126977
4.5 10.5 0.0143345 0.017813 0.0200209422802476 0.0240696 0.0256575
4.75 10.5 0.0269216 0.0355512 0.0403703767382116 0.0473374 0.0512198
5 10.3 0.047566 0.0672211 0.080007188581918 0.091478 0.101505
5.25 8.8 0.0797023 0.12687 0.155707349123772 0.193686 0.22317
5.5 7.5 0.124326 0.223516 0.286535104621831 0.367407 0.443678
5.75 6.5 0.190903 0.382396 0.514224428484053 0.596627267844332 0.758312
6 5.8 0.269075 0.587801 0.804112 0.831699 1.10396
6.25 5.4 0.347897772889421 0.81179 0.996414 1.049 1.41213
6.5 5.1 0.424008 1.03741 1.16071865551708 1.22169 1.68999
6.75 5 0.494476 1.25399 1.33402004964941 1.39106 1.96279
7 5 0.554415 1.45462 1.5123 1.56393 2.25633
7.25 5 0.600431530384192 1.6207179095893 1.6746216933483 1.72253 2.51601
7.5 5 0.631695139539053 1.7346483389492 1.79459 1.84415 2.72133
7.75 5 0.652999908857022 1.81608596219336 1.8802 1.93216 2.87638
3 13.6 0.000178901 0.000199835 0.000232462 0.000258052 0.000294121
3.25 13.6 0.00037100646460624 0.000413495 0.000477952 0.000528078 0.000592874
3.5 13.6 0.000758876 0.000855853 0.000993486 0.00108625 0.00119764
3.75 13.6 0.00154265 0.00176271 0.00204449 0.00222082 0.00241066
4 13.6 0.00312626 0.00363079 0.00412728 0.00453468 0.00485603
4.25 13.6 0.0062971 0.00749684 0.00838757752459531 0.00927624 0.00990579
4.5 13.6 0.0123773 0.015215669586806 0.0171805307331476 0.0189289 0.0201178
4.75 13.6 0.0229982 0.0294128 0.0344208784465541 0.0370915 0.0400459
5 13.5 0.0403527 0.0570669 0.0678181982446092 0.0712691 0.0789662
5.25 12.3 0.0681774 0.108627 0.133250769244164 0.144644 0.166508
5.5 11.4 0.107304 0.193099 0.247502253037892 0.266756 0.321933
5.75 10.8 0.163771 0.328353 0.421338 0.436574 0.553691
6 10.4 0.229372 0.501391 0.6114 0.643195 0.835325
6.25 10.2 0.29883 0.696931 0.798466 0.839609 1.13061
6.5 10.1 0.365979 0.895177 0.971299 1.02079 1.41216
6.75 10 0.426997 1.08218 1.14552817210768 1.18664 1.67375
7 10 0.48079979125728 1.26214 1.31121 1.35283 1.95312
7.25 10 0.52898341646042 1.42338603092062 1.47367561708204 1.51562 2.21496
7.5 10 0.567188293630849 1.55523928700506 1.60948 1.65393 2.44167
7.75 10 0.595774276547765 1.65629219504643 1.71507 1.76246 2.62472
3 22.1 0.000120075743195026 0.000133509 0.000139607 0.000152587172782259 0.00017032
3.25 22.1 0.000245684484919647 0.000272475442972414 0.000285919 0.000311476 0.000340533
3.5 22.1 0.000497874 0.000554581 0.000587868874238668 0.000631464962190995 0.000682129
3.75 22.1 0.00100733 0.00112067397627685 0.0012039866940385 0.00128452433809933 0.00137298
4 22.1 0.00203021 0.00227603961557855 0.00246452 0.00261605488742203 0.00277763
4.25 22.1 0.00401762 0.00459375 0.00501939 0.00530625925364986 0.00561978
4.5 22.1 0.00777614 0.00922121 0.0101274265891022 0.0106862 0.0112754
4.75 22.1 0.0144952 0.018535 0.0202532 0.021199 0.0227554
5 22 0.0255715 0.0361953 0.0396995 0.0417793 0.0453274
5.25 21.3 0.0433858601233649 0.069315 0.0779155 0.0820484 0.0922965
5.5 20.8 0.0688030851476952 0.12416 0.141323 0.148465 0.175376
5.75 20.4 0.102048 0.204874 0.228859 0.240126 0.298301
6 20.2 0.140045 0.306408 0.334726 0.350967 0.456063
6.25 20.1 0.182993 0.426694 0.45626451692948 0.477343 0.643081
6.5 20 0.228697 0.558702 0.590624 0.612171 0.849503
6.75 20 0.275687 0.703723 0.732862 0.758458 1.07982196095855
7 20 0.327568005073681 0.859254991075922 0.88986275332521 0.916636 1.32632
7.25 20 0.378553400259862 1.0164481340637 1.05062637514031 1.0802 1.58149
7.5 20 0.425478845394914 1.16082005401285 1.20259 1.23581 1.82718
7.75 20 0.466786681742833 1.2919430496456 1.33909 1.37607 2.05207
3 31.4 8.03484514588432e-05 8.59812e-05 9.23962999999999e-05 9.79113e-05 0.000108424
3.25 31.4 0.00016369739794119 0.000176644913936909 0.000188906 0.000200221 0.000219004
3.5 31.4 0.000334948 0.00036007 0.000386694294772155 0.000407302511266056 0.000442092
3.75 31.4 0.000673639 0.000728250298280641 0.000781164238703358 0.000823819862573013 0.000886353
4 31.4 0.00134608 0.00148821 0.00159865555469751 0.00166971 0.00176279343191053
4.25 31.4 0.00265355 0.0029805 0.00324660684383127 0.00336624 0.00355191046414847
4.5 31.4 0.00512436 0.00606444 0.0065498 0.00676984 0.00713823816042164
4.75 31.4 0.00953395 0.012179 0.0130543 0.0136630588283142 0.0145552
5 31.3 0.0167986 0.0237733 0.0253714 0.0265418370171236 0.0289001
5.25 30.9 0.0285608 0.04558 0.0489972374755572 0.0513363 0.0577348
5.5 30.5 0.0454285 0.0818952 0.0884654599141835 0.0925756 0.109349
5.75 30.3 0.0668961 0.134314 0.14367515125941 0.150021 0.186405
6 30.1 0.0918976 0.20095 0.212920057138997 0.22174 0.288627
6.25 30.1 0.121158 0.282316 0.295935 0.307799 0.419872
6.5 30 0.152149 0.374956 0.392029 0.404513 0.565223804986519
6.75 30 0.188506 0.481204630090476 0.499331479959239 0.514895 0.736366
7 30 0.229667 0.601045531094908 0.622354708796565 0.640469 0.92927
7.25 30 0.274038 0.73235345513122 0.757477251024404 0.778654 1.14273
7.5 30 0.319046 0.868592714383157 0.898207 0.923006 1.36758
7.75 30 0.363133 1.00159529954958 1.03954 1.06823 1.5961
3 41.1 5.81536000000001e-05 6.27617e-05 6.67142595421204e-05 7.02462e-05 7.70426e-05
3.25 41.1 0.000118314 0.000126417 0.000135683 0.000142523 0.000153238
3.5 41.1 0.000238314 0.000258829265484973 0.00027261 0.000289817 0.000308186
3.75 41.1 0.000480064 0.000519373 0.000553066 0.000584857 0.00061998
4 41.1 0.000961188 0.00104965 0.00112983 0.00118029915791338 0.00124962
4.25 41.1 0.00189447 0.00213485 0.00229883 0.00237435 0.00250090494311921
4.5 41.1 0.00365557 0.00433604 0.00462583767006374 0.00477256 0.00505533723785089
4.75 41.1 0.00678054 0.00868994000000001 0.00922053 0.00960956051985576 0.0102572
5 41 0.0119289 0.016938 0.017896 0.018602 0.0203992
5.25 40.6 0.0203693 0.0324903 0.0342372 0.0358116 0.040853
5.5 40.4 0.0324491 0.0584683 0.0617079 0.0645295 0.07704
5.75 40.2 0.0481678 0.0966484 0.101577 0.105827 0.133112
6 40.1 0.0665542 0.146079 0.153431 0.158691 0.208685
6.25 40 0.0873475 0.205522 0.214823350358713 0.221599 0.301871
6.5 40 0.110941 0.273906399611865 0.285777537841201 0.29373 0.412276
6.75 40 0.138753 0.35368991772987 0.36689027485751 0.377869 0.542214
7 40 0.170745 0.446278723116048 0.462311599805302 0.475535 0.692042
7.25 40 0.206837 0.552114144406403 0.571533638737492 0.587448 0.864457
7.5 40 0.246021 0.66655197399227 0.692674 0.711792 1.05737
7.75 40 0.287517 0.792334079092446 0.823632 0.846348 1.26793
3 50.9 4.49939171647321e-05 4.80363338634931e-05 5.14481e-05 5.4074e-05 5.94608e-05
3.25 50.9 9.07220665274764e-05 9.70517403484101e-05 0.000104032 0.000108984802928581 0.000118806
3.5 50.9 0.000184051009385658 0.000197797914920125 0.000210246 0.000220729533586612 0.000237698
3.75 50.9 0.000369327739421092 0.000399441 0.00042523 0.000447150684411673 0.00047416
4 50.9 0.000736937052695017 0.00080644557948175 0.000860104 0.00089911882884769 0.000948558455049082
4.25 50.9 0.0014489605435007 0.00162731482409053 0.00173534 0.00181906705573443 0.00191464029435438
4.5 50.9 0.00279486230067388 0.00330833745111684 0.00350232 0.00365892086653066 0.00386042296409836
4.75 50.9 0.00518438994276304 0.0066318568523447 0.00701927967546645 0.00733894538724519 0.00780151282723238
5 50.8 0.00911812753214834 0.0129333891581936 0.0136643523655076 0.014237770825953 0.0155436608270191
5.25 50.5 0.015546 0.0248912852057323 0.0262159507617197 0.0272572195772687 0.0310536
5.5 50.3 0.02482 0.0449756074830915 0.0472324133181481 0.0490297945697726 0.0587851
5.75 50.2 0.037029983464951 0.0744527076351575 0.0781910161480835 0.0810312674859837 0.10213
6 50.1 0.0515248346834142 0.113038038068824 0.118562286749085 0.12278521353864 0.161422
6.25 50 0.0681352174595919 0.159089745084567 0.166799 0.172792086330991 0.23448773114274
6.5 50 0.0872017080437884 0.212427583107166 0.222026 0.231797956442412 0.321166965189727
6.75 50 0.109635291732068 0.275898903374787 0.289843 0.303608505276331 0.427376826967179
7 50 0.136152818919199 0.351303641270196 0.371035 0.391657997696057 0.558839887913929
7.25 50 0.167032118615568 0.440365651386813 0.466169 0.499841871178612 0.720788064897427
7.5 50 0.201494495702266 0.542125 0.582956000000001 0.629487203554469 0.915921
7.75 50 0.239959905771305 0.656351 0.712199000000001 0.783064521731001 1.14813
3 70.6 2.96504150908694e-05 3.27059503002333e-05 3.96931000000001e-05 4.68461909523914e-05 5.17896774769264e-05
3.25 70.6 5.96209e-05 6.60090136455555e-05 7.92095000000013e-05 9.49167972995017e-05 0.000103618641921218
3.5 70.6 0.000122045 0.000134194417637816 0.000160101000000001 0.000191813693688917 0.000207402918539412
3.75 70.6 0.00024353 0.000269715016538953 0.000320339713581854 0.000386068382146322 0.000413528237357397
4 70.6 0.000481514 0.000544279133285802 0.000638242505425308 0.000778647582189354 0.000830145343567757
4.25 70.6 0.000946023 0.00110281156317918 0.00126317000000002 0.00157490818586602 0.00168177454661348
4.5 70.6 0.00182916 0.00223876 0.00250743 0.00319477757456797 0.00342664109454623
4.75 70.6 0.00340345 0.0044882 0.00485635370158608 0.00640198298368379 0.00691949721876586
5 70.6 0.00601184 0.00857156974088941 0.00941958 0.0125087482957365 0.0139082048717068
5.25 70.4 0.0103084 0.0164277006091099 0.0182866000000001 0.0241699414370548 0.0279710298096944
5.5 70.2 0.016569 0.0298331884469291 0.0331535000000014 0.0438503003796557 0.0532519705117336
5.75 70.1 0.024712 0.0495469859403279 0.0548418000000044 0.0725951044227335 0.0926766422991766
6 70.1 0.0345165 0.0753296726393346 0.0830926000000095 0.110200616675844 0.147086450992389
6.25 70 0.0460172 0.10689060884908 0.117554000000017 0.156481810985916 0.216205085351983
6.5 70 0.0593877 0.144275909739682 0.158279000000026 0.211810337190258 0.300038896076861
6.75 70 0.0751454 0.188667647380011 0.206625000000005 0.28146 0.401375581602193
7 70 0.0940823 0.242370702147548 0.265140000000007 0.366084 0.526254768395287
7.25 70 0.117001 0.30795875101984 0.336711000000009 0.469743 0.682300748587303
7.5 70 0.14387523231516 0.385934 0.421991000000009 0.593705 0.873503
7.75 70 0.175051971345118 0.477584 0.522408000000012 0.740313 1.10597
3 100.4 1.92623442527388e-05 2.13774487001199e-05 3.02077000000024e-05 4.17233322374731e-05 4.61935457390591e-05
3.25 100.4 3.9114152865233e-05 4.3432989971906e-05 5.98980000000044e-05 8.41609295427375e-05 9.18069618742962e-05
3.5 100.4 7.81291530375493e-05 8.79880112774694e-05 0.00011887700000001 0.000169790840883326 0.000183947777935458
3.75 100.4 0.000154687217067432 0.000176816928145824 0.00023539700000002 0.000340294411206164 0.000367191413333711
4 100.4 0.000309508976500685 0.000354422858091642 0.000467770000000047 0.000684154423545325 0.00073407062508205
4.25 100.4 0.000613968503038304 0.000716277396498107 0.000941352000000086 0.00138900259634017 0.00148183612236125
4.5 100.4 0.00118988331500251 0.00143512590084935 0.00191827000000013 0.00283269647861615 0.00305512181684894
4.75 100.4 0.00222910986909111 0.00295175640439785 0.00391468000000008 0.00572981978789876 0.00623050584909465
5 100.4 0.00396861043440193 0.00581384641415791 0.00747511119329952 0.0113080640936492 0.0125572757352287
5.25 100.3 0.00684557568841936 0.0112502015981403 0.0133973396787832 0.0220048884058858 0.0254419758647875
5.5 100.2 0.0110664867720252 0.020457440327371 0.0242684361722398 0.040181772360761 0.0487673016175083
5.75 100.1 0.0165318350955953 0.0332005779273717 0.0409788708101158 0.0668165803274908 0.0852534629043888
6 100 0.0231479381966091 0.0491439537371332 0.0633171116655791 0.101797270969154 0.13580818035034
6.25 100 0.0311112575652243 0.0702891800037037 0.0904766000000026 0.145556388540175 0.201162309132778
6.5 100 0.0405012853756644 0.0956780908695999 0.123066000000006 0.198093422072422 0.280947057520946
6.75 100 0.0517635555323323 0.126356069591035 0.162451000000011 0.261580748376446 0.377913507235079
7 100 0.06557354228693 0.16420275920557 0.211064000000016 0.339913520701179 0.497769020816683
7.25 100 0.0826286174943982 0.211342957982605 0.271660000000023 0.437504056453309 0.647435840413916
7.5 100 0.103120452138562 0.268801192749067 0.346014000000026 0.557167 0.831735
7.75 100 0.127840876843909 0.338745374770409 0.436238000000035 0.702267 1.05637
3 130.3 1.52890999677101e-05 1.73599549146156e-05 2.42421000000019e-05 3.31632783003283e-05 3.70233471617732e-05
3.25 130.3 3.08644282216502e-05 3.43527933860935e-05 4.79418000000041e-05 6.6618229769396e-05 7.38662868022165e-05
3.5 130.3 6.2124834458269e-05 6.94123791128403e-05 9.48852000000087e-05 0.00013390398142004 0.000147385616698102
3.75 130.3 0.000123146867067649 0.000139308625818289 0.000187953000000018 0.000268840998412373 0.000294326693240265
4 130.3 0.00024302776229586 0.000280184320859674 0.000373682000000035 0.000540752162629362 0.000587986886034627
4.25 130.3 0.000493224512751132 0.000569824993534905 0.000754132000000062 0.00110016052051983 0.0011893966020207
4.5 130.3 0.000958711337679513 0.00114714890028726 0.00154582000000009 0.00225647934482455 0.00246401118165324
4.75 130.3 0.00180968730092071 0.00237258761266825 0.00318523000000002 0.00460764000934612 0.00507178572521416
5 130.3 0.00324963821788911 0.00472457945572114 0.00601210000000005 0.00917925996750813 0.010179471849071
5.25 130.2 0.00562984741501142 0.00923297499400785 0.0110256472336304 0.0179559312769729 0.0207408362148826
5.5 130.1 0.00914435975899668 0.0169045680743348 0.0199516995201531 0.0329564293579709 0.0399692135382697
5.75 130.1 0.0137542594685535 0.027525082665309 0.0338372744206837 0.0551653914115657 0.0703427663425063
6 130 0.0193895307439036 0.0408645532704785 0.0532700369154864 0.0845823474752318 0.112770953627169
6.25 130 0.0262099658279361 0.0583854756117549 0.0766741000000006 0.121712406202785 0.168097930686204
6.5 130 0.0343456633362762 0.0799642545419573 0.104926000000003 0.166659876669335 0.236182941076117
6.75 130 0.0442111912627828 0.106317304284595 0.139426000000006 0.221549414450059 0.31978738791228
7 130 0.0563769567282772 0.139026273786739 0.18225500000001 0.289682142985523 0.423755771913297
7.25 130 0.0714017031523471 0.179807419210154 0.235689000000015 0.37464657569141 0.553731242572356
7.5 130 0.089244194563586 0.229549256131658 0.301719000000015 0.479586 0.714923
7.75 130 0.111405687626006 0.29213644895495 0.383041000000036 0.608752 0.91432
3 200.2 9.52535631771461e-06 1.09254654474386e-05 1.5639500000001e-05 2.1095899332553e-05 2.44900917965951e-05
3.25 200.2 1.91698872165876e-05 2.19670194800833e-05 3.08886000000022e-05 4.22488744965743e-05 4.86482902394466e-05
3.5 200.2 3.8308311519583e-05 4.42189107003552e-05 6.10527000000047e-05 8.46310578605103e-05 9.6672483453326e-05
3.75 200.2 7.78334559132017e-05 8.94153604267695e-05 0.00012201200000001 0.000171325228785831 0.000194074660001502
4 200.2 0.000158105904442006 0.000180364116593065 0.000244786000000019 0.000347097278013552 0.000390124818414869
4.25 200.2 0.000313899609019011 0.000365653541574148 0.000498401000000032 0.00071068500795286 0.000793277352846713
4.5 200.2 0.000634296207697144 0.000758328173812117 0.00103689000000003 0.00147694732618788 0.00163945518394153
4.75 200.2 0.00120900977345282 0.00156097003841118 0.00210416464734226 0.00305323433964776 0.00337893902788403
5 200.2 0.00219646392380323 0.00315367101254328 0.00404402 0.00616453391880557 0.00697292100382887
5.25 200.1 0.00384641744959607 0.00627116522555739 0.00769328330465988 0.0121945619766986 0.0140482557038739
5.5 200.1 0.00631222325737827 0.0113832835517775 0.0136854000000001 0.022609126297978 0.0273534975222914
5.75 200 0.00970639283868017 0.0190259278885258 0.024459440708282 0.0386737176807728 0.0491918331948455
6 200 0.0139738042172742 0.0293544359872139 0.0382693582056264 0.0605033252682545 0.0804480107408984
6.25 200 0.0190598643646768 0.0417538518009435 0.0559313587092334 0.0876437918594281 0.120661353367704
6.5 200 0.0251670564562692 0.0575327394183419 0.0783739073008039 0.12072907739425 0.170450899643721
6.75 200 0.0326626205980193 0.0769874907335493 0.10480633740358 0.161516567403545 0.23209694045159
7 200 0.041972904175301 0.101276951268593 0.137818000000001 0.212443315857483 0.309138382248732
7.25 200 0.0535146546673587 0.131657481788434 0.179098000000003 0.276152772067265 0.405697233523808
7.5 200 0.0674153515232846 0.169663 0.230776000000004 0.355876 0.526971
7.75 200 0.0852186244452899 0.217497734697353 0.296534000000007 0.457295 0.681918
3 300.1 5.17953704084804e-06 5.99528815602639e-06 9.03735000000039e-06 1.19101313973331e-05 1.44833544858889e-05
3.25 300.1 1.05404407036109e-05 1.21650010596067e-05 1.80934000000009e-05 2.41059274326158e-05 2.90912997681162e-05
3.5 300.1 2.13994573240921e-05 2.47141533584492e-05 3.62603000000018e-05 4.88338350239268e-05 5.84530354193073e-05
3.75 300.1 4.3570136435455e-05 5.0230065770044e-05 7.26600000000037e-05 9.885073042107e-05 0.000117340533023972
4 300.1 8.87084578491759e-05 0.000102421929147723 0.000146171000000006 0.000200400208159446 0.000236001683127995
4.25 300.1 0.000182330480235868 0.000212111784914384 0.000300337000000009 0.000413123298341671 0.000483113522367347
4.5 300.1 0.000369572136714376 0.000439978096913469 0.000630792300285379 0.00087137472564147 0.00101317526053169
4.75 300.1 0.000723849531944114 0.000928690692411139 0.00127185160876125 0.00184331859013944 0.0021336296023165
5 300.1 0.00134807297398462 0.00190761341354948 0.00254021699377804 0.00381407571028322 0.00439970874852165
5.25 300.1 0.00241430287999463 0.00394126945455743 0.00490282000000005 0.00771544779798857 0.00908992735968614
5.5 300.1 0.00404862227268817 0.0073020919452165 0.00906828229502753 0.0146025210782472 0.0176222737015154
5.75 300 0.00633954308076618 0.0125614346184169 0.0161193734084108 0.0254067487141795 0.0322341133816487
6 300 0.00927681576928599 0.0195868564488285 0.0266733025921572 0.0403465025250602 0.0534978712507646
6.25 300 0.0128600651896289 0.028794670859978 0.0391823990904308 0.0593066573217376 0.0813925913697673
6.5 300 0.0172362684102551 0.0394055859776873 0.0545994017906797 0.082704832584346 0.116340559393844
6.75 300 0.0226186832333549 0.0518725669352272 0.0737134793153075 0.111727543822369 0.15986078435865
7 300 0.0293853855477559 0.0681377323741576 0.0977570651979057 0.148237575455686 0.214626597915822
7.25 300 0.0378234457741199 0.0892476963612717 0.127967568841729 0.194124708833729 0.283520411185083
7.5 300 0.0482036136993498 0.115911 0.16613 0.252084 0.370785
7.75 300 0.0616298477090714 0.150104592349716 0.216873 0.327167 0.484272
3 500.1 3.72492997415076e-07 4.59351687957698e-07 7.18124853706143e-07 9.16392980923895e-07 1.206248382815e-06
3.25 500.1 1.01816968409748e-06 1.25408590371333e-06 1.95957258107604e-06 2.49792519219588e-06 3.27169553391069e-06
3.5 500.1 2.76156627154815e-06 3.39214070406547e-06 5.27759358491418e-06 6.74838690832245e-06 8.78790002889894e-06
3.75 500.1 7.39180959788129e-06 9.07006950675871e-06 1.39900610752237e-05 1.80431208383917e-05 2.33567154688575e-05
4 500.1 1.95068087409177e-05 2.38887611528964e-05 3.63052781001091e-05 4.73817421735905e-05 6.09644156439997e-05
4.25 500.1 4.94326533899663e-05 6.00601450347948e-05 8.83184302783737e-05 0.000119254205972921 0.000152578231475282
4.5 500.1 0.000115776495096354 0.000140913981367696 0.000207115439521279 0.000281830134230021 0.000358728957307419
4.75 500.1 0.000244005324125608 0.000311889384427152 0.000456477742065278 0.000623785021263798 0.000790645241008915
5 500.1 0.000452829025801657 0.000643893164804811 0.000903115553261613 0.0012877975796417 0.00162647792451807
5.25 500.1 0.00074786792134554 0.0012012572879372 0.00154138 0.0024027369946971 0.0030257749920497
5.5 500 0.00113795285429693 0.00206118380820493 0.00266686000000003 0.00412833210523219 0.005185911288857
5.75 500 0.001638733263993 0.00327685467666165 0.00417852566393151 0.00660688709343829 0.00849199164296267
6 500 0.00230179618301737 0.00482470235358812 0.00664220574970284 0.0100678992487868 0.013307428825377
6.25 500 0.00319871993677891 0.00711366001213078 0.0101217387892887 0.0148245741791109 0.0202755381859409
6.5 500 0.00440205328346853 0.0101955823738967 0.0148491576545143 0.0212207874904042 0.0297371335599915
6.75 500 0.00598916454902223 0.0142651117867713 0.0208968735719813 0.0296572254091593 0.0422498560268914
7 500 0.00804571915005828 0.0195349760295016 0.0289464770659821 0.0406153660309134 0.0585113644704463
7.25 500 0.0106973458272306 0.0263204957625526 0.0389483062730796 0.0548264747630022 0.0796143457902712
7.5 500 0.0140615 0.0348551717329371 0.0520113874985271 0.0730398 0.106721
7.75 500 0.0181587 0.0450326 0.0683073881063554 0.0955473 0.140364
3 700.1 1.46265432886553e-07 1.9306975924876e-07 2.92100831188027e-07 3.85520552624233e-07 5.48241602668804e-07
3.25 700.1 4.00156020425206e-07 5.27963585552399e-07 7.98266660966238e-07 1.0529766967892e-06 1.49347606214211e-06
3.5 700.1 1.08672422656423e-06 1.43289067063644e-06 2.16386331849569e-06 2.85195851550836e-06 4.03194949940596e-06
3.75 700.1 2.91575832836597e-06 3.84110374823521e-06 5.80734132528232e-06 7.64926693411197e-06 1.0773753922478e-05
4 700.1 7.71287316442456e-06 1.01506790421809e-05 1.52974458436329e-05 2.01569806805768e-05 2.82751078930701e-05
4.25 700.1 1.97388027888778e-05 2.58223658680402e-05 3.86073106804677e-05 5.09248950207047e-05 7.11378851200791e-05
4.5 700.1 4.60994041016282e-05 6.03987190778218e-05 9.14933165018461e-05 0.000120799315506172 0.000168055241957303
4.75 700.1 0.000102602232628672 0.000134191985608506 0.000205002178257945 0.00026839698549697 0.000371947848475201
5 700.1 0.000196658246372169 0.000278040411189033 0.000393311376030229 0.000556105785291561 0.000767965472421129
5.25 700 0.000325929325115786 0.00051903934451279 0.000695398000000002 0.00104124471537936 0.00143322559621196
5.5 700 0.000497739277209928 0.000889094089525526 0.00123195 0.00179525799670436 0.00246369072391221
5.75 700 0.000719533108998905 0.0014387703614367 0.00197245594467644 0.00288312381195403 0.00394531670515731
6 700 0.00101486164980083 0.00202987317713155 0.00300664177711169 0.00441012167448615 0.00601819586496729
6.25 700 0.0014166916511885 0.00291402765301141 0.00444670356884376 0.00651962839755177 0.00908691644138886
6.5 700 0.00195931833083728 0.00419865236007713 0.00654715565954675 0.00937300883758642 0.0130977868966203
6.75 700 0.00268062332256916 0.00590836177575585 0.0093272054131603 0.0131614747612856 0.0186925822331294
7 700 0.00362351207897478 0.00815174764941976 0.0129726075037996 0.0181194165083004 0.0260152775652082
7.25 700 0.00485156207901727 0.0110440656921347 0.0177489111376945 0.0246034311351418 0.035592472895084
7.5 700 0.00642788 0.0148998 0.0237428397479223 0.0329927 0.0480041
7.75 700 0.00837374 0.0195879513407055 0.0314459352707856 0.0434808 0.0635739
3 999.9 4.20644794232774e-08 6.17399855925612e-08 8.65274000000091e-08 1.23323575376883e-07 1.98114831085422e-07
3.25 999.9 1.1512208259613e-07 1.68943216403788e-07 2.36802000000024e-07 3.37115599955591e-07 5.41018353270231e-07
3.5 999.9 3.12817443627002e-07 4.58948798257056e-07 6.43448000000055e-07 9.14182382164874e-07 1.46508691103955e-06
3.75 999.9 8.40341411047081e-07 1.23259054106493e-06 1.7346100000001e-06 2.45604939249416e-06 3.92914925564483e-06
4 999.9 2.22609598539474e-06 3.26379647288049e-06 4.60706000000011e-06 6.48604614974131e-06 1.03524077544143e-05
4.25 999.9 5.66724312723357e-06 8.38066358866541e-06 1.17788833162959e-05 1.64300870298291e-05 2.615234631099e-05
4.5 999.9 1.3376884532952e-05 1.9547491283573e-05 2.76771166202768e-05 3.9095356856171e-05 6.20353624627291e-05
4.75 999.9 2.98776537935171e-05 4.35837186564401e-05 6.26555292529087e-05 8.71704870087121e-05 0.000137848280045929
5 999.9 6.22805617708566e-05 9.06522542652607e-05 0.000125437 0.000181320155722753 0.000285699195684961
5.25 999.9 0.000107512248548318 0.000169717807563647 0.000228084332743933 0.000340915714530232 0.000535145671049703
5.5 999.9 0.000165051205754724 0.000292750442365213 0.00040644839133683 0.000590455633153668 0.000923184108617488
5.75 999.9 0.000239985413644832 0.000468504539117709 0.000660430165276161 0.000952926449852613 0.00148370326695303
6 999.9 0.000340657788599593 0.000681320342629123 0.00101966321260051 0.00146559153634526 0.00227172055674982
6.25 999.9 0.00047888141075967 0.000957790800938452 0.00152060508363016 0.00217980845903677 0.00336293729190792
6.5 999.9 0.000667365247157479 0.00133475663618956 0.00220412671748698 0.00315480575662466 0.00484329738060842
6.75 999.9 0.000920497122877533 0.00185916881689378 0.0031506 0.0044622594937122 0.00681625915782142
7 999.9 0.00125521916542977 0.00255137100505327 0.00439609339268137 0.00619162768176354 0.00941072915793366
7.25 999.9 0.00169646 0.0034950870597703 0.00605369871416883 0.00847830582429477 0.0128235
7.5 999.9 0.00227038 0.00473880532683175 0.00823733 0.0114728 0.0172718
7.75 999.9 0.00298985 0.00633864379163374 0.0110201 0.0152672 0.0228841
