Var1 Var2 Var3 Var4 Var5
3 9.3 1.49574e-06 2.69314836604822e-06 3.90807e-06
3.25 9.3 3.07049e-06 5.69167e-06 7.88011000000001e-06
3.5 9.3 6.29325e-06 1.20613e-05 1.58647e-05
3.75 9.3 1.29974e-05 2.42196e-05 3.21661e-05
4 9.3 2.67578e-05 4.80033e-05 6.52359e-05
4.25 9.3 5.45257e-05 9.39802999999999e-05 0.000133608
4.5 9.3 0.000109446 0.000180567 0.000267606
4.75 9.3 0.00022357 0.000367104512473321 0.000541428
5 9.1 0.000445566 0.000748099651188199 0.00109445
5.25 7.2 0.000841288 0.00150906 0.00256797
5.5 5.6 0.00152989 0.00300037 0.00537266
5.75 4.2 0.00291515 0.00528666606687967 0.00957696
6 2.9 0.00533531 0.00963153891774733 0.0146727
6.25 1.9 0.00921737 0.0161981816187982 0.0206421
6.5 1.1 0.0149616 0.0246883 0.0290946
6.75 0.6 0.0224916 0.036335 0.0424843
7 0.2 0.0316785 0.0542943 0.0644715
7.25 0 0.0409366 0.0773747 0.0952731
7.5 0 0.0478469 0.100414 0.129204
7.75 0 0.0525595 0.120143 0.161405
3 9.5 1.48682e-06 2.634010559115e-06 3.82001e-06
3.25 9.5 3.05297e-06 5.56791e-06 7.70666e-06
3.5 9.5 6.25814e-06 1.18034e-05 1.55219e-05
3.75 9.5 1.29052e-05 2.36818e-05 3.14333e-05
4 9.5 2.65196e-05 4.68863e-05 6.36706e-05
4.25 9.5 5.40235e-05 9.18040000000001e-05 0.000130394
4.5 9.5 0.000108394 0.000176464 0.000261234
4.75 9.5 0.000221509 0.00036340047457696 0.000529197
5 9.3 0.000441716 0.000740655367911901 0.00107031
5.25 7.5 0.000845574 0.00148567 0.00252189
5.5 5.9 0.00155241 0.00296018 0.00528387
5.75 4.6 0.00301022 0.00544813723074771 0.00959842
6 3.6 0.00562984 0.0101440409759845 0.0151687
6.25 2.8 0.00982247999999999 0.0172364439245627 0.021767
6.5 2.3 0.0158849 0.0261135 0.0307609
6.75 2.1 0.0236147 0.0381078 0.0445488
7 2 0.0326656 0.0559751 0.0664662
7.25 2 0.0411822 0.0778401 0.0958492
7.5 2 0.047572 0.0998416 0.12847
7.75 2 0.0521437 0.119196 0.160135
3 10.5 1.42947e-06 2.35776395657227e-06 3.41038e-06
3.25 10.5 2.93383e-06 4.98024e-06 6.88434e-06
3.5 10.5 6.00837e-06 1.05588e-05 1.38706e-05
3.75 10.5 1.23383e-05 2.11664e-05 2.80142e-05
4 10.5 2.52618e-05 4.18381e-05 5.66136e-05
4.25 10.5 5.16556e-05 8.26176000000001e-05 0.000116648
4.5 10.5 0.000104258 0.000167325012139162 0.000235717
4.75 10.5 0.000212877 0.000347254460043265 0.000478829
5 10.3 0.000424538 0.000707010283612481 0.000968277
5.25 8.8 0.00081915 0.00139936177693144 0.00221457
5.5 7.5 0.0015414 0.00270117132583598 0.0046176
5.75 6.5 0.00309056 0.00553824579865526 0.0087385
6 5.8 0.00589295 0.0105184102827347 0.0145856
6.25 5.4 0.0101151 0.0176229860790212 0.0214152
6.5 5.1 0.0160869 0.0260006 0.0305629
6.75 5 0.0236433 0.0379589 0.0443357
7 5 0.0320469 0.0548665 0.0651362
7.25 5 0.0397346 0.075127 0.0925007
7.5 5 0.0458448 0.096242 0.123848
7.75 5 0.0504687 0.115386 0.155025
3 13.6 1.19982e-06 1.7117e-06 2.44277e-06
3.25 13.6 2.45523e-06 3.61910833017767e-06 4.92889e-06
3.5 13.6 5.01013e-06 7.62773126202987e-06 9.92325000000001e-06
3.75 13.6 1.02317e-05 1.56881672328218e-05 1.99975e-05
4 13.6 2.08435e-05 3.22515243362509e-05 4.03339e-05
4.25 13.6 4.31853e-05 6.75032420805299e-05 8.45531e-05
4.5 13.6 8.83811000000001e-05 0.000139749599064945 0.000174172
4.75 13.6 0.000179902 0.000288410942384401 0.000355106
5 13.5 0.000358977 0.000585649184888982 0.000718253
5.25 12.3 0.000715242 0.00119266645928832 0.00159314
5.5 11.4 0.00138532 0.00236307265198662 0.00328235
5.75 10.8 0.00268041 0.004664293434532 0.00611347
6 10.4 0.00495962 0.00861344971665953 0.0104675
6.25 10.2 0.00864418 0.0140578428262084 0.0166527
6.5 10.1 0.0139793 0.0217554 0.0254188
6.75 10 0.0206133 0.0326852 0.0380768
7 10 0.0278221 0.0475302 0.0563953
7.25 10 0.0350083 0.0662663 0.0815678
7.5 10 0.0411018 0.0863606 0.111164
7.75 10 0.0460272768824128 0.105285 0.14148
3 22.1 7.03898e-07 8.64052999999999e-07 1.16515e-06
3.25 22.1 1.43858e-06 1.83797e-06 2.35054e-06
3.5 22.1 2.92301e-06 3.81914e-06 4.73086e-06
3.75 22.1 5.97520999999999e-06 8.03965e-06 9.58511e-06
4 22.1 1.22114e-05 1.68622e-05 1.94416e-05
4.25 22.1 2.52273e-05 3.49516769980745e-05 4.07949e-05
4.5 22.1 5.1655e-05 7.2332260374717e-05 8.44736999999999e-05
4.75 22.1 0.000105746 0.000149574 0.000174237
5 22 0.000213046 0.00030675 0.000355134
5.25 21.3 0.000430756 0.00064814 0.000753637
5.5 20.8 0.000848349 0.00131317 0.00153078
5.75 20.4 0.00166344 0.00255802 0.00297384
6 20.2 0.00313082 0.00469811 0.00546784
6.25 20.1 0.00552312 0.00810951 0.00939857
6.5 20 0.00916693000000001 0.0135487 0.015617
6.75 20 0.0136974 0.0213214 0.024689
7 20 0.0190394 0.0324325 0.03845
7.25 20 0.0250466 0.0476109304497271 0.0586138
7.5 20 0.030886625450043 0.065065 0.0838463
7.75 20 0.0362060008736342 0.082939 0.111535
3 31.4 4.21571388098837e-07 5.20715e-07 6.45167e-07
3.25 31.4 8.82166e-07 1.08450437902308e-06 1.30967e-06
3.5 31.4 1.80024e-06 2.24916376357966e-06 2.65267e-06
3.75 31.4 3.6784e-06 4.7265446966636e-06 5.41307e-06
4 31.4 7.53365e-06 9.86815e-06 1.1192e-05
4.25 31.4 1.55708e-05 2.06425e-05 2.30404e-05
4.5 31.4 3.20057e-05 4.27941e-05 4.77601e-05
4.75 31.4 6.66341999999999e-05 8.95957e-05 0.000100234
5 31.3 0.000136911 0.000184402522864551 0.000207832
5.25 30.9 0.000282355 0.000388899 0.000440432
5.5 30.5 0.000568129 0.000797574 0.000904696999999999
5.75 30.3 0.0011134 0.00156386 0.00177877
6 30.1 0.00210011 0.00293964 0.00335118
6.25 30.1 0.00374914 0.00526142 0.00599778
6.5 30 0.006297 0.009094036930237 0.0103732
6.75 30 0.00959830000000001 0.0148142 0.0170919
7 30 0.0137401 0.0234451 0.0277504
7.25 30 0.0184991704584513 0.0352895794483272 0.0435075
7.5 30 0.0234862480471046 0.0496246 0.0640416
7.75 30 0.0285592854171258 0.065541 0.0882372
3 41.1 2.93907e-07 3.51948816041229e-07 4.31963e-07
3.25 41.1 6.1272e-07 7.2316e-07 8.79805000000001e-07
3.5 41.1 1.24906928871213e-06 1.50261e-06 1.7658e-06
3.75 41.1 2.57591e-06 3.15966e-06 3.64423e-06
4 41.1 5.33715e-06 6.78742999999999e-06 7.65878e-06
4.25 41.1 1.10653e-05 1.41721e-05 1.5733e-05
4.5 41.1 2.28742e-05 2.94254e-05 3.24789e-05
4.75 41.1 4.78826e-05 6.17804e-05 6.85056e-05
5 41 9.9061e-05 0.000128206 0.000142773
5.25 40.6 0.000206318 0.000271277 0.000302713
5.5 40.4 0.000419612 0.000559516154224286 0.000625575
5.75 40.2 0.000829115 0.00111219 0.00124683
6 40.1 0.00157531 0.00212581 0.00239205
6.25 40 0.00280759 0.00384431 0.00434021
6.5 40 0.00471532 0.00672784 0.00762807
6.75 40 0.00731886 0.0112883 0.0129626
7 40 0.0106443745003993 0.018228055337212 0.0215628
7.25 40 0.0144540203868266 0.0276597316313445 0.0341456
7.5 40 0.0186381575806525 0.0394563 0.0509864
7.75 40 0.0231880799329326 0.053286 0.0717972
3 50.9 2.26040038672414e-07 2.68657e-07 3.21509796311764e-07
3.25 50.9 4.64942380455471e-07 5.55619e-07 6.52979020372467e-07
3.5 50.9 9.44649974830844e-07 1.1437e-06 1.33029006280339e-06
3.75 50.9 1.95828e-06 2.40923e-06 2.75590452271317e-06
4 50.9 4.08642e-06 5.09503e-06 5.79395107118331e-06
4.25 50.9 8.47068e-06 1.06711e-05 1.20007682471549e-05
4.5 50.9 1.75638976066582e-05 2.22534e-05 2.47071178127585e-05
4.75 50.9 3.70435e-05 4.69538416712005e-05 5.22080480947897e-05
5 50.8 7.70103632716479e-05 9.81519498391088e-05 0.00010904008673067
5.25 50.5 0.000161893661789764 0.000207435 0.000230504083142671
5.5 50.3 0.000331410938702482 0.000429666 0.000477797019516527
5.75 50.2 0.000657027370808053 0.000860792 0.000960272212381345
6 50.1 0.00125364 0.00166248888913774 0.0018668269956401
6.25 50 0.00223345 0.0030459032393364 0.00343349796692105
6.5 50 0.00375826 0.00538437655174451 0.00614999426703167
6.75 50 0.00588331 0.00913331000000002 0.0107278217289984
7 50 0.00860394913781326 0.0148177000000001 0.0182850270575594
7.25 50 0.0117900157352466 0.0226902000000001 0.0298381030732774
7.5 50 0.0154369 0.0328371000000002 0.0463027304010109
7.75 50 0.019501 0.0449946000000004 0.0679549025626413
3 70.6 1.4962e-07 2.02695e-07 2.80300328528726e-07
3.25 70.6 3.0874e-07 4.20689000000001e-07 5.73194235656961e-07
3.5 70.6 6.35434144560071e-07 8.60484000000002e-07 1.16446907390722e-06
3.75 70.6 1.30126072864274e-06 1.77685e-06 2.38730256866261e-06
4 70.6 2.70195956710959e-06 3.71029202041553e-06 4.94643380379247e-06
4.25 70.6 5.70348739537769e-06 7.82401163402151e-06 1.05683251538718e-05
4.5 70.6 1.20026231552583e-05 1.65587938420322e-05 2.25907769578088e-05
4.75 70.6 2.54692458201882e-05 3.5294599612149e-05 4.84401796449097e-05
5 70.6 5.35111806864623e-05 7.43287000000001e-05 0.000102740180855272
5.25 70.4 0.000113043476299114 0.000156921 0.000218690300479316
5.5 70.2 0.000232948131884585 0.00032585 0.000456026046197956
5.75 70.1 0.000460457747473006 0.000647841898900374 0.000916635287414617
6 70.1 0.00087524418449642 0.00124450998392942 0.00178157792901879
6.25 70 0.00157689826914448 0.00225879000000002 0.00332248059285824
6.5 70 0.00267954797987234 0.00384609000000023 0.00601992521183046
6.75 70 0.00421711207229187 0.00654901000000048 0.0105552750353862
7 70 0.00621396965375128 0.0107179000000011 0.0180455156423519
7.25 70 0.00866799019297129 0.0167149000000025 0.0297480735754296
7.5 70 0.0115635 0.0246489000000031 0.0465153155203906
7.75 70 0.0148567 0.0343388000000051 0.0685952840038819
3 100.4 9.85919690702747e-08 1.68487195146245e-07 2.48214001780906e-07
3.25 100.4 2.04243346687957e-07 3.50068495794754e-07 5.05339624540843e-07
3.5 100.4 4.27362833386335e-07 7.08864000000007e-07 1.02876341344257e-06
3.75 100.4 8.92210103854746e-07 1.44357000000003e-06 2.11799073778851e-06
4 100.4 1.85000451762879e-06 2.98928000000012e-06 4.44091949694611e-06
4.25 100.4 4.0560751514873e-06 6.31796000000033e-06 9.55467266259061e-06
4.5 100.4 8.88517201121744e-06 1.34176000000008e-05 2.07447169328324e-05
4.75 100.4 1.92021968580347e-05 2.86117000000021e-05 4.51523927094851e-05
5 100.4 4.09886913970986e-05 6.04992000000048e-05 9.68750253195827e-05
5.25 100.3 8.75361288942924e-05 0.000128676000000011 0.000208696330125666
5.5 100.2 0.000182496254403428 0.000268545000000023 0.00044008484534695
5.75 100.1 0.000365413596921108 0.000540630000000045 0.000894067110810779
6 100 0.000703557206794634 0.00105274000000008 0.00175447075698074
6.25 100 0.00128253674668435 0.00196814000000013 0.0033041487649534
6.5 100 0.00219978752459666 0.00357063000000012 0.00603863571661638
6.75 100 0.00350463681748702 0.00612201139469507 0.010706697586961
7 100 0.00522978465821622 0.00918608999999999 0.0184559473423183
7.25 100 0.00735962168792428 0.0143599000000004 0.0304281660668563
7.5 100 0.00993486825752271 0.021454900000001 0.0476085061342872
7.75 100 0.012980854488171 0.0303879000000026 0.0703824066620491
3 130.3 8.04506636440983e-08 1.38623183157407e-07 2.04088115236385e-07
3.25 130.3 1.66782223960722e-07 2.85655930517276e-07 4.15347331167176e-07
3.5 130.3 3.45208307393951e-07 5.72796000000008e-07 8.41581961182719e-07
3.75 130.3 7.24972820476262e-07 1.17004000000003e-06 1.73959241135819e-06
4 130.3 1.54627577747329e-06 2.44296000000011e-06 3.67012725262614e-06
4.25 130.3 3.32331825800305e-06 5.21440000000029e-06 7.90896730368154e-06
4.5 130.3 7.37436857287694e-06 1.12131000000008e-05 1.71822604876813e-05
4.75 130.3 1.63611386366044e-05 2.41826000000021e-05 3.78382344852534e-05
5 130.3 3.5360238443081e-05 5.17209000000044e-05 8.24010234604927e-05
5.25 130.2 7.63654113390994e-05 0.00011109600000001 0.00017924120537757
5.5 130.1 0.000160884301566152 0.000233972000000022 0.000381825584509163
5.75 130.1 0.000325416996760411 0.000475441000000043 0.000783542070531196
6 130 0.000631267823815565 0.000933567000000079 0.00155149087282342
6.25 130 0.00115573361061474 0.00175901000000012 0.00294636155083153
6.5 130 0.00198646411741468 0.00321539000000012 0.00542712676419412
6.75 130 0.00317713384790966 0.00556417080321459 0.00971242497298097
7 130 0.00475480263303578 0.00838638 0.016850580081572
7.25 130 0.00670624097900812 0.0131757000000004 0.0278871976939791
7.5 130 0.00910095999999999 0.0197591000000011 0.0438092630536384
7.75 130 0.0119682775448755 0.0281837000000024 0.0651432353910874
3 200.2 5.8570958849778e-08 1.0179e-07 1.51522618558271e-07
3.25 200.2 1.2176319065987e-07 2.05839000000003e-07 3.07856142029568e-07
3.5 200.2 2.48758110792943e-07 4.14459000000013e-07 6.23210265845012e-07
3.75 200.2 5.16006462713611e-07 8.41564000000039e-07 1.2811082297084e-06
4 200.2 1.12147903513263e-06 1.77020000000011e-06 2.7249229931766e-06
4.25 200.2 2.51534021534452e-06 3.85941000000028e-06 5.98900461096936e-06
4.5 200.2 5.68463232595994e-06 8.53429000000073e-06 1.33282283677031e-05
4.75 200.2 1.2777752613804e-05 1.8914900000002e-05 2.96891629604409e-05
5 200.2 2.88177888688291e-05 4.15585000000047e-05 6.55443645249857e-05
5.25 200.1 6.41182641771626e-05 9.0500800000011e-05 0.000144969424436427
5.5 200.1 0.000137489546585116 0.000192909000000022 0.00031287688238661
5.75 200 0.000283593880722451 0.000399622000000046 0.000655302422904818
6 200 0.000557975312793524 0.000800239000000083 0.00132462681894466
6.25 200 0.00102323172131356 0.00152985000000012 0.00255362406081591
6.5 200 0.00175068192398668 0.0028310400000001 0.00476062378036702
6.75 200 0.00278429182284377 0.00490316458073571 0.00859061668613329
7 200 0.00414603118153729 0.00739765000000002 0.0149475047267874
7.25 200 0.005854730607664 0.0117481000000003 0.0248248007736839
7.5 200 0.00795359198527162 0.0176256000000009 0.0390309529102333
7.75 200 0.010612332263269 0.025392700000002 0.0586078302491938
3 300.1 3.61722590197158e-08 6.14058000000019e-08 9.54258015365787e-08
3.25 300.1 7.49268112371464e-08 1.25074000000005e-07 1.94827762922868e-07
3.5 300.1 1.55634650997752e-07 2.53745000000014e-07 3.95544424814382e-07
3.75 300.1 3.25532230871914e-07 5.17598000000034e-07 8.12850293247436e-07
4 300.1 7.09043674246257e-07 1.11489000000008e-06 1.7630273572565e-06
4.25 300.1 1.63241649532021e-06 2.52544000000024e-06 4.01404229245199e-06
4.5 300.1 3.88944946137841e-06 5.85626000000058e-06 9.33775433435508e-06
4.75 300.1 9.24664209909517e-06 1.35688000000015e-05 2.16949482298374e-05
5 300.1 2.16023185197192e-05 3.11184000000036e-05 4.98654658523499e-05
5.25 300.1 4.9672216093398e-05 7.06056000000087e-05 0.000113336032458827
5.5 300.1 0.00011182504158332 0.000156007000000022 0.000250822579495518
5.75 300 0.00024100641513786 0.000333009000000041 0.00054181810419918
6 300 0.000483934641307478 0.000683449000000077 0.00112375699825563
6.25 300 0.000907825850624977 0.00134733000000012 0.00223568192451509
6.5 300 0.00157818097893958 0.00255857000000009 0.00427767710459582
6.75 300 0.00251051087770504 0.00446071051790444 0.00778542303684133
7 300 0.0037310506076587 0.00677192317294264 0.0135887396329054
7.25 300 0.00530773016879735 0.0108447000000001 0.0227798302593381
7.5 300 0.00726470231356531 0.0163805000000007 0.0360741373127898
7.75 300 0.00973852995905983 0.0236675000000017 0.0543935764978076
3 500.1 8.69715259611119e-09 1.35124000000011e-08 2.20728838913368e-08
3.25 500.1 2.28010941884618e-08 3.52280000000028e-08 5.75710365784626e-08
3.5 500.1 5.92662666948064e-08 9.09994000000082e-08 1.48375734943034e-07
3.75 500.1 1.51181144918878e-07 2.30595000000022e-07 3.76488554691244e-07
4 500.1 3.60200188570435e-07 5.45669000000056e-07 8.92877731094056e-07
4.25 500.1 8.04995870779845e-07 1.21133000000013e-06 1.98520167846788e-06
4.5 500.1 1.73504217227941e-06 2.59381000000031e-06 4.25082833157715e-06
4.75 500.1 3.73693750435232e-06 5.49634000000068e-06 9.00522489078345e-06
5 500.1 7.98540169924093e-06 1.16508000000016e-05 1.90787959403635e-05
5.25 500.1 1.72832934113223e-05 2.47486000000034e-05 4.04887345445513e-05
5.5 500 3.80297373979184e-05 5.35192000000074e-05 8.74232146476931e-05
5.75 500 8.49477349373312e-05 0.000118635000000016 0.000193263270834884
6 500 0.000192514121523338 0.000269890000000032 0.000438334837488089
6.25 500 0.000421167189041393 0.000625812000000053 0.00102634571369735
6.5 500 0.000886271189047967 0.00145163000000004 0.00239899871103903
6.75 500 0.00176500030382893 0.0031782840094212 0.00550460977363824
7 500 0.00322668030383243 0.00599129 0.0118680938965933
7.25 500 0.00535242006751912 0.0111724712563121 0.0232396200596397
7.5 500 0.00820801471154083 0.0189797000000004 0.0412347674124663
7.75 500 0.0118362500309237 0.0294616000000015 0.0667236818253102
3 700.1 4.70395798513604e-09 6.9411400000007e-09 1.16093780755614e-08
3.25 700.1 1.24068319219245e-08 1.82588000000019e-08 3.05358023094364e-08
3.5 700.1 3.24992044492736e-08 4.76810000000051e-08 7.9583900625032e-08
3.75 700.1 8.36935915733069e-08 1.22374000000014e-07 2.03975051769166e-07
4 700.1 2.01646710766464e-07 2.93782000000034e-07 4.89881895150784e-07
4.25 700.1 4.56367436262204e-07 6.62507000000081e-07 1.10484275065559e-06
4.5 700.1 9.97116887296199e-07 1.44241000000019e-06 2.40289708671477e-06
4.75 700.1 2.15574319486478e-06 3.10906000000041e-06 5.17153971952391e-06
5 700.1 4.65722044953933e-06 6.70349000000093e-06 1.11313929569316e-05
5.25 700 1.01142604552993e-05 1.44778000000021e-05 2.39912985857244e-05
5.5 700 2.22511808642883e-05 3.18130000000044e-05 5.25790702056348e-05
5.75 700 5.0727102045296e-05 7.15953000000097e-05 0.000117876332665617
6 700 0.000117334043885094 0.000165189000000019 0.000270137723623874
6.25 700 0.000258393070892349 0.000387809000000031 0.000629289235126333
6.5 700 0.000546220097900332 0.000908612000000018 0.00148497869514199
6.75 700 0.0010916701012775 0.00198122275365619 0.00343140982968814
7 700 0.00200204013503717 0.00380572583549295 0.00743546188926261
7.25 700 0.00333148003375958 0.0071228813769082 0.0145923253865053
7.5 700 0.00512635841313438 0.0121352 0.0260139529552588
7.75 700 0.00742097020232364 0.0188926000000006 0.0422227669093893
3 999.9 2.2557431950254e-09 3.19633000000039e-09 5.43047189278955e-09
3.25 999.9 5.9730150902127e-09 8.45364000000103e-09 1.43573689036616e-08
3.5 999.9 1.57301870033727e-08 2.22313000000028e-08 3.77269696920464e-08
3.75 999.9 4.07935696805582e-08 5.75538000000071e-08 9.74605237063226e-08
4 999.9 9.91488249207713e-08 1.39612000000018e-07 2.36235220884295e-07
4.25 999.9 2.26757841200201e-07 3.18643000000042e-07 5.38898081708964e-07
4.5 999.9 5.0142968245138e-07 7.03283000000095e-07 1.18823775104051e-06
4.75 999.9 1.09843435053413e-06 1.53857000000021e-06 2.59470806066738e-06
5 999.9 2.40580855671258e-06 3.36998000000047e-06 5.67101332695826e-06
5.25 999.9 5.26363639104041e-06 7.39730000000105e-06 1.2415864803065e-05
5.5 999.9 1.16408406139944e-05 1.65219000000023e-05 2.7637250545373e-05
5.75 999.9 2.61646914374971e-05 3.77766000000048e-05 6.28741750320458e-05
6 999.9 6.12590296888855e-05 8.84432000000092e-05 0.000145979546126512
6.25 999.9 0.000138324023631144 0.000210275000000014 0.000342119401374153
6.5 999.9 0.000292602033759053 0.000497616000000002 0.000800128942280876
6.75 999.9 0.000585449435128279 0.00107481425124265 0.00186155274371291
7 999.9 0.00107536 0.00211755544902043 0.00405495964000594
7.25 999.9 0.0017947 0.0039780771256378 0.00799238881302725
7.5 999.9 0.00277786 0.00677321 0.0143034060662104
7.75 999.9 0.00404087811327242 0.0106279 0.0233053478953391
