Var1 Var2 Var3 Var4 Var5 Var6 Var7
3 9.3 0.00360246 0.00407515 0.00580161 0.00650755777146792 0.00740429
3.25 9.3 0.00704875049525659 0.00799421 0.0111623 0.0125464 0.0141851
3.5 9.3 0.0132883 0.0158344 0.0219628 0.0246485 0.0274937
3.75 9.3 0.0244222 0.0313429 0.0411037786413626 0.048315 0.0533589
4 9.3 0.0434702 0.061675 0.0738609939002747 0.0939349 0.104136
4.25 9.3 0.0743848 0.113006017773244 0.147445895857055 0.179487721294389 0.204211
4.5 9.3 0.122709 0.202556 0.287932679147033 0.329792 0.392163
4.75 9.3 0.196713 0.363429 0.515705002932182 0.575933 0.720509
5 9.1 0.302174 0.610999 0.869785 0.960351 1.25858
5.25 7.2 0.440224 0.951828 1.53684901114558 1.76764 2.40902
5.5 5.6 0.565281 1.2827 2.12667457543956 2.66553 3.73949
5.75 4.2 0.715979 1.68424 2.8468541983828 3.2802 4.69624
6 2.9 0.86452 2.09104 3.19445 3.5123 5.09857
6.25 1.9 1.0201 2.5234 3.29899 3.86492 5.27167
6.5 1.1 1.19597123314944 3.01837 3.60323467980315 4.06991 5.59941
6.75 0.6 1.39120941813245 3.61717 4.12392 4.51788 6.34636
7 0.2 1.58633998534592 4.28265 4.74542 5.15007 7.29866
7.25 0 1.76367095949721 4.8426407942092 5.30655022752851 5.75631 8.22622
7.5 0 1.84708396474067 5.14665332101545 5.65947 6.13142 8.83361
7.75 0 1.89507087306837 5.28550325641678 5.81961 6.30423 9.15423
3 9.5 0.00358714 0.00405759 0.00570025 0.00640382378630641 0.00727399
3.25 9.5 0.00702165942580417 0.00796351 0.0109787 0.0123357 0.013945
3.5 9.5 0.0132431 0.0157796 0.0216031 0.0242481 0.0270451
3.75 9.5 0.024321 0.0312119 0.0404541 0.0475063 0.0524638
4 9.5 0.0432671 0.0613849 0.0735021602096542 0.0923409 0.102392
4.25 9.5 0.0739542 0.110885332186698 0.146565469565075 0.177054 0.200592
4.5 9.5 0.121712174561493 0.201212 0.285985610058991 0.323938 0.385112
4.75 9.5 0.195369 0.360929 0.507545990689196 0.563708072530061 0.707897
5 9.3 0.300355 0.607284 0.855242 0.944496 1.23751
5.25 7.5 0.44225 0.956131 1.5435785513755 1.74203 2.37345
5.5 5.9 0.576027 1.30696 2.16656387315352 2.63607865809821 3.70807
5.75 4.6 0.743763 1.74937 2.95641643660601 3.30998705048728 4.75121
6 3.6 0.916806179661239 2.22004 3.33137 3.66378 5.31664
6.25 2.8 1.1087 2.74205 3.55363 4.16233 5.67686
6.5 2.3 1.315 3.31352 3.95604699874517 4.45241 6.1252
6.75 2.1 1.50442974542025 3.91353 4.45649 4.88278 6.85955
7 2 1.66933037297328 4.5066 4.9942 5.41806 7.679
7.25 2 1.79760680145097 4.9716896760016 5.44803683767656 5.9097 8.44596
7.5 2 1.88796545144466 5.21088239753554 5.73024 6.20821 8.94475
7.75 2 1.90299306536371 5.31564175683517 5.86682 6.35539 9.22897
3 10.5 0.00348193 0.00393738 0.00521907 0.00587105521741723 0.00665601
3.25 10.5 0.00679743116276148 0.00770947 0.0100409095190513 0.0112791 0.0127426
3.5 10.5 0.0127853 0.0152303 0.0196955 0.0221228 0.024665
3.75 10.5 0.0234366 0.0300706 0.0368869 0.0433071 0.0478171
4 10.5 0.0416337 0.0589893373926605 0.0706591472357119 0.0841685 0.0934311
4.25 10.5 0.0711534 0.106950677198458 0.140828609618484 0.161819 0.183114
4.5 10.5 0.11724095397489 0.193805 0.264563769519854 0.297121 0.352819
4.75 10.5 0.187824 0.34691 0.469526 0.519695 0.649256
5 10.3 0.288801 0.583748 0.784566 0.867364 1.13511
5.25 8.8 0.434111 0.938173 1.42075 1.57915 2.14857
5.5 7.5 0.588386 1.33434 2.16874561160383 2.4249 3.39543
5.75 6.5 0.781827 1.83768 2.86013 3.14444931348982 4.49891
6 5.8 0.983253 2.37593 3.34691 3.78616 5.28959
6.25 5.4 1.18721 2.93369 3.6639 4.2868 5.84429
6.5 5.1 1.38538 3.48793 4.16682735075376 4.61465 6.34611
6.75 5 1.54164456764474 4.01968 4.55195 4.99023 7.01359
7 5 1.67313447594442 4.5168 4.96016772236454 5.42355 7.68959
7.25 5 1.772864401991 4.89889655367256 5.36856087674586 5.82309 8.32504
7.5 5 1.84832261563418 5.12109205589162 5.63248 6.10223 8.7948
7.75 5 1.88257476891281 5.24647670711543 5.77771 6.25882 9.09135
3 13.6 0.00302311 0.00341546 0.00403107 0.00452661 0.00511306
3.25 13.6 0.00583186063585119 0.00661523 0.00767715 0.00860492 0.00970528
3.5 13.6 0.0108539 0.012919 0.0150005270115363 0.0167157 0.0186173
3.75 13.6 0.0198533 0.0253545935870576 0.0291504378736816 0.03273 0.0361189
4 13.6 0.0352085 0.0476084897484709 0.0569627343325673 0.0636878 0.0709225
4.25 13.6 0.0603257 0.0877745 0.110245 0.123612 0.139381
4.5 13.6 0.0998551 0.164694 0.205682 0.228715 0.270637
4.75 13.6 0.159009 0.293465 0.366206 0.405538 0.499011
5 13.5 0.244105 0.492928 0.611299 0.712638 0.871628
5.25 12.3 0.371697587471377 0.803781 1.07109 1.20509 1.58583
5.5 11.4 0.512548 1.16055 1.60837 1.78739 2.44827
5.75 10.8 0.679449 1.59384 2.1144 2.47237484515573 3.28177
6 10.4 0.8514 2.05237 2.5567 2.98625 4.02216
6.25 10.2 1.03425 2.54898 3.05073157692996 3.46142 4.71377
6.5 10.1 1.20454 3.04826 3.55519 3.89977 5.38886631636109
6.75 10 1.34674875082201 3.52828 3.9402 4.32751 6.09106
7 10 1.47028042632391 3.98833443864825 4.38703145250267 4.77551 6.77915
7.25 10 1.60399730788776 4.38886108922338 4.8106928861822 5.21704 7.46722
7.5 10 1.69057386701341 4.67086141745389 5.14057 5.56912 8.03501
7.75 10 1.74263248697401 4.86321026370352 5.35855 5.80462 8.43997
3 22.1 0.00189395 0.00213469 0.00225419850450727 0.00247310219737902 0.00275717
3.25 22.1 0.00362476137623662 0.00408394586598161 0.00428211 0.0047144 0.00522794
3.5 22.1 0.00670739770326847 0.00771356 0.00836775 0.00917528148091128 0.0100099
3.75 22.1 0.0122594 0.0147103677508702 0.0167502 0.0179495480281389 0.0194346
4 22.1 0.0216705 0.027864 0.0335969715939157 0.0351137191078272 0.0385684
4.25 22.1 0.0367679 0.0534148 0.0640369 0.0670292 0.0753164
4.5 22.1 0.0604112 0.0994572 0.11857 0.130258115237241 0.146337
4.75 22.1 0.0970537 0.178726 0.211284 0.234045 0.27558
5 22 0.15053 0.303138 0.356806 0.39476 0.487098718674358
5.25 21.3 0.231988 0.49903 0.59377141201714 0.667157 0.842437
5.5 20.8 0.322603 0.727392 0.878353888911159 0.984533 1.27844
5.75 20.4 0.417985 0.975382 1.15683391321062 1.2907 1.70966
6 20.2 0.517362 1.24111 1.45049 1.59989 2.18934
6.25 20.1 0.621734 1.54978 1.76387 1.94578 2.69879176753323
6.5 20 0.742649713834933 1.89889 2.11965 2.32879 3.26525
6.75 20 0.87279340954628 2.29077 2.52955238073646 2.75869 3.90146
7 20 1.01181290250831 2.70610652643723 2.97474338510596 3.23163 4.60741
7.25 20 1.1539399973908 3.13035160867131 3.43446891503008 3.72301 5.35427
7.5 20 1.27338490708554 3.49601660140222 3.8559 4.177 6.04937
7.75 20 1.38477711949647 3.81899567516099 4.21615 4.56675 6.66397
3 31.4 0.00119729 0.00129446 0.0014081 0.00148767 0.00164641
3.25 31.4 0.0022575 0.00250421877343084 0.00271834 0.00289195 0.00316269
3.5 31.4 0.00417198 0.00475530512771852 0.00527930352871444 0.00562893 0.00615208
3.75 31.4 0.00756508999999999 0.00905789 0.0103017089174254 0.0109645 0.0118377602247211
4 31.4 0.0133114 0.0175581 0.0200204 0.0212645 0.0233256038998852
4.25 31.4 0.0225855 0.0336438 0.0382406 0.0416641 0.0461921109280344
4.5 31.4 0.0371596 0.0626954 0.0710982 0.0791391 0.0898791601007396
4.75 31.4 0.0596589 0.112521 0.127381 0.141073 0.168982
5 31.3 0.092595 0.190845 0.215758 0.238293 0.299059
5.25 30.9 0.143601 0.315221 0.358079 0.398602 0.514525160140241
5.5 30.5 0.202396 0.462135 0.528297 0.587555 0.775797462512837
5.75 30.3 0.259424 0.617801 0.697505 0.775273 1.05174347126526
6 30.1 0.322823 0.788451 0.888178 0.975567 1.34988
6.25 30.1 0.398679 0.994259 1.11019500192772 1.2134 1.69715
6.5 30 0.484538371315351 1.23607967023303 1.36748591685586 1.49219 2.10601
6.75 30 0.584708834083367 1.52080067119915 1.67046682300595 1.82359 2.59474
7 30 0.699443640871884 1.85144603346932 2.03661174818401 2.20993 3.16676
7.25 30 0.824997348210234 2.21366941039473 2.43230635301634 2.63576 3.80877
7.5 30 0.948109286393087 2.56679358514045 2.83929 3.07533 4.47757
7.75 30 1.07120636491193 2.9213799877728 3.23398 3.50249 5.13725
3 41.1 0.000809652 0.000887197 0.000957724908845824 0.00101091 0.00111941
3.25 41.1 0.00154996 0.00168867827305639 0.00183348917058568 0.00194465 0.00212772
3.5 41.1 0.00285999 0.00324993 0.00352269 0.00381794 0.00408921
3.75 41.1 0.00516945 0.00618593 0.00686021 0.00743729 0.00805977
4 41.1 0.00906741 0.0120359 0.0136998 0.0145224 0.015796
4.25 41.1 0.0153719 0.023038 0.0258811721242542 0.0278577 0.0313034
4.5 41.1 0.0252917 0.0429206 0.0481527961405976 0.0530401 0.0609217
4.75 41.1 0.0405466 0.0768777095626881 0.0859653485342873 0.0945254 0.114299
5 41 0.0629176 0.130261873703639 0.14543361674066 0.159682 0.202256
5.25 40.6 0.0975684999999999 0.215592 0.239760643139982 0.266035 0.349596
5.5 40.4 0.137106 0.317073 0.361156 0.392341 0.52843479599083
5.75 40.2 0.178509 0.426419 0.477173491363529 0.523108 0.719837
6 40.1 0.224094 0.547971131391085 0.609460489555447 0.666973 0.930422
6.25 40 0.278158 0.692284286067069 0.767478745285471 0.837416 1.18039
6.5 40 0.342873 0.86684455631647 0.958303917327636 1.0429 1.48274
6.75 40 0.419240647589479 1.0782037474087 1.18936990634179 1.29164 1.85075
7 40 0.507781485052063 1.32846277332724 1.46329846132715 1.5867 2.29227
7.25 40 0.610035828357342 1.61800909385159 1.78090323109672 1.92937 2.80596
7.5 40 0.720229919225926 1.92086021213429 2.1318 2.30873 3.38307
7.75 40 0.83558691574822 2.25273026371276 2.50166 2.709 3.99986
3 50.9 0.000603674493326971 0.000657357 0.000710844043370885 0.00075711 0.000834165250689134
3.25 50.9 0.00114683178169745 0.0012461097958216 0.00137191046991007 0.00145683 0.00159172
3.5 50.9 0.00213314444408196 0.00241028 0.00266081644184961 0.00282259067772233 0.00308947
3.75 50.9 0.00384778632128648 0.00457589 0.00516893 0.00553619694381261 0.00601766
4 50.9 0.00673093238033979 0.00887331519196327 0.00999023 0.0107119564851374 0.0117468689452945
4.25 50.9 0.0113974271875728 0.0169649922438522 0.0190407 0.0207761 0.0232264
4.5 50.9 0.018730216898749 0.0315730461634292 0.035341 0.0389794817955655 0.0451791
4.75 50.9 0.0299511866294336 0.0564296367406595 0.0630069 0.0696784987776465 0.084699
5 50.8 0.0464049306655705 0.0954874779767965 0.106456 0.117593284043794 0.149719
5.25 50.5 0.0721880473846828 0.158079589951205 0.176974 0.194332719051948 0.256634
5.5 50.3 0.101737448990893 0.232859418941142 0.261149 0.285813257239971 0.387726
5.75 50.2 0.132467142937964 0.31334430023095 0.350124 0.382992766996753 0.530165924774891
6 50.1 0.166457416006946 0.403982257736785 0.449382 0.492561738533864 0.691385814626903
6.25 50 0.206601346922261 0.512489201253244 0.567199 0.624658504867426 0.886154513564304
6.5 50 0.255266845541348 0.6463093519767 0.711376 0.789526881654437 1.12859
6.75 50 0.314243149766865 0.813587404642246 0.891906000000005 0.999114606417439 1.42702
7 50 0.38786301156981 1.0164697340913 1.12876 1.26332863819384 1.79642510361468
7.25 50 0.480477300482968 1.25794730885497 1.42306 1.59119435530746 2.23444161052098
7.5 50 0.575081946757641 1.53207 1.75429 1.98247 2.77353
7.75 50 0.688837205398232 1.83269 2.11066 2.43297225647847 3.4283
3 70.6 0.000375860647878353 0.000426508800659677 0.000511025000000001 0.000610745025020232 0.000684647473558662
3.25 70.6 0.000708819 0.000824013417773806 0.000964043000000003 0.00118123692619328 0.00131537883546981
3.5 70.6 0.00136239742957498 0.00159576342083154 0.00184133 0.00229251709206518 0.00254382702299555
3.75 70.6 0.00244559404083344 0.00309276966308066 0.00347860245915852 0.00444173123466348 0.00492748032746481
4 70.6 0.00425856816716381 0.0059452617382667 0.00661355268932135 0.00855657392271012 0.00974543639182657
4.25 70.6 0.00719588741172811 0.0106729627832424 0.0125611939246099 0.0162991625872539 0.0191158597934006
4.5 70.6 0.0118067656139225 0.0194282326138289 0.0233905 0.0302325172389402 0.03617662103454
4.75 70.6 0.018857087338105 0.034559175477433 0.0438888 0.0538758771565464 0.0678007001637071
5 70.6 0.0292025020226187 0.0584569080370596 0.0753313 0.0910582979982751 0.11988067278346
5.25 70.4 0.0454064264017644 0.0969677364414775 0.125002 0.151337599177084 0.206048241768717
5.5 70.2 0.0641738801694935 0.14341721191516 0.184778000000004 0.226449176862418 0.312706158367338
5.75 70.1 0.0838270545040481 0.193438156105949 0.248310000000001 0.306239517267098 0.428532357941161
6 70.1 0.105952800069771 0.250411483482802 0.320352000000002 0.398767 0.56123934164164
6.25 70 0.132974726228474 0.320468436381801 0.408730000000002 0.513942 0.725299204339701
6.5 70 0.166374560262262 0.407995156931907 0.519054000000003 0.657912 0.932432961734237
6.75 70 0.207469871224088 0.517527846511315 0.656679000000005 0.838112 1.19500891213462
7 70 0.258005844948269 0.65331087801361 0.828654000000007 1.06421 1.52974334963663
7.25 70 0.31908232439139 0.820337252687039 1.04012000000001 1.34358 1.95152551236129
7.5 70 0.388905634604371 1.01813 1.29142000000001 1.67719 2.4676
7.75 70 0.470390911341494 1.24757 1.58382000000001 2.06952726164672 3.08792
3 100.4 0.000224176637001396 0.000257878742201528 0.000376207000000004 0.000499706539408352 0.000567634772521352
3.25 100.4 0.00043320240715704 0.000498046395456183 0.000719287835249242 0.000965356148660783 0.00108605151143758
3.5 100.4 0.000797702467046464 0.000945338721348255 0.00133609499957901 0.00186847715267885 0.002102366015333
3.75 100.4 0.00144349315402262 0.0018149332343869 0.00255478730311055 0.00360999841297226 0.0040620523514549
4 100.4 0.00250647190537811 0.00347758966996083 0.0045469646297471 0.00695185464465255 0.00782115619822508
4.25 100.4 0.0042245284465152 0.0066699770892181 0.00834948565207298 0.0132049007236854 0.0153521113198469
4.5 100.4 0.00691194058603866 0.0122520766145239 0.0153324073829407 0.0244269363417492 0.0294210180161547
4.75 100.4 0.0110239752595203 0.0217180934003035 0.0273074720503425 0.0434739579603966 0.0546796148677012
5 100.4 0.0170646389264077 0.0363574389222162 0.0469721432445549 0.0734169830534343 0.0966648597210777
5.25 100.3 0.0265284965493056 0.0567603071587858 0.0776664340648181 0.121665109849527 0.166149835628552
5.5 100.2 0.0375704192422737 0.0828002693446392 0.115600654587518 0.180165416294988 0.252677555745288
5.75 100.1 0.0492353530422339 0.112046355674381 0.159328703044551 0.243542977626546 0.347955919801734
6 100 0.0625707383779422 0.145858840831438 0.210085956475204 0.316851248763367 0.458429442443235
6.25 100 0.0791450969218596 0.187788545274873 0.273560143822623 0.40817649234668 0.59650752066842
6.5 100 0.0999240163056006 0.241129401618563 0.354072590046975 0.523887112195238 0.771583494124261
6.75 100 0.126020688597631 0.308952399467556 0.456880541081823 0.671014368971576 0.995817858370406
7 100 0.158764814034335 0.395195120800023 0.588346163655337 0.85812978354925 1.28085211308796
7.25 100 0.199319654268409 0.503458528589778 0.754433271604219 1.09309983024973 1.64189962301306
7.5 100 0.248443 0.635795710131816 0.956059 1.38147 2.0879
7.75 100 0.307456 0.796900739427866 1.19916 1.73164 2.63275
3 130.3 0.00016309195641783 0.000188388269249441 0.000276567999810283 0.000366474246318102 0.000426195115714315
3.25 130.3 0.000314560571510827 0.000362709801140249 0.000523334433272204 0.000704619024329715 0.000817091695891092
3.5 130.3 0.000581745955195657 0.000701703639628881 0.00100140017215684 0.00136110211523088 0.00157391692281049
3.75 130.3 0.00105531182888936 0.00131739775035227 0.00186447831257907 0.00262766148256851 0.00303845881783079
4 130.3 0.00183437701075303 0.00252655495946315 0.00334928789427621 0.00504296252638512 0.00584117111533364
4.25 130.3 0.00308426102954119 0.00487848284236557 0.00606975000000007 0.00956968585620853 0.0114736518832881
4.5 130.3 0.00503520790572629 0.00884340025892194 0.0111033701578222 0.0176635769940927 0.0218713554651175
4.75 130.3 0.00801879268215261 0.0157055365171182 0.019717563593924 0.0313926421000474 0.0394496180378352
5 130.3 0.012409128510708 0.0258974994585575 0.0347771004239106 0.0529833104360407 0.0696985795397514
5.25 130.2 0.0192832810914092 0.0410358260192237 0.0577240883407566 0.0877000045045573 0.119653519027793
5.5 130.1 0.0273694586504989 0.0597085096853889 0.0855862443068479 0.130176704007807 0.182233372314293
5.75 130.1 0.036083803044848 0.0809059511151374 0.116298612535169 0.176851064045329 0.252358225427069
6 130 0.0462085854643543 0.105906901218103 0.152506287460486 0.231667618725654 0.334864367702546
6.25 130 0.0588526951757302 0.137501578063026 0.198016184182241 0.300524171841588 0.438525540246172
6.5 130 0.0748215334409038 0.177820713959273 0.258042607421783 0.388363613393215 0.571449394807359
6.75 130 0.0950996248422031 0.229974517160439 0.335304485605904 0.501329706062963 0.742065423909567
7 130 0.120694430764723 0.293997569152453 0.434886769668911 0.646063319017704 0.962356219562839
7.25 130 0.152460066886573 0.377034424469665 0.561137549662471 0.828532182931938 1.24181504522591
7.5 130 0.189961646504351 0.478729050609167 0.718436 1.05457 1.59026
7.75 130 0.236811495556044 0.605053638400338 0.913275 1.33317 2.02223
3 200.2 8.21631395705863e-05 9.82706681219394e-05 0.00014758764423236 0.000193839847509156 0.000242900731119761
3.25 200.2 0.000156710283924646 0.000189730533486191 0.000283465832825887 0.000371279515549241 0.000463440144762831
3.5 200.2 0.00030114221390622 0.000356719426555446 0.000520484039910091 0.000712966940540738 0.000886775873934476
3.75 200.2 0.000547065988738103 0.000688328114383394 0.000986055000000005 0.00137574650072361 0.00170619153038234
4 200.2 0.000947048761568765 0.00131800159147542 0.00187702906168615 0.00263550941074031 0.00325954473926481
4.25 200.2 0.00158168604195601 0.00248180150886396 0.0032415177343905 0.00496524077207866 0.00613333912409669
4.5 200.2 0.00256463931685565 0.00454870317749333 0.00589431385365404 0.00910582359822376 0.0117160692817926
4.75 200.2 0.00405280576500952 0.00798623588240976 0.0100681425118297 0.0160507052121812 0.0212440929301694
5 200.2 0.00623855036141032 0.0126599428519506 0.0176460268014988 0.0269316454077841 0.0357646800673322
5.25 200.1 0.00968277274264811 0.0207321274484084 0.0299760091896362 0.0444770268655035 0.0604932781223219
5.5 200.1 0.0138035793418028 0.0303642189193114 0.0457964464963196 0.0661628554589894 0.0923594288620016
5.75 200 0.0184349271846432 0.0417500975719507 0.0639667646870131 0.0909776758245618 0.129263915808386
6 200 0.0239591903796354 0.0554400969986932 0.0849969076242823 0.120713465122368 0.173607387360227
6.25 200 0.0309141658118813 0.0727472101565774 0.111393209242106 0.158288772401106 0.229595028129546
6.5 200 0.0398402163119732 0.0951278222415504 0.145522702159613 0.206864446389711 0.302087716670883
6.75 200 0.0512159000311401 0.1239838402935 0.189529876620927 0.269496875619275 0.395800383424538
7 200 0.0657200042190122 0.160195830084352 0.246459256301433 0.350497140605308 0.517546175205339
7.25 200 0.0838513651681047 0.207356316160089 0.318874032545502 0.453498863017009 0.673256195937442
7.5 200 0.106302 0.266693470210934 0.408430484275159 0.583277 0.870827
7.75 200 0.134225 0.3418260147067 0.524104367932248 0.747329 1.12225
3 300.1 3.39057796349111e-05 4.35711990387314e-05 6.73321030037984e-05 8.65910163658263e-05 0.000120221495773143
3.25 300.1 6.48980743811737e-05 8.3195394579261e-05 0.000129585049498928 0.000166287865335824 0.000230095593653739
3.5 300.1 0.000124978255766063 0.000159838136595182 0.000242038477948466 0.000319687799259107 0.000440817960554953
3.75 300.1 0.000239402911977473 0.000306650780206053 0.000451866526457934 0.000613316245443649 0.000842732623213872
4 300.1 0.000420518748274029 0.00058256792494413 0.000841078574755078 0.00116536335585392 0.00159698911297234
4.25 300.1 0.000695216588533301 0.00108522424695345 0.00148268497156025 0.0021708268491504 0.00296645910700098
4.5 300.1 0.00111330434766209 0.00195691342426517 0.00267852 0.00392968733102648 0.00535544479029754
4.75 300.1 0.0017411271799978 0.00339549205802034 0.00465749401900881 0.00685188487439914 0.00931475629464265
5 300.1 0.00266029829394855 0.00531951564298309 0.00773234535437925 0.0114049065996712 0.0160850548499304
5.25 300.1 0.00413282809478762 0.00861590646961291 0.0127695296694525 0.0188361860324282 0.0273394023135871
5.5 300.1 0.00593286279298496 0.0128913866289218 0.0196045765576082 0.0281888268101613 0.0409325860831098
5.75 300 0.00799632580426786 0.0179000575044127 0.0276443472662775 0.0390615721355244 0.0567146765361011
6 300 0.0105140318922828 0.0240374872454664 0.0374616398560721 0.0523529102091622 0.0759687333400534
6.25 300 0.0137030030457465 0.0318357759498155 0.0499121233528332 0.0692101559962534 0.100359319813564
6.5 300 0.0178335450253896 0.0419898824860639 0.066063075548569 0.0911554754628975 0.132400838514607
6.75 300 0.023288682877902 0.0554870412764095 0.0873755129795857 0.120361745976198 0.175676288569856
7 300 0.0303392206084273 0.073134258953274 0.115676239413996 0.158560997861329 0.2324713734657
7.25 300 0.039100595750141 0.095411805934676 0.151597278458206 0.206793686600107 0.304552869045917
7.5 300 0.0500762 0.123521333083979 0.197652420392585 0.26827 0.396971
7.75 300 0.0641727 0.159520487655784 0.258017569245848 0.348531 0.518386
3 500.1 2.78805908623713e-06 4.17740528585565e-06 6.07754484445901e-06 8.29874005152569e-06 1.4092320995612e-05
3.25 500.1 7.66248220511297e-06 1.14804830103998e-05 1.69531826935042e-05 2.29559330201444e-05 3.88866690464193e-05
3.5 500.1 2.0436241270996e-05 3.05784716053968e-05 4.46211505718211e-05 6.11469711880774e-05 0.000103277153399858
3.75 500.1 5.15413405336702e-05 7.69896561762029e-05 0.000111884829654459 0.00015400903166044 0.000259282153201491
4 500.1 0.000120185914537942 0.000179308079442438 0.000251530814989793 0.00035893642535492 0.000602185076109551
4.25 500.1 0.000244268654258293 0.000378657346358774 0.000509608251480599 0.000758233981397766 0.00126736613391779
4.5 500.1 0.000407512056572572 0.000712064618524176 0.000955399238320994 0.00142504765651114 0.00237270312192789
4.75 500.1 0.000611439838222474 0.00116299094973487 0.00161067376324928 0.00238140622329989 0.0039483024409625
5 500.1 0.000853070660575535 0.00170043612687336 0.00245560881751008 0.00361455658176343 0.00596563726875952
5.25 500.1 0.0010951832485953 0.00219085278982144 0.00336263475752071 0.00492757452688583 0.00809271106084389
5.5 500 0.00145502070168004 0.00291104239525951 0.0046962972772846 0.0068167067462884 0.0111372977189095
5.75 500 0.00199848279284236 0.00409870002644698 0.00663571766276973 0.00961727856148533 0.0156295117607202
6 500 0.00275491237319611 0.00574682711378779 0.00937026429457079 0.0135025309345893 0.021828421161498
6.25 500 0.00376957780697013 0.00797568045933561 0.0130692116005725 0.0187256101103741 0.0301204894629244
6.5 500 0.0050940507555273 0.0105867045375964 0.0179509245291937 0.0255813745324257 0.0409582119830849
6.75 500 0.00677072619996327 0.0141920380577876 0.0242114567363856 0.0343296726262441 0.0547467747012373
7 500 0.00890054371584035 0.0188085294231041 0.0322713953424257 0.0455636441333042 0.07240131492629
7.25 500 0.0116582916542673 0.0248354321753676 0.0428530274971069 0.0602765452524691 0.0954987504614477
7.5 500 0.015128 0.0325316994101693 0.056389 0.0790655 0.124963
7.75 500 0.0192922 0.0419918418595597 0.0729622 0.102035 0.160977655438265
3 700.1 7.1517337012689e-07 1.24681503606842e-06 1.56904000000006e-06 2.56298589539969e-06 5.12763478319985e-06
3.25 700.1 1.96527579926899e-06 3.42944599486567e-06 4.37899000000013e-06 7.08027293526313e-06 1.41780923856301e-05
3.5 700.1 5.24896286234589e-06 9.15232368101373e-06 1.18296000000003e-05 1.88702343595549e-05 3.77426925287146e-05
3.75 700.1 1.32772493042405e-05 2.31046971770641e-05 3.04551000000004e-05 4.85820324923134e-05 9.5002462112007e-05
4 700.1 3.11268773140753e-05 5.39440341744853e-05 7.27262971525692e-05 0.000116953149644631 0.000221270847474912
4.25 700.1 6.62611927376558e-05 0.000114585507368741 0.000149070329987089 0.00024786599669911 0.000467092873248172
4.5 700.1 0.000124655572920961 0.000216455942259113 0.000270626358976287 0.000468673344234951 0.00087734528071638
4.75 700.1 0.000189311744855219 0.000356810564248842 0.000454283990955035 0.000782226202883088 0.00146517606192886
5 700.1 0.000266730742499078 0.000530438591822064 0.000707023327582001 0.0011865655894698 0.0022225620385046
5.25 700 0.000346277027672523 0.000692653060621342 0.000980248486964388 0.00163708206976961 0.00302819538145345
5.5 700 0.000465732145991785 0.000931661181221301 0.00138354831213122 0.00226132599000801 0.00418753647853081
5.75 700 0.000648034894512702 0.0012962997350874 0.00199718997884895 0.00318644011891762 0.00590745386192734
6 700 0.000905206937432721 0.00187254906518481 0.00287438331546714 0.00446985878255932 0.00829633612452205
6.25 700 0.00125503997993504 0.00259161061411476 0.00408973498714891 0.00619729455772476 0.0115147466320576
6.5 700 0.00171814081666587 0.0036282360925618 0.00573118166215817 0.00847028878716271 0.0157535597862925
6.75 700 0.00231297415723341 0.00485027902988144 0.00784042181632274 0.0114913956449369 0.0211900869019617
7 700 0.00307928582694351 0.0064061827570868 0.0105744902698332 0.0154495962671297 0.0282085373621085
7.25 700 0.00408497916545717 0.00844079406864164 0.0142761635042692 0.0208620017227805 0.037474452335806
7.5 700 0.00536982 0.0111996 0.0188925301039652 0.0280739 0.0494166
7.75 700 0.00694000999999999 0.0144456364060233 0.0245761 0.0362225445313283 0.0641911
3 999.9 1.09489690663717e-07 2.25731085165387e-07 2.98719000000011e-07 5.12214808471007e-07 1.3118041984866e-06
3.25 999.9 3.02162795129734e-07 6.12364391070868e-07 8.34640000000028e-07 1.42088533750242e-06 3.63322079486921e-06
3.5 999.9 8.07566287211034e-07 1.65719654178354e-06 2.25870000000005e-06 3.79945997615632e-06 9.69277545278158e-06
3.75 999.9 2.05186494230155e-06 4.10431138694399e-06 5.83033000000009e-06 9.6220892698011e-06 2.44650463247247e-05
4 999.9 4.84344775429442e-06 9.68105409717394e-06 1.40842e-05 2.25831342613237e-05 5.71737619384025e-05
4.25 999.9 1.04176372514974e-05 2.08327171048115e-05 2.88656696527213e-05 4.94496495931799e-05 0.000121182373219037
4.5 999.9 2.00813370339034e-05 4.01576302650559e-05 5.22926959279128e-05 9.37720121463886e-05 0.000228732653199006
4.75 999.9 3.47482117807038e-05 6.94875592610522e-05 8.90541034258038e-05 0.000176602659414236 0.000384241979932783
5 999.9 5.48567884672461e-05 0.000105963684853913 0.000139810665510047 0.000267487512139348 0.000587010446623186
5.25 999.9 7.50058362803668e-05 0.000149895083546493 0.000196024244561413 0.00036619843926457 0.000806568565764224
5.5 999.9 0.000104407456093606 0.000208834312839148 0.000284762591949344 0.000497070575022261 0.00112643055371748
5.75 999.9 0.000150651205685643 0.000301325642417855 0.000421671000000001 0.000720260491126238 0.00160694466560737
6 999.9 0.000218311122405196 0.000436651717395349 0.000604243000000006 0.0010465595318125 0.00228446195575036
6.25 999.9 0.00031369266434572 0.000645966278757271 0.00089205800000001 0.00151935062796186 0.00321146784645057
6.5 999.9 0.000444228747952503 0.00090812069573487 0.00132492000000001 0.00217331618705253 0.00445096784724108
6.75 999.9 0.00061721816538888 0.00127920887916402 0.00192378 0.0030452343300403 0.00606485738091315
7 999.9 0.000846169332337905 0.00176092261699821 0.00274557833302729 0.00418513231252044 0.00817709504612171
7.25 999.9 0.00115360374817758 0.00238569006281883 0.00386918399935826 0.00575501524400976 0.0109991
7.5 999.9 0.00155575 0.003186927231989 0.00539197496954621 0.00782890220546837 0.0146849
7.75 999.9 0.00205987 0.00426564 0.0072482334918769 0.0105098 0.019314
