Var1 Var2 Var3 Var4 Var5 Var6 Var7
3 9.3 0.0416393 0.0586188437234613 0.0738046 0.0976864 0.130193
3.25 9.3 0.0642061 0.103311907637322 0.128275 0.169199 0.224365
3.5 9.3 0.0971466 0.160130040991269 0.214986172674696 0.286948 0.378965
3.75 9.3 0.143259 0.266473404417147 0.367128 0.473762688918138 0.613123
4 9.3 0.207751 0.396711376510543 0.599408 0.736620234213519 0.97086
4.25 9.3 0.299049 0.576084502246929 0.913671 1.1103 1.49139
4.5 9.3 0.427454 0.822775527645959 1.35868 1.61752 2.2281
4.75 9.3 0.607298 1.16365 1.98492 2.299 3.22258
5 9.1 0.837716 1.62561 2.79593 3.21222 4.56076
5.25 7.2 1.00217 2.16221883882472 3.48574274494446 4.66423 6.71315
5.5 5.6 1.08903 2.54883176130974 4.27136 5.78359 8.41283
5.75 4.2 1.27235 2.85766095293679 4.78491 6.39331 9.37003
6 2.9 1.46301088114058 3.07 5.22921 6.40497 9.43701
6.25 1.9 1.66358 3.55185 6.02262 7.00423 9.31854
6.5 1.1 1.74784086654821 4.09326 6.05044 7.83568 9.55424
6.75 0.6 1.904322377733 4.74998 6.45223 8.35028 10.3256
7 0.2 2.10924440964095 5.43162507021468 7.21872366133671 9.29760645414239 11.4806
7.25 0 2.28070894440565 5.93527418042905 7.84841268870131 10.1411461143076 12.5459
7.5 0 2.30577334402468 6.14394389372842 8.12039 10.4958 13.1033
7.75 0 2.296802439085 6.0683138178391 8.10606 10.4715 13.2215
3 9.5 0.0413938 0.058919 0.0723646 0.095731 0.127583
3.25 9.5 0.0638585 0.102130460042507 0.125849 0.165913 0.220006
3.5 9.5 0.0966397 0.157718153107863 0.212381111132099 0.281487 0.371746
3.75 9.5 0.142461 0.264814957346649 0.365052 0.462741209687528 0.601369
4 9.5 0.20657 0.391008871115988 0.595956 0.721000485353442 0.952916
4.25 9.5 0.297257 0.567789495119173 0.9081 1.08991 1.46321
4.5 9.5 0.423428123459576 0.811088783167233 1.35016 1.58842 2.18682
4.75 9.5 0.603822 1.1439 1.97317 2.26046 3.16692
5 9.3 0.831010633112028 1.6174 2.78174 3.16116 4.48568
5.25 7.5 1.01262 2.15588142453492 3.45630891048279 4.6195 6.64414
5.5 5.9 1.11992 2.57385598788631 4.31956 5.78409 8.40634
5.75 4.6 1.33824 2.95278475765727 4.89654 6.546 9.58602
6 3.6 1.58602 3.3181 5.6516 6.79952 10.003
6.25 2.8 1.83435 3.95118 6.63575 7.76216120705041 10.2184403350376
6.5 2.3 1.97385611376321 4.63182 6.81998 8.83205 10.7754
6.75 2.1 2.07719121185853 5.31357 7.20801 9.32818 11.5404
7 2 2.29875973549173 5.91829850552041 7.86511930877511 10.1306410053984 12.51
7.25 2 2.42632511289677 6.31266746277677 8.34763210736643 10.778195598215 13.3462
7.5 2 2.41449324209136 6.43214317776448 8.50156 10.9883 13.7205
7.75 2 2.38895748435985 6.2490468141581 8.42988 10.8897 13.7517
3 10.5 0.0398747 0.0567462 0.0656459 0.0866256 0.115432
3.25 10.5 0.0613777 0.0930347 0.117044 0.150396 0.198737
3.5 10.5 0.0926482 0.146858424207001 0.202824 0.257487353694506 0.335219
3.75 10.5 0.136498 0.253099031018145 0.349625 0.415157885243229 0.542559
4 10.5 0.197996 0.360631649804921 0.567208940551074 0.65497684052397 0.863269
4.25 10.5 0.285268 0.525021890787719 0.871032 0.990543 1.32631
4.5 10.5 0.408431 0.756185 1.29724 1.44992 1.99091
4.75 10.5 0.580893 1.09883 1.8967 2.07978 2.89483
5 10.3 0.804353 1.55932 2.68146 2.98119 4.11285
5.25 8.8 1.00543 2.04442 3.41006 4.22073 6.05044
5.5 7.5 1.17172 2.49978218565646 4.05723001473344 5.41141 7.8348
5.75 6.5 1.45321 2.99086 5.08943 6.39356 9.32567
6 5.8 1.75861180631372 3.68469 6.27469 7.22128 10.2939
6.25 5.4 2.02346005666063 4.41194 7.11086 8.52045574656618 11.1352
6.5 5.1 2.14968830460474 5.0883 7.36182 9.53252 11.6633
6.75 5 2.27649973941618 5.69045 7.70475 9.97975 12.3082
7 5 2.40567214824246 6.18617102882422 8.21908634887724 10.5889633243722 13.0806
7.25 5 2.49651531308951 6.48697870615571 8.57936290199235 11.0853575151055 13.7279
7.5 5 2.47437518475026 6.52667752856576 8.70163 11.2482 14.0568
7.75 5 2.4452120606846 6.45160088545726 8.62043 11.1359 14.0733
3 13.6 0.0335669 0.0462985 0.052552 0.0663206 0.0855625
3.25 13.6 0.0512576 0.0707779547418032 0.0938884760866074 0.114112 0.146539
3.5 13.6 0.0766495 0.121420186080037 0.166866227213595 0.192236 0.245939
3.75 13.6 0.112447 0.186881853251796 0.286625545880117 0.312776 0.398913
4 13.6 0.16234 0.281962 0.463093 0.489148 0.643947648403381
4.25 13.6 0.23276 0.417949 0.703011 0.759187966793888 1.00493653044333
4.5 13.6 0.333665 0.627733 1.03884 1.15956581003553 1.53361890255971
4.75 13.6 0.47594 0.923771 1.49881 1.7077577133823 2.26255
5 13.5 0.662410939565336 1.31738 2.11713 2.45065617932221 3.23357
5.25 12.3 0.873319 1.72313 2.95208 3.31646 4.46995
5.5 11.4 1.04569 2.1007 3.589 4.06323 5.71199
5.75 10.8 1.30324 2.66525 4.54369 5.18408 6.9638
6 10.4 1.54442101307809 3.3003 5.29041 6.31027241089625 8.28842
6.25 10.2 1.74626104804131 3.97862 5.91131 7.6283963844369 9.3468
6.5 10.1 1.92554050722631 4.63527 6.4464 8.34395 10.3014
6.75 10 2.08660925316021 5.23093 7.11569 9.21529 11.2118
7 10 2.23246989041689 5.71695104658339 7.59170010590462 9.78619304545321 12.1087
7.25 10 2.28818359956489 6.09141470697377 8.05904584362954 10.4123958130442 12.9321
7.5 10 2.37386793211239 6.23196767387488 8.31891 10.7497 13.4729
7.75 10 2.37942864232909 6.31884691386244 8.36378 10.8022 13.6872
3 22.1 0.0181775474676783 0.0232902587029799 0.0301530965504994 0.0341224 0.0437145
3.25 22.1 0.0276593065910215 0.0396512 0.0530783 0.0610828 0.0748755998050134
3.5 22.1 0.0412503038524841 0.064665949112893 0.0886894368894462 0.103936344540039 0.129472
3.75 22.1 0.060770486707371 0.099924 0.146071547949672 0.175769 0.210692
4 22.1 0.0884962282838577 0.158631 0.230987 0.279672 0.333656
4.25 22.1 0.127667262608867 0.243883 0.352298 0.443746 0.526456
4.5 22.1 0.183255328263938 0.366646 0.524786 0.670661129450121 0.803402
4.75 22.1 0.262444347644044 0.543823 0.770122 0.990612962369025 1.19869
5 22 0.368207216747954 0.782269 1.10095 1.4309973048664 1.73255
5.25 21.3 0.488020843225977 1.03527 1.50054 1.91164349842675 2.37621
5.5 20.8 0.599495997659322 1.28067 1.88108 2.37566219743408 2.99534
5.75 20.4 0.731233201676339 1.61361 2.31032 2.99329 3.70037
6 20.2 0.879432118595542 2.00858 2.79174 3.61409 4.50128
6.25 20.1 1.02322365774449 2.46273 3.39354 4.39644 5.39681
6.5 20 1.21703939334278 2.96442 3.9905718246553 5.11402851706917 6.37822
6.75 20 1.3661024957753 3.45689330670519 4.64049780019785 5.97034077051749 7.43543
7 20 1.54693138039602 4.00299458953864 5.31589173508537 6.8570913497456 8.55523
7.25 20 1.76589842510851 4.50582131633412 5.97080778003489 7.71063199936508 9.67615
7.5 20 1.87924783537862 4.85339687848471 6.50331 8.39818 10.633
7.75 20 1.97939194744564 5.12983637976219 6.88403 8.8857 11.366
3 31.4 0.0105272979888476 0.0134534 0.0171794 0.0197030241093 0.0250955
3.25 31.4 0.0160049441158784 0.023123925109047 0.0294587 0.0345014257667258 0.0439145005448218
3.5 31.4 0.0238455731197167 0.0368989 0.0494732 0.060381 0.0741321
3.75 31.4 0.0351772343622954 0.0594939 0.0809535 0.102303 0.120803
4 31.4 0.051388911244022 0.094593 0.133703 0.166554 0.19183
4.25 31.4 0.0743979843508711 0.145641 0.202800027373229 0.25623 0.303707
4.5 31.4 0.107295856937343 0.219417 0.307841063153628 0.385104 0.465588
4.75 31.4 0.154424405108774 0.326008 0.449474092505733 0.580511 0.698042
5 31.3 0.217587222867515 0.470002 0.649277826738857 0.844824 1.01254
5.25 30.9 0.287769217247419 0.625987 0.884924 1.13251 1.37673
5.5 30.5 0.355410668210289 0.781458 1.10222 1.42087 1.738
5.75 30.3 0.437268298660113 0.984892 1.37622122714085 1.73301410773814 2.16922
6 30.1 0.535308818079223 1.23576300415339 1.67387973768395 2.13989843843925 2.69332
6.25 30.1 0.650451798985966 1.53160754849755 2.06178770151447 2.64341184039877 3.32154
6.5 30 0.782439706726007 1.87744940229456 2.51379117675549 3.23124271204657 4.0598
6.75 30 0.91309583754438 2.24235939615614 3.03283932752505 3.90629681767049 4.91772
7 30 1.09631323061211 2.71550495568448 3.61124616986846 4.65730057031461 5.88873
7.25 30 1.26927012091165 3.18182304701789 4.2256960351813 5.452780468469 6.94091
7.5 30 1.41395315762432 3.57442257902088 4.81302 6.20982 7.97273
7.75 30 1.55481816934122 3.95314645885851 5.32936 6.87303 8.90949
3 41.1 0.00678136742205781 0.00849624 0.0109184 0.0125868599037103 0.016025
3.25 41.1 0.0103091960490302 0.0145059400135984 0.0187307 0.0219715498965703 0.0283998
3.5 41.1 0.0153551652056381 0.023473 0.0314685 0.0384923 0.0478051
3.75 41.1 0.0226277162192433 0.0385218600412919 0.051483 0.0650316 0.0778111
4 41.1 0.0330484717280468 0.0607052952862678 0.0842408 0.106787 0.123474
4.25 41.1 0.0479186859808943 0.0934703297078665 0.129030151032443 0.163582 0.195712
4.5 41.1 0.0692575428482168 0.140858512002882 0.194263672777716 0.245371 0.30057
4.75 41.1 0.0997186064118682 0.208881088262604 0.284977596270602 0.368904 0.450619
5 41 0.139104208294707 0.301355209557847 0.412223539441233 0.537268 0.654523
5.25 40.6 0.185936524979316 0.40330198300187 0.554322317412035 0.721136 0.885703
5.5 40.4 0.230602721765596 0.506841652930115 0.698533187150757 0.909096 1.12018
5.75 40.2 0.286358579244125 0.634803669743661 0.868500326106723 1.11263426501698 1.41131
6 40.1 0.355024274957458 0.80790283000687 1.09045658626101 1.38948258310141 1.77552
6.25 40 0.438157676584424 1.01453213631745 1.36343376366289 1.75166628888227 2.22565
6.5 40 0.536889541105447 1.26448609599565 1.69313420233416 2.17825345103637 2.77374
6.75 40 0.651367944159796 1.55910726821403 2.08180528438009 2.6811926777818 3.42669
7 40 0.780859824448478 1.89662427412605 2.52768339794198 3.25765816701392 4.18569
7.25 40 0.924312637604425 2.2740574878612 3.02768311301161 3.90298121646346 5.04975
7.5 40 1.06288061689889 2.62562081107378 3.55493 4.58184 5.97933
7.75 40 1.20672297352048 3.00623554171975 4.07386 5.24867 6.91492
3 50.9 0.00479261953633613 0.00593392593630106 0.00786841 0.00885672 0.0114759
3.25 50.9 0.00728594721552673 0.0100416215217758 0.0134892 0.0154292632202575 0.0200785
3.5 50.9 0.0108498996481254 0.0166374115937898 0.0226374 0.0271884 0.0338476847169088
3.75 50.9 0.0159547315336253 0.0268933 0.0369132 0.0453634 0.0553078712097757
4 50.9 0.0232568672122431 0.0420543441208611 0.0582459 0.0742924 0.0877030324382195
4.25 50.9 0.0337085589299777 0.0647035266012185 0.0892469 0.113669 0.138954367676481
4.5 50.9 0.0486904270810032 0.0974046525645048 0.133782 0.173537052135491 0.213281074674144
4.75 50.9 0.0700671553377241 0.144269087755436 0.197281 0.256518 0.319599380157363
5 50.8 0.0986784935077865 0.207524218473341 0.282813 0.367036 0.462789676079064
5.25 50.5 0.129543052722954 0.276975763025254 0.378548 0.490507 0.620419318546084
5.5 50.3 0.160515479807176 0.348258315582813 0.47616 0.616127 0.782378211523246
5.75 50.2 0.200175818332239 0.441215936658695 0.600003 0.775493 0.990364674518386
6 50.1 0.250419518492973 0.560225318245104 0.757297 0.977894 1.25892297722932
6.25 50 0.313067402381105 0.710306372631917 0.954125 1.23114 1.60238396553184
6.5 50 0.390361942150868 0.89728422418666 1.19746 1.54894683750376 2.03902414464618
6.75 50 0.484616622568234 1.12678363908111 1.49377 1.94697483461789 2.58960519989195
7 50 0.598174398331407 1.40364943973081 1.84807 2.38839681273005 3.27660822940037
7.25 50 0.728542 1.72755105256339 2.25859000000007 2.94463657138289 4.11383957618719
7.5 50 0.860737 2.08233 2.71900000000006 3.5880428927811 5.09125
7.75 50 0.994523 2.44243 3.26769000000005 4.25116329977739 6.18539
3 70.6 0.00278972136195285 0.00376064164290713 0.00486455973237441 0.00600236221672793 0.00794727189039973
3.25 70.6 0.00439595996977831 0.00640993910015982 0.0083521 0.0103212137682164 0.0137757781470599
3.5 70.6 0.0065518655462663 0.010607 0.0142291776443254 0.0173363911084465 0.0242481774972204
3.75 70.6 0.00959905773440869 0.0163862040152271 0.0230850781736136 0.0286196207017611 0.0413145404303357
4 70.6 0.0139438303792738 0.0237213525648074 0.0363712072786767 0.0465554743558437 0.0676489628240955
4.25 70.6 0.0201717329221905 0.0361128 0.0559071357354938 0.0701246051815574 0.102754282987239
4.5 70.6 0.0290741920454482 0.0541598 0.0835046038965943 0.106979343234164 0.153587482351109
4.75 70.6 0.0417150335965712 0.079228878528481 0.122616013062282 0.159466318554065 0.225410648480852
5 70.6 0.0585865102717899 0.113544050020853 0.174983981853015 0.228215083249601 0.321273254900831
5.25 70.4 0.0767391923723787 0.151226931866538 0.232416664835796 0.303239808724651 0.425071181754889
5.5 70.2 0.0955549166837431 0.191023686656309 0.292820489732417 0.382017964084095 0.534079482398086
5.75 70.1 0.120432862414635 0.244037903296338 0.372605862006533 0.485918863080059 0.678766327796387
6 70.1 0.152815588014285 0.313783821136199 0.477571946072466 0.622548677168025 0.869997831732029
6.25 70 0.194330154413667 0.404281805031128 0.613728244371024 0.799966974042205 1.11982760830322
6.5 70 0.246331254890033 0.519182510750216 0.786778274092643 1.02569722669942 1.44025091756488
6.75 70 0.310133107512093 0.662074409368455 1.00219035459114 1.30620616784637 1.84427082183314
7 70 0.387885300507813 0.837819234046885 1.26779242349222 1.65249063885169 2.35111389284853
7.25 70 0.477309515380855 1.04788186910884 1.58632483858355 2.07796013666577 2.98509822827127
7.5 70 0.559714980861798 1.28945 1.95426 2.59102692966603 3.73991
7.75 70 0.668612730063134 1.55906 2.36692 3.19249237213345 4.61479
3 100.4 0.00142855001288516 0.00204476339528234 0.00292039489617348 0.00411823439052885 0.005500065998964
3.25 100.4 0.00220201163300159 0.00346370175093866 0.00466044520179498 0.00704140812528009 0.00943097220693218
3.5 100.4 0.00326468511445201 0.00572409355965211 0.00815981313989275 0.0118125029049226 0.0159291925060532
3.75 100.4 0.00475646589562168 0.00924424161401604 0.0125067006873315 0.0190658205519764 0.0270490218015501
4 100.4 0.00686220821534939 0.0137512683078652 0.0196465019540765 0.0298478749177178 0.0440791559833934
4.25 100.4 0.00985919004600438 0.0198174743404779 0.0309198100571423 0.0454289274030922 0.0688888811835248
4.5 100.4 0.0140954512686236 0.0293905634741979 0.0469847790121971 0.0675297543584634 0.104282464077471
4.75 100.4 0.0200351393029157 0.043038609335432 0.0696780863072299 0.0985097900362528 0.153966376305493
5 100.4 0.0278668166217941 0.061160336713838 0.0998121435972238 0.139572154694326 0.21982143683798
5.25 100.3 0.0361784563846924 0.0801702253738911 0.131696311539078 0.184025537633174 0.291368228262875
5.5 100.2 0.0450653775417683 0.100695121709753 0.165971800251986 0.232232407130049 0.369117261491533
5.75 100.1 0.0574204259758575 0.130034844155682 0.213960504431161 0.299221431497611 0.47569527280414
6 100 0.0740918038998916 0.170048662273038 0.279244666581977 0.390535475793553 0.621857994633479
6.25 100 0.0958150957299078 0.222954431931298 0.365332019391045 0.511220394675177 0.806153416078329
6.5 100 0.123618691261983 0.291800195969486 0.477447305743808 0.668233088370207 1.0543035171264
6.75 100 0.158636602503685 0.380046560403072 0.621310982406793 0.869517476092155 1.37303515739783
7 100 0.202189380091927 0.498571678627702 0.803654910264656 1.12413074215013 1.77712845811492
7.25 100 0.255069714710863 0.630145894257052 1.02925020696427 1.43863399351498 2.27736898636552
7.5 100 0.31774 0.786788207245295 1.30153 1.8172 2.83993654077566
7.75 100 0.389682684277123 0.968636799988108 1.626 2.26697 3.55371268010547
3 130.3 0.00086915596064216 0.00126908117170424 0.00181028108725251 0.00254647005914982 0.00347439934094455
3.25 130.3 0.0013329053143363 0.00213335521797375 0.00292179586409508 0.00433550083851579 0.00593545771979735
3.5 130.3 0.00200034416464172 0.00344172023192234 0.00498882521093055 0.00719529609989409 0.00991867249261873
3.75 130.3 0.00290507769873827 0.00552823576241478 0.00780819189502732 0.0116280937852685 0.0160723474979162
4 130.3 0.00417765324337482 0.00837952113724415 0.012117928832011 0.018108548467627 0.0256869085550034
4.25 130.3 0.00597237288318287 0.0119898211089401 0.0186367934890682 0.0274824858686333 0.0400482098099864
4.5 130.3 0.00848292192010124 0.0176329481445354 0.0281713607842 0.0404864083769856 0.0602163653033346
4.75 130.3 0.0119584762857207 0.0255525238649644 0.0413560123147606 0.0585370267769104 0.0881546589716156
5 130.3 0.0164884040625344 0.0352987072904145 0.0587089991138074 0.0821913262852058 0.124733086006588
5.25 130.2 0.0212502842419573 0.045931836539739 0.0773441984746865 0.107534268597181 0.164017060025694
5.5 130.1 0.0264929933188166 0.0577446916352729 0.0981948292050751 0.135766285351741 0.207841567867678
5.75 130.1 0.03414660599169 0.0754691652435327 0.128669294344552 0.176893062830923 0.271709160135038
6 130 0.0447487058432523 0.10027383627087 0.17142396642553 0.234442768072757 0.361210860086842
6.25 130 0.058787332657363 0.133601416888186 0.229008043015229 0.311681342895772 0.481827446705199
6.5 130 0.0771081744481725 0.177821573647898 0.304580262939807 0.414113638872105 0.642534493485804
6.75 130 0.100651851363364 0.235628329596599 0.402879630839607 0.547996369298081 0.853664317278216
7 130 0.130348350028035 0.309810507243231 0.529002187200419 0.719846543026075 1.12612996010277
7.25 130 0.166843356789385 0.402570730003554 0.686744772842437 0.934798393768143 1.46881790601849
7.5 130 0.209800848705827 0.516939887675626 0.879474 1.19765 1.88301526007477
7.75 130 0.263292 0.648945878562723 1.11308 1.51976 2.39436737145226
3 200.2 0.000277393719745838 0.000446263618623408 0.00063995546634371 0.000899189448327218 0.00142206797886709
3.25 200.2 0.000463110615140603 0.00072536306859397 0.00107232482880506 0.00151948818723361 0.00239901181586481
3.5 200.2 0.000684459821516941 0.00116202987704339 0.00177343376801773 0.00250914565111226 0.00394897757034913
3.75 200.2 0.00101424983449662 0.00185985283180708 0.00285348856361359 0.00401777102411297 0.00634711293298033
4 200.2 0.00144654588243396 0.00288677299057865 0.00442159408865048 0.00620371213882247 0.00982173376120182
4.25 200.2 0.0020414801752094 0.00408030727003637 0.00659625476360844 0.00926127054673199 0.0149920386467711
4.5 200.2 0.00285094160731717 0.0057078458041231 0.00961529505677954 0.0134207422705631 0.0222144085275053
4.75 200.2 0.00394148457768161 0.00792720328506004 0.0137070672881418 0.0190178513527356 0.0319242463436186
5 200.2 0.00532015850032817 0.0109354315793776 0.0189293667213461 0.0261084169874157 0.0442123810216726
5.25 200.1 0.00673733006939439 0.014103058280762 0.0244179020085398 0.0335109000071142 0.0570458428655914
5.5 200.1 0.00841664322732819 0.0179062816003175 0.0309700565532606 0.0423212042916093 0.0722940882331718
5.75 200 0.0110259955925089 0.0238162148920029 0.0408586928774737 0.0559653987183175 0.0958661430519479
6 200 0.0148534202582274 0.0325559434626664 0.0554260401250888 0.0761037385277266 0.130701664680932
6.25 200 0.0202319974684451 0.0449483051695847 0.0763830871377582 0.10469630388433 0.180304815142488
6.5 200 0.027531826913849 0.0620076457506367 0.105506774570619 0.144024871272935 0.248833462225708
6.75 200 0.0370812184417599 0.0846952504149606 0.144497056001433 0.196305039334399 0.340444601972526
7 200 0.0494250732457827 0.11453637087059 0.196123890759576 0.265081631036504 0.461778128489661
7.25 200 0.0649098840516404 0.152114405643986 0.262624445354465 0.353038686448482 0.61814912116596
7.5 200 0.0840135 0.198557284876366 0.345667 0.46368 0.816535534005842
7.75 200 0.105636017507224 0.254177185776471 0.447962053326014 0.601975 1.06299717796435
3 300.1 6.4249471289805e-05 0.000106979406945099 0.000163503459480612 0.000246422709682415 0.000451161295748969
3.25 300.1 0.000105008837411182 0.000179780962082091 0.000251360477382615 0.000430702870130864 0.000756205242537023
3.5 300.1 0.000164251450362646 0.000281796026776335 0.000432098394091586 0.000691136118127398 0.00123340439284234
3.75 300.1 0.000241591669737017 0.000446213875640044 0.000657048213086849 0.000996511747735146 0.00194266121220776
4 300.1 0.000355408077189879 0.00068587831132381 0.000990008795025766 0.00151723155000583 0.00293543878827499
4.25 300.1 0.000494806852111739 0.000981307608847404 0.00148827461770996 0.00227696727967721 0.00423899456942467
4.5 300.1 0.000671736767760594 0.00134940083146702 0.00214306805427751 0.00330030834788996 0.00590747146200304
4.75 300.1 0.000902373930358355 0.00181286751129669 0.00298860056890955 0.00460331466559463 0.00802548485506902
5 300.1 0.00118105560802601 0.0023720813112637 0.00401346874944757 0.00605741141146223 0.0105424955729079
5.25 300.1 0.00146605878322265 0.00294430772705175 0.0050770709164912 0.0075278480841662 0.0130859960815193
5.5 300.1 0.00184210390555148 0.00369851081609756 0.00647252897684767 0.00945513530672524 0.016418347389628
5.75 300 0.00247215473082057 0.00496516071302018 0.00875675242485707 0.0126849913222045 0.0220005329572736
6 300 0.00345679717317578 0.00703926917492683 0.0121468864680441 0.0177489691088002 0.0308346346295095
6.25 300 0.00488862930431427 0.0101138207543106 0.0171833218523505 0.0251350523655445 0.0439989492242811
6.5 300 0.00690449890107046 0.0144928325548327 0.0244107253639571 0.0356164980493622 0.0627836435263384
6.75 300 0.00972365537693396 0.0207043827575751 0.034908419704019 0.0506653214087036 0.0894681010760121
7 300 0.0134947983371829 0.029229794585678 0.0494047719168065 0.0719194140419193 0.125859438934147
7.25 300 0.0182594077003937 0.0399452708654661 0.0678030106326446 0.0995384055614345 0.172947813008776
7.5 300 0.0239949071527435 0.0538455357563473 0.0917236 0.135083 0.233963
7.75 300 0.0316318036015901 0.0720829466582315 0.122978 0.181384 0.31158291119287
3 500.1 7.33739471610089e-06 1.48556095620675e-05 2.48503260971326e-05 4.35231944647e-05 0.00010482107408873
3.25 500.1 1.74423083841091e-05 3.47928590119662e-05 5.20149998442901e-05 0.000100576761391645 0.000242461993836202
3.5 500.1 3.58911378376331e-05 7.31680424894834e-05 0.000110197157444649 0.000195848919472714 0.000497577603551022
3.75 500.1 6.44190564788706e-05 0.000133169197043701 0.000206249 0.000380139595692496 0.000908135674050659
4 500.1 0.000112615452108601 0.000228974434475832 0.000334978261842567 0.000662283224557555 0.00150793458915145
4.25 500.1 0.000188620606134499 0.000378871863094123 0.000538255303791434 0.00105296441007295 0.00235657058018617
4.5 500.1 0.000291233650282157 0.000605837997628601 0.000868306380120831 0.00161575514676349 0.00353933118940839
4.75 500.1 0.000455016540247369 0.000910181739164172 0.00135340925292428 0.00243515382852926 0.00518924919372884
5 500.1 0.000689713813922249 0.00137999975453061 0.00207404321317588 0.00367439273989122 0.00762220143700611
5.25 500.1 0.00108260280259074 0.00216499049526239 0.00332742690563626 0.00576276146178662 0.0116039370243853
5.5 500 0.00165022898167664 0.00330011763212474 0.00515205 0.00873303548548528 0.0172112745892045
5.75 500 0.00231713315283371 0.00468088351718507 0.00741006161918703 0.0120078439613017 0.0236107716066478
6 500 0.0030704394322 0.00630294871983102 0.0100064482843535 0.0157720745905335 0.0307709567801969
6.25 500 0.00395621653863157 0.0083022786991387 0.0131537395183278 0.0201916679219305 0.039106127468565
6.5 500 0.00501973948869888 0.0109517272344289 0.0169897977183724 0.0262387401736944 0.049148567008414
6.75 500 0.00628182872364632 0.0138927458030011 0.0218778773112681 0.0337263328338984 0.0610490786110107
7 500 0.00784241412346481 0.0172581439235687 0.0280258829967281 0.0435277475540358 0.0760369180072352
7.25 500 0.00986532311867613 0.0218516523397154 0.0360619580697936 0.0552636051558309 0.0957260770487172
7.5 500 0.0123975 0.027238658354002 0.0462839 0.0689919733284926 0.120727
7.75 500 0.0154221 0.0340296070031351 0.0588693 0.0868819387571874 0.151091
3 700.1 9.22711776078224e-07 2.13345841018826e-06 4.09375303638759e-06 7.08894604530803e-06 2.55459461107635e-05
3.25 700.1 2.24501660379647e-06 5.08030683993234e-06 8.87978476435381e-06 1.66815969178979e-05 5.93853307072135e-05
3.5 700.1 4.89778072585472e-06 1.06501203514586e-05 1.75667000000001e-05 3.51145564189952e-05 0.000122714769211023
3.75 700.1 9.98538255515676e-06 2.01736608872269e-05 3.32691000000002e-05 6.61449666257489e-05 0.000226100077045279
4 700.1 1.92730900529021e-05 3.85497048553915e-05 5.89365000000002e-05 0.000117424588527065 0.000380265462296267
4.25 700.1 3.58489147535761e-05 7.16812734117018e-05 0.000102496079102311 0.000203579686324843 0.000604300959261868
4.5 700.1 6.52255220218809e-05 0.000127474906149282 0.000173242693558406 0.000343315438044543 0.000926827637318827
4.75 700.1 0.000115444397389888 0.000214364769955804 0.000288342276874581 0.000525868424593613 0.00139319427839279
5 700.1 0.000188009661243664 0.000358882468815696 0.000482808 0.000850987858844276 0.00210429072033408
5.25 700 0.000313699863479488 0.00062571331304863 0.000830173880938592 0.00143787025568851 0.00329932414116624
5.5 700 0.000504455688533673 0.00100872318313614 0.00139458363793927 0.00231056636459289 0.00504069214243031
5.75 700 0.000741493059602654 0.00148288482238368 0.00212335593241797 0.00346502323173653 0.00711522457227931
6 700 0.00102160245342288 0.00204358098237011 0.00306254723446843 0.00478849482154216 0.00950452095141287
6.25 700 0.00136118081574889 0.0028583155483453 0.0042796185883668 0.00636079217703314 0.012372132663111
6.5 700 0.0017778024869617 0.00375684474942094 0.00585697973683608 0.00851040232156418 0.0158868644505641
6.75 700 0.00228217310258093 0.00470827144467433 0.00782668440367977 0.0113533384171726 0.0201490551239553
7 700 0.0029149441377681 0.00609898149979035 0.0103098108572999 0.0145999415778442 0.0255306457884254
7.25 700 0.00374491124453876 0.00792559960637974 0.013575905863662 0.0188525786148491 0.0326534682238596
7.5 700 0.0048011 0.0104443108721101 0.0177801026932441 0.0241332 0.041795
7.75 700 0.00608819 0.013548967660974 0.0235421195145407 0.0309613 0.0530821
3 999.9 7.54617090531706e-08 1.97556182456425e-07 3.4265743240916e-07 5.93446139903075e-07 3.63926386950595e-06
3.25 999.9 1.96331599411119e-07 4.61954811850789e-07 8.38504902443467e-07 1.45218354212713e-06 8.55062005387827e-06
3.5 999.9 4.81747193418477e-07 1.10947177087177e-06 1.87571695511094e-06 3.24856937323652e-06 1.7958115500311e-05
3.75 999.9 1.11169121808447e-06 2.35157280014944e-06 3.87825328218607e-06 6.71651988346498e-06 3.38968386876162e-05
4 999.9 2.44527355693175e-06 4.89116271000322e-06 7.66002e-06 1.32642419207986e-05 5.90194850224333e-05
4.25 999.9 5.20867989384287e-06 1.04157342360132e-05 1.50132737184951e-05 2.60658785831052e-05 9.82885010302217e-05
4.5 999.9 1.07557499236288e-05 2.1502044282073e-05 2.7698116657616e-05 4.85274621354646e-05 0.000159853241911992
4.75 999.9 2.1520715992867e-05 4.0350890609645e-05 5.03503229589129e-05 9.03173904226567e-05 0.000257049839672426
5 999.9 4.22882939244696e-05 7.47767643058137e-05 9.2399339159663e-05 0.000171949040279101 0.000417012941844261
5.25 999.9 7.8885598811628e-05 0.000140985314113661 0.000174450502211765 0.000327685194029503 0.0007017823323638
5.5 999.9 0.000135328747378477 0.000253120533342236 0.000319327465767595 0.000541772736836363 0.00114590055381967
5.75 999.9 0.000210373497080095 0.000407449652465205 0.000535760440561478 0.000859189933987442 0.00171799830999598
6 999.9 0.000304323707048612 0.000606408561619937 0.000836539547465423 0.00127339573026814 0.00242039513396921
6.25 999.9 0.000423047122704854 0.00084609904826298 0.00124467333297627 0.00178710894232384 0.00330039093427523
6.5 999.9 0.000573641833090402 0.00114728904815154 0.00179140499996511 0.00250247931563871 0.00441105009137485
6.75 999.9 0.000761344748057251 0.00152270997722788 0.00247012103993337 0.00341650451563904 0.00579153775663327
7 999.9 0.00100220124433845 0.00201784905871911 0.00338690198375166 0.00461022703510821 0.00756321513728558
7.25 999.9 0.00132366374818098 0.0027380205896098 0.00468145143758594 0.00622483728002078 0.00993388822378372
7.5 999.9 0.00174116 0.00372175244729331 0.00635517 0.00835411 0.0130246
7.75 999.9 0.00226273 0.0049946258308545 0.00829243790495015 0.0110618 0.0169086
