Var1 Var2 Var3 Var4 Var5 Var6 Var7
3 9.3 0.000618806 0.000691581 0.000967857 0.00108208905965486 0.00122864
3.25 9.3 0.00127099243684584 0.00141256 0.00195995083664323 0.00217178 0.00244115
3.5 9.3 0.00257314 0.00289705 0.00401157 0.00441242 0.00487276
3.75 9.3 0.00514153 0.00591476 0.00820162 0.00890905 0.00968458999999999
4 9.3 0.0101813 0.0121261 0.0159395 0.0180285 0.0193325
4.25 9.3 0.0196005 0.0247015 0.0300804 0.0363656 0.0387313
4.5 9.3 0.0362442 0.0496869 0.0569615311960975 0.0718751 0.0780629
4.75 9.3 0.0636815 0.0933388 0.114702310452782 0.137577 0.154332
5 9.1 0.104863 0.172935 0.22216766151844 0.254535 0.298232
5.25 7.2 0.162599 0.301913 0.406356805321596 0.521878 0.643094
5.5 5.6 0.231124 0.474241 0.669206157733718 0.915854 1.18536
5.75 4.2 0.324757 0.719611 1.05768776086575 1.30818847630081 1.76828
6 2.9 0.422899 0.991718 1.48333160013963 1.56878 2.18552
6.25 1.9 0.520965063258374 1.27478 1.64733 1.78322 2.454
6.5 1.1 0.628078 1.58463 1.81335 1.96029 2.74443
6.75 0.6 0.751446391729131 1.94487 2.11885437955133 2.23436 3.16802
7 0.2 0.87707468518971 2.34795 2.47822 2.60051 3.76092
7.25 0 0.988385661350549 2.70556448987602 2.83790342213497 2.95902 4.32121
7.5 0 1.0546929481762 2.92533323255631 3.07404 3.20166 4.71608
7.75 0 1.08849995343524 3.04931279358195 3.20699 3.33994 4.9585
3 9.5 0.000616264 0.000688648 0.000951548 0.00106394265936141 0.00120745
3.25 9.5 0.0012663783595085 0.00140733 0.00192853531692482 0.00213655 0.00240103
3.5 9.5 0.00256509 0.0028876 0.00394908 0.00434371 0.00479591
3.75 9.5 0.00512108 0.00589056 0.00806918 0.00876542 0.00952694
4 9.5 0.0101317 0.012066 0.0156754 0.0177284 0.0190086
4.25 9.5 0.0194817 0.0245508 0.029558 0.035733 0.0380557
4.5 9.5 0.0359848 0.0493317 0.0565471679336417 0.0705961 0.0766617
4.75 9.5 0.063222 0.0920922 0.113868816268547 0.135215 0.151663
5 9.3 0.104138 0.171744 0.220626166584072 0.250225 0.293152
5.25 7.5 0.162675210253951 0.302347 0.407017318587269 0.51305 0.632152
5.5 5.9 0.234127058075443 0.480852 0.678499585559082 0.904671 1.17075
5.75 4.6 0.334981 0.742258 1.09091884717864 1.31782 1.778
6 3.6 0.444774 1.04298 1.53728 1.62151 2.25863
6.25 2.8 0.559848 1.36872 1.75349 1.89789 2.6118
6.5 2.3 0.679339 1.71383 1.95476 2.11292 2.95805
6.75 2.1 0.801759 2.07284 2.25788363256151 2.37886 3.37282
7 2 0.91039309966333 2.43428 2.56953 2.69544 3.89841
7.25 2 0.999649595460704 2.73613711836721 2.87000345844953 2.99241 4.37019
7.5 2 1.05255439595065 2.91909097099399 3.06761 3.19488 4.70628
7.75 2 1.08230514039589 3.02261975713833 3.18854 3.32073 4.93014
3 10.5 0.000599949 0.000670031 0.000875854 0.000980628 0.00110944
3.25 10.5 0.001230173378912 0.0013666 0.00177359897911091 0.00196351 0.00220396
3.5 10.5 0.00248614 0.00279686 0.00362364 0.00398567 0.00439643
3.75 10.5 0.00494957 0.00569009 0.00739196 0.0080309 0.00872223
4 10.5 0.00976491 0.0116248 0.0143507 0.0162235 0.0173865
4.25 10.5 0.018767 0.0236462 0.0270923 0.0327476 0.0348674
4.5 10.5 0.0346982 0.0471952 0.0544921135941804 0.0647691201375702 0.0704863
4.75 10.5 0.0607561 0.0885081 0.109390604517847 0.124379 0.139422
5 10.3 0.0999007 0.164776 0.211613035725669 0.229749 0.269019
5.25 8.8 0.158927 0.295136 0.397207554098405 0.463885 0.571276
5.5 7.5 0.236109 0.484503 0.683293269916156 0.819514922746798 1.06229
5.75 6.5 0.345995 0.766658 1.12643968292946 1.23181 1.66096
6 5.8 0.467398 1.09589 1.51892767184547 1.60402 2.2111
6.25 5.4 0.587666 1.43629 1.77393 1.91882 2.64043
6.5 5.1 0.702694 1.77204 1.99178 2.15178 3.0121
6.75 5 0.810401 2.09427 2.2794000042366 2.39178 3.39698
7 5 0.896711869118423 2.39828 2.53247 2.65243 3.83713
7.25 5 0.968384856880311 2.64926193924845 2.77890051689858 2.89727 4.23207
7.5 5 1.01691914969198 2.81865134496974 2.96233 3.08529 4.54564
7.75 5 1.04914264579237 2.94643328639767 3.08971 3.21779 4.77804
3 13.6 0.000528095 0.000588743 0.000690718114825146 0.000768615 0.000866079
3.25 13.6 0.00107078440344803 0.00118827 0.00138219 0.00152507 0.00170666
3.5 13.6 0.0021422 0.00240511 0.00278909 0.00306833 0.00337613
3.75 13.6 0.00424776 0.00487507 0.0056813 0.00617587 0.00669474
4 13.6 0.00834392 0.00992154 0.0111630400115491 0.0124669 0.0133433
4.25 13.6 0.0160507 0.0200149 0.0227900291102348 0.0252961 0.026944
4.5 13.6 0.029719 0.0386729 0.0465768405227917 0.0506166 0.05479
4.75 13.6 0.0516229 0.0752145 0.0903607014564304 0.0967399 0.108224
5 13.5 0.0845185 0.139435 0.168374 0.178036 0.208101
5.25 12.3 0.135726 0.252091 0.326382 0.344459 0.423472
5.5 11.4 0.203655 0.41801 0.562744 0.593268 0.765988
5.75 10.8 0.296911 0.657777 0.857432 0.926763039934239 1.20667
6 10.4 0.398768 0.934471 1.14823 1.24077 1.66747
6.25 10.2 0.504417 1.23166 1.419 1.53206 2.10774
6.5 10.1 0.606084 1.5265 1.67505829093393 1.79391 2.51014
6.75 10 0.694585 1.80643 1.94103 2.03887 2.90761127070385
7 10 0.777566680282202 2.08024 2.19938 2.29346 3.32047
7.25 10 0.853306089082984 2.3304766234811 2.44474821225373 2.5485 3.72505
7.5 10 0.912574044466429 2.52457770175085 2.65435 2.76449 4.07537
7.75 10 0.958258631241335 2.66658443030739 2.8148 2.93149 4.35519
3 22.1 0.000344926 0.000382794 0.000404456 0.000439637354561466 0.000487652
3.25 22.1 0.000691253991135538 0.000765275 0.000802678 0.000872252000000001 0.000955506
3.5 22.1 0.00137317 0.00152526321029299 0.00162504812271905 0.00173316820138514 0.00187949
3.75 22.1 0.00271076 0.00302927421618859 0.00326571971123433 0.00351978 0.00373076
4 22.1 0.00529628 0.00608298131019173 0.0066116 0.00702416108993942 0.0074854
4.25 22.1 0.0100349 0.0119211 0.0133383 0.0141510889619681 0.0150073
4.5 22.1 0.0183471 0.0238596 0.0264780580662427 0.0280572 0.0301677
4.75 22.1 0.0320854 0.0467453 0.0519906 0.0553891 0.0605152
5 22 0.053019 0.0874512 0.0971332452614896 0.104305 0.117724
5.25 21.3 0.0858139 0.159305 0.180609 0.194639 0.231224
5.5 20.8 0.129887 0.266366 0.305772 0.32915 0.410877
5.75 20.4 0.183737 0.406551 0.457589 0.492214 0.640408
6 20.2 0.242071 0.566107 0.623659562130338 0.669041 0.898662
6.25 20.1 0.306896 0.747165 0.814269799942289 0.86163 1.18435
6.5 20 0.373407 0.944993 1.01177 1.06609 1.50228739594159
6.75 20 0.447798 1.16511 1.23593 1.292 1.85559
7 20 0.526288767459072 1.40296726267277 1.47538420573168 1.54055 2.23627
7.25 20 0.606443790907153 1.64673574103821 1.72836616247679 1.8011 2.63863
7.5 20 0.680110310174098 1.8690614279213 1.9679 2.04952 3.02757
7.75 20 0.74550663017511 2.07994277649694 2.18304 2.27344 3.38406
3 31.4 0.000226614 0.000241899 0.000259497 0.000274497 0.000302473
3.25 31.4 0.000448946963356657 0.000488463 0.000518248 0.00055135 0.000598807
3.5 31.4 0.000902787000000001 0.000969328 0.00104077352459343 0.00109768632223097 0.00118758
3.75 31.4 0.00177579 0.00193455 0.00207783672777781 0.00219081274086866 0.0023567
4 31.4 0.0034432 0.00383769 0.00422548 0.00441396 0.00466859969759759
4.25 31.4 0.00650924 0.00772008 0.0084662 0.00881999 0.00935828046538324
4.5 31.4 0.0118916 0.0154455 0.016829 0.0176946 0.0188289781107754
4.75 31.4 0.0207623 0.0302121 0.0327256 0.0348464 0.0378111102496796
5 31.3 0.0342762 0.0564819 0.0609896 0.0647826 0.074604
5.25 30.9 0.0555836 0.10309 0.112660612261915 0.119555 0.142663
5.5 30.5 0.0844683 0.172969 0.188969711181875 0.201596 0.251457
5.75 30.3 0.118983 0.262751 0.2858 0.30259 0.395911845339113
6 30.1 0.156757 0.366265 0.393401 0.416385 0.569402
6.25 30.1 0.198218 0.487615 0.519882 0.547369 0.761928051108622
6.5 30 0.246243 0.625448 0.662857652977046 0.694203 0.988262
6.75 30 0.302404 0.785311155973486 0.827729332046564 0.865242 1.24742
7 30 0.365900037553137 0.96890196462686 1.01899441695342 1.06289 1.54819
7.25 30 0.435080266284561 1.17262023212559 1.23184985676818 1.28339 1.88606
7.5 30 0.506058212732921 1.37867075319032 1.45431 1.51457 2.24381
7.75 30 0.576211 1.58953879293491 1.67759 1.74699 2.60761
3 41.1 0.000160071 0.000172358 0.000183352714392845 0.000191919 0.000210245
3.25 41.1 0.000318284 0.000340852 0.000362884540881461 0.00038235 0.000411086
3.5 41.1 0.000628997 0.000686079136216987 0.000720781 0.000766948 0.000812982
3.75 41.1 0.00123509 0.0013504 0.00144317 0.00153299658980602 0.00161825
4 41.1 0.00239359 0.00269761 0.00292245 0.00306514259895793 0.003245
4.25 41.1 0.00452056 0.0054345 0.00591052797883836 0.00611984 0.00649462627399693
4.5 41.1 0.0082476 0.0108616 0.0117621024657506 0.0121946 0.0132315
4.75 41.1 0.0143521 0.0212019 0.0228835 0.0240086 0.0265047
5 41 0.0236583 0.0395932 0.0426372 0.0446247 0.051497
5.25 40.6 0.0387312 0.0723196 0.0777663 0.0819955 0.0994942
5.5 40.4 0.0592465 0.121602 0.130632 0.138203 0.176053
5.75 40.2 0.0835351 0.186054 0.199706 0.209788 0.27843
6 40.1 0.110576 0.261894 0.280947 0.292881 0.401011
6.25 40 0.14149 0.349140029109744 0.367362243737842 0.387575 0.543578
6.5 40 0.177274 0.44946110821493 0.472746255597722 0.496472 0.709992
6.75 40 0.219419 0.568494478748437 0.599147985145067 0.625477 0.905094166272589
7 40 0.268493 0.708780251328466 0.745955972559894 0.777668 1.13711
7.25 40 0.324497 0.86483632823039 0.916377952325739 0.954562 1.40791
7.5 40 0.385664 1.04700415731505 1.10682 1.15262 1.71381
7.75 40 0.450299 1.24114927173915 1.31257 1.36681 2.04787
3 50.9 0.000121952948407838 0.000129804354828853 0.000138823202336729 0.00014623 0.000160028
3.25 50.9 0.000241411226856408 0.000258491888512331 0.000276389 0.000290038 0.000314388
3.5 50.9 0.000481493188926205 0.000517193727231267 0.000551193 0.000577431431389734 0.000621563
3.75 50.9 0.000940486233952018 0.00102971026217097 0.00110048 0.00115440279869154 0.00123284
4 50.9 0.00181706926089695 0.00204541132431463 0.0022039 0.00231083 0.00244726922718654
4.25 50.9 0.00342767208844281 0.0040970608282834 0.00440975 0.00464772060824684 0.00491280383790818
4.5 50.9 0.00625456177587191 0.00819011962947708 0.0087746830861631 0.00924092403526702 0.00992627859207077
4.75 50.9 0.0108797744245695 0.0159710535718561 0.0170613866437897 0.0181328532668835 0.019911149628573
5 50.8 0.0179308563580339 0.0298143928988028 0.0318037107063265 0.0337338337167469 0.0387131991485334
5.25 50.5 0.0292203867450917 0.0545246538253693 0.0582956 0.061556552074057 0.0745623
5.5 50.3 0.0446464996218855 0.0918273524651565 0.0983518 0.103507521469613 0.131975
5.75 50.2 0.0634235246289766 0.140912684033559 0.150364 0.158157591232421 0.210126
6 50.1 0.0847720009870917 0.199102 0.211483 0.222895416752552 0.304827
6.25 50 0.108451980124034 0.265623882914676 0.28184566590347 0.2973065930422 0.414060472511761
6.5 50 0.136463178023864 0.34376945096061 0.365509622780715 0.385730530988492 0.545482716693946
6.75 50 0.171099876392389 0.437461420377647 0.465671 0.494902620517038 0.701073253638135
7 50 0.211411332081011 0.551124803426412 0.591028 0.631616776795354 0.899053694868654
7.25 50 0.260031416010102 0.687081000959854 0.741871 0.801640187825818 1.15018433561564
7.5 50 0.313003386730519 0.843175 0.917016 1.00607632582588 1.45455
7.75 50 0.37250990604504 1.01813 1.11683 1.24815746885554 1.81641
3 70.6 7.84657179965908e-05 8.66584216834867e-05 0.000105063000000002 0.000124052118907161 0.000136846773658215
3.25 70.6 0.000155241 0.000172391638957028 0.000205507000000004 0.000247326895645432 0.000270091735545554
3.5 70.6 0.00031182 0.000345138898271178 0.000407265000000006 0.000493490079933436 0.000534505606222979
3.75 70.6 0.000611967 0.000685417310559352 0.000796351000000017 0.000982532349456902 0.00105559740521317
4 70.6 0.00117503 0.00137326905973855 0.0015594 0.00196516399938198 0.0021047628749842
4.25 70.6 0.00221301 0.00275554 0.00308949410325367 0.0039340487395846 0.00425565615017317
4.5 70.6 0.00404045 0.00549622403291496 0.00597712 0.00784387703143572 0.00862714793520021
4.75 70.6 0.00704273 0.0103216078004972 0.0116001 0.0152888886109477 0.0172049067762997
5 70.6 0.0116402 0.0191440919588276 0.0221256 0.0285703130918049 0.0336210269297978
5.25 70.4 0.0190084 0.0351980092117549 0.0406555000000009 0.0524665402844069 0.0649229549860614
5.5 70.2 0.0291719 0.0596125955377806 0.0688172000000039 0.0888061188093075 0.115352491106172
5.75 70.1 0.0415621 0.0915231830137826 0.105272000000009 0.135968426580508 0.183961461090298
6 70.1 0.0557213 0.129478505234605 0.148427000000017 0.192127239786134 0.268020292878865
6.25 70 0.0720954 0.173970642442408 0.198976000000004 0.260973 0.368453343278615
6.5 70 0.0914032 0.226935956207392 0.258955000000006 0.345129 0.489274966508392
6.75 70 0.11461 0.291110676119557 0.331598000000007 0.447165 0.637724504607645
7 70 0.142904 0.370159739563544 0.421158000000009 0.573179 0.82395258422598
7.25 70 0.177371 0.467611687446282 0.531773000000013 0.729296 1.05930955717028
7.5 70 0.217363855134593 0.584044 0.664278000000011 0.917203 1.34945
7.75 70 0.264307363808359 0.72092 0.820979000000015 1.13954 1.70239
3 100.4 4.93612703539759e-05 5.52569650961653e-05 7.77147000000058e-05 0.000107172460684523 0.000119578264717755
3.25 100.4 9.89806486336487e-05 0.000109712238029232 0.000152390000000013 0.000213320354744801 0.000233968580444893
3.5 100.4 0.000195316642319251 0.000220243583831648 0.000299981000000021 0.00042541109273283 0.000464239787293386
3.75 100.4 0.000378820849803603 0.000436828104358101 0.000590791000000046 0.000847037416959826 0.000919358673202699
4 100.4 0.000752334024996169 0.000870766852561316 0.00117319000000007 0.00168717023028725 0.00182806799729056
4.25 100.4 0.00142107712217794 0.00169941358855098 0.00235954000000005 0.00338976793055125 0.00366951906523694
4.5 100.4 0.00256769459698642 0.00346702578239587 0.00454277988832188 0.00676429861312531 0.00749460646139591
4.75 100.4 0.00449228548948592 0.00690635337553485 0.0085823077569339 0.0132537106701387 0.0149001063573799
5 100.4 0.00746421604109603 0.0128474436097262 0.015290171809246 0.0249244576725626 0.0293091187290943
5.25 100.3 0.0122329913023152 0.0229674868625085 0.0282302637732339 0.0459530001342862 0.0568265152228654
5.5 100.2 0.0188448028370929 0.0382057150078999 0.048172538648329 0.0780975789979387 0.101385909284825
5.75 100.1 0.0268841896757892 0.0572206800831296 0.076870283963908 0.120000734926614 0.162288633533429
6 100 0.0361405131420092 0.0810882483932059 0.108877110873342 0.170135269542556 0.237346338263298
6.25 100 0.0470914673088226 0.109775230987701 0.147448000000001 0.230260547010127 0.328441086138074
6.5 100 0.0602090309810431 0.144394073416005 0.193805000000004 0.302822902800891 0.438801305143039
6.75 100 0.076196813580941 0.186912023578664 0.250759000000008 0.391942032921115 0.574604020920014
7 100 0.0960995385633599 0.240342909431911 0.322378000000013 0.503962276553329 0.745693193912906
7.25 100 0.120828521731245 0.307478357554603 0.41246000000002 0.644753632030781 0.961602671714116
7.5 100 0.150447938541097 0.389919238993164 0.523726000000023 0.818509 1.22947
7.75 100 0.186589197688512 0.491015276147455 0.659402000000038 1.03018 1.55773
3 130.3 3.796929833042e-05 4.36176344537613e-05 6.09785000000041e-05 8.30185140368988e-05 9.33504364522108e-05
3.25 130.3 7.57568755911872e-05 8.58690147771185e-05 0.000119391000000009 0.000164931336846024 0.000184144622327591
3.5 130.3 0.000151106105183191 0.000170257640191347 0.000234655000000017 0.000327781951291534 0.000364320445484696
3.75 130.3 0.000294015823949895 0.000338359398915419 0.000462936000000029 0.000652712520473365 0.000721534914833817
4 130.3 0.00057357313041667 0.000675994111713633 0.000920685000000042 0.00130362634234838 0.00143584822641473
4.25 130.3 0.00109786730955151 0.00133113622362061 0.00185398000000002 0.00261937519053029 0.00288205609307763
4.5 130.3 0.00200735175546343 0.00268241996784236 0.00358261747646335 0.00523772752964042 0.00590840299531314
4.75 130.3 0.00352820945635624 0.00534245074442407 0.00667670674729474 0.0103201270761177 0.0117061364606701
5 130.3 0.00589534514806492 0.0101164650541498 0.0119475375703364 0.0195042091870255 0.0229146116331038
5.25 130.2 0.00969165175912496 0.0180199649655745 0.0222365050492796 0.0360519007350689 0.0445480128174415
5.5 130.1 0.0149894686172192 0.0300383344547277 0.0384597292455403 0.0614612479416448 0.0797278452394305
5.75 130.1 0.0215149534833197 0.0452737209090512 0.0600720639838143 0.0949844423348557 0.128354435841261
6 130 0.0291083521615202 0.0640155563752753 0.0882887757682623 0.135494188304848 0.188854705736729
6.25 130 0.03816263357742 0.0871830206731111 0.120179625620092 0.184470122243596 0.26286374331962
6.5 130 0.0490622915019941 0.115295143881907 0.158844327762421 0.243896353399837 0.353018214089131
6.75 130 0.062527095481632 0.150262977545965 0.207010000000001 0.317817230270785 0.465324246328078
7 130 0.0793723831433291 0.194422321230342 0.267756000000004 0.411179261454107 0.607510394143863
7.25 130 0.100310147035924 0.249983980203979 0.344244000000007 0.528676024924275 0.787195933839978
7.5 130 0.125957 0.318994548498037 0.439340000000009 0.674656 1.01158
7.75 130 0.15732 0.404283539550977 0.556990000000022 0.855126 1.29065
3 200.2 2.22152902898746e-05 2.55588165481346e-05 3.76655000000015e-05 4.99176412180922e-05 5.89270192873505e-05
3.25 200.2 4.42817639878264e-05 5.0675258654429e-05 7.37135000000033e-05 9.88715711800296e-05 0.000115968229211188
3.5 200.2 8.73711919432123e-05 0.000100791324846553 0.000144798000000006 0.000196220086884674 0.00022846599047247
3.75 200.2 0.000175854868631354 0.0002028661540563 0.00028829800000001 0.000393555644143732 0.000455312072948966
4 200.2 0.000344303990213638 0.000405544867997832 0.000577996000000007 0.00079075307007888 0.000909438253401497
4.25 200.2 0.000658418356009588 0.000793969038091897 0.0011110796922396 0.00158634318743943 0.00181679891620577
4.5 200.2 0.00120696977739777 0.00159244990156733 0.00213885000000002 0.00318224435077596 0.00363244554006628
4.75 200.2 0.00212939006347419 0.00316890440410764 0.00413100646275791 0.00628836222539948 0.00733036070797176
5 200.2 0.00357960259821184 0.00607199334236915 0.00744502203105543 0.0119682283319267 0.0141619383933749
5.25 200.1 0.00591898595960186 0.0111245913333113 0.0137189963669597 0.0222483907877886 0.0274218429974303
5.5 200.1 0.009226551811902 0.0188462508757305 0.0246893064792608 0.038200427133001 0.0494184970886982
5.75 200 0.0134884908081462 0.0287078185138698 0.0392048717181628 0.0600333791000882 0.0808730101163124
6 200 0.018592850953093 0.0412520437316935 0.0568760172062637 0.0870727533457358 0.120925590832165
6.25 200 0.0246052168567569 0.0565316541442767 0.0779287338271637 0.119384929085608 0.169391280098093
6.5 200 0.031931827474143 0.0749484896647069 0.10371367954602 0.158943422472354 0.228886325182141
6.75 200 0.0410502540276821 0.0983094550411323 0.137484058293758 0.208438787851521 0.303378724118464
7 200 0.052541016154666 0.12801318602819 0.180520337915593 0.27137979649036 0.398240026583585
7.25 200 0.0668621528052366 0.165515975715859 0.235244105766993 0.350869474614461 0.518487009155236
7.5 200 0.0841691089737895 0.212034805225426 0.304142 0.451037 0.670798
7.75 200 0.106310850777689 0.271893426282548 0.392464 0.578436 0.865648
3 300.1 1.12347353449388e-05 1.33478603283132e-05 2.08065978816204e-05 2.65186480026299e-05 3.32840333658199e-05
3.25 300.1 2.257194391922e-05 2.67559399191834e-05 4.1259043449164e-05 5.29954159459489e-05 6.61061754531433e-05
3.5 300.1 4.52365659469131e-05 5.37804076375825e-05 8.13648591290614e-05 0.000106082336146647 0.000131488991751708
3.75 300.1 9.17231838934189e-05 0.000108145702377512 0.000159285100685237 0.000212436472972529 0.000261724062278371
4 300.1 0.000181370711316868 0.000215763363844945 0.000316247545908628 0.000425538347790166 0.000521436820269275
4.25 300.1 0.000349144808538405 0.000425332875325099 0.000599235000000001 0.000850588273682161 0.00103762075089927
4.5 300.1 0.000640257100954759 0.000854985883551984 0.00119984110679117 0.00170969142224818 0.00207812965540675
4.75 300.1 0.00113939179697271 0.00170520654422764 0.00227860668424212 0.00341060102452447 0.00413342515088539
5 300.1 0.00194042293840026 0.00328678644236451 0.00414776000000002 0.00657435869783558 0.00800730542428671
5.25 300.1 0.00325466617087774 0.00619172890431882 0.00782649799677743 0.0123900991525414 0.0155372326672111
5.5 300.1 0.00514751661224948 0.0104778364679798 0.0139113384386942 0.0215756855310387 0.0278413820636489
5.75 300 0.00762292909908961 0.0164213817033039 0.0229787795793259 0.034324464378161 0.0461118227036424
6 300 0.0106363143022388 0.0240974348236238 0.0347541420075924 0.0503469252368025 0.0696983670156775
6.25 300 0.0142414339023123 0.0333812742340367 0.0483184708697343 0.0697449372792007 0.0985962641760346
6.5 300 0.0186711922914453 0.0447459448478254 0.0648251645140953 0.0936431543082576 0.134274381282394
6.75 300 0.0242893690562902 0.0585619553387919 0.0858112169392029 0.12402425383208 0.179599559819199
7 300 0.0314263253491173 0.0761527804007537 0.112635700454114 0.162884552444609 0.237614962374954
7.25 300 0.0403295427822039 0.0987357088499258 0.14649642512528 0.211935080677816 0.311057775655423
7.5 300 0.0514909 0.125226953245638 0.189568 0.27433 0.404878
7.75 300 0.06578965835421 0.161382712248535 0.245583 0.355452 0.527504
3 500.1 8.56319135787364e-07 1.11527926568113e-06 1.70691573011716e-06 2.22259258199881e-06 3.13102328048945e-06
3.25 500.1 2.36308224560469e-06 3.07505424235453e-06 4.69892833589266e-06 6.11273751678144e-06 8.57961603904025e-06
3.5 500.1 6.40958630833742e-06 8.3313848322612e-06 1.27550544552648e-05 1.65726874818936e-05 2.31677077193932e-05
3.75 500.1 1.71172541212016e-05 2.22242352400776e-05 3.37403030042555e-05 4.40538421458558e-05 6.13225924295007e-05
4 500.1 4.38494966043655e-05 5.67548462530764e-05 8.66256298013405e-05 0.000113486805408499 0.000157309077357538
4.25 500.1 0.000107973834498369 0.000139482771947567 0.000215655184064432 0.000278992813136199 0.000385189925395858
4.5 500.1 0.000238678976542574 0.000316532153821601 0.000469805854824722 0.000633111518016896 0.000870873171759872
4.75 500.1 0.000438337105531891 0.000651101415840205 0.000888367487997712 0.00130228798937778 0.00178556660804678
5 500.1 0.000719705470338684 0.00119956941971095 0.00162862 0.00241986209652204 0.00330797360149747
5.25 500.1 0.00104388910700626 0.00196778790545983 0.00268765000000001 0.00394249734584559 0.00537455950720091
5.5 500 0.00143770281938027 0.00287454393584953 0.00406057576577822 0.00597613749275283 0.00812487960074006
5.75 500 0.00195304948652765 0.00398832711220512 0.00590907193551141 0.00871506834693779 0.0121037230349159
6 500 0.0026665624084145 0.00565939116949151 0.00861758550353297 0.0124964814713724 0.0175527108150979
6.25 500 0.00365664241862347 0.00803589471632133 0.0124625125279564 0.0177087023858369 0.0249337979326935
6.5 500 0.00498981202051297 0.011234688257891 0.0176052338851169 0.0247114306816507 0.0352757933229453
6.75 500 0.00672730245245023 0.0154208647320309 0.0243225000800627 0.0338591808097656 0.0487861700301842
7 500 0.00896625163764493 0.0208530764916043 0.033032569038693 0.0457141059780976 0.066308610256183
7.25 500 0.0118574458272419 0.0279365705976195 0.0444100785109594 0.0611572680194328 0.0891765756129371
7.5 500 0.0155081 0.036771002223657 0.0583101186669088 0.0809065 0.118528
7.75 500 0.01993 0.0481723 0.0761937434301986 0.10523 0.154867
3 700.1 2.94835875739048e-07 4.22173061212763e-07 6.15365000000009e-07 8.41867931674199e-07 1.33125288254269e-06
3.25 700.1 8.14217472829093e-07 1.16541562160065e-06 1.69876331762184e-06 2.31872433867832e-06 3.6593636052364e-06
3.5 700.1 2.21290880183099e-06 3.16437304317631e-06 4.63485829155372e-06 6.29877458617471e-06 9.9165131449189e-06
3.75 700.1 5.91610790965563e-06 8.45938626002125e-06 1.22522276034716e-05 1.67819273030357e-05 2.63457847967342e-05
4 700.1 1.51970279514583e-05 2.16774210957605e-05 3.16806330681403e-05 4.33493482867712e-05 6.78352466290333e-05
4.25 700.1 3.75272446246672e-05 5.34444585546327e-05 7.82740361856035e-05 0.000106891070574384 0.000166696616564856
4.5 700.1 8.55961057693725e-05 0.000121671453774191 0.000176764016821387 0.000243358086715238 0.000378164081368722
4.75 700.1 0.000170039844315604 0.000251108782647434 0.000340218 0.000502339978302358 0.000777818751924147
5 700.1 0.000280392618761509 0.000466340742713627 0.000633921496797109 0.000936809747852932 0.00144532466492844
5.25 700 0.000408476112220293 0.000765541782955032 0.00108158358452948 0.00153215592363293 0.00235514297044254
5.5 700 0.000565272438599542 0.00112267042880094 0.00165636815344536 0.00233188736686123 0.00357084678263339
5.75 700 0.000771877063157197 0.00154391816297916 0.00243412376542136 0.00341611919705887 0.00521056594428279
6 700 0.00105977997888543 0.00211973315306267 0.00352004678191577 0.00492281729850503 0.00747851875005087
6.25 700 0.0014620153984059 0.00300156531284507 0.00497479663169482 0.00701395395903825 0.0106124551144797
6.5 700 0.00200791623470166 0.00412815344106115 0.00704735579647283 0.00984386209531254 0.0148369186761935
6.75 700 0.00272589957478103 0.0056786335365736 0.0097812007914382 0.013572976814883 0.0203800504563854
7 700 0.00366036163375985 0.00774835235828118 0.0133303167248891 0.0184481526666512 0.027649375540875
7.25 700 0.00488092458273212 0.0104791176494396 0.0180472500058654 0.0248594905334291 0.0373925072094783
7.5 700 0.00644166 0.0139374546480015 0.0241653966067936 0.033147 0.0497767528308165
7.75 700 0.00836049 0.0183398959669721 0.0318308131109549 0.0434858 0.0653800488385336
3 999.9 6.96111773811647e-08 1.14920206717689e-07 1.45063000000047e-07 2.29849350634977e-07 4.32023895309401e-07
3.25 999.9 1.92314763055113e-07 3.1742810577913e-07 4.00761000000125e-07 6.34876382324548e-07 1.18973008815437e-06
3.5 999.9 5.2352849284323e-07 8.63649490643949e-07 1.09419000000032e-06 1.72888757127444e-06 3.23131848119475e-06
3.75 999.9 1.40033427000571e-06 2.31033338842422e-06 2.93956000000062e-06 4.63519217857515e-06 8.60777390325678e-06
4 999.9 3.60555867195905e-06 5.93633140562674e-06 7.69394000000125e-06 1.19619572069193e-05 2.22305309066053e-05
4.25 999.9 8.92852234055035e-06 1.46772365364819e-05 1.93635000000018e-05 3.0241905744094e-05 5.48066772642447e-05
4.5 999.9 2.04408329967039e-05 3.35275712799358e-05 4.54307165400963e-05 6.88758328417484e-05 0.00012475996222598
4.75 999.9 4.24924660007741e-05 6.94979328959569e-05 9.09636000000005e-05 0.000144151917192639 0.000257526877846863
5 999.9 7.86440530734371e-05 0.000130252229548969 0.000159885206856633 0.000271138685635979 0.000480313933523244
5.25 999.9 0.000115593081496519 0.000213048550775527 0.000264253269569175 0.000436217817682567 0.000785716417539144
5.5 999.9 0.000161377038629072 0.000321882336558234 0.000416102107877773 0.000661735827588722 0.00119631008817863
5.75 999.9 0.000222569955354752 0.00044515731313267 0.000629182331525154 0.000970519642965181 0.00175359737794267
6 999.9 0.000308984413811617 0.000617997136986043 0.000922618 0.00141074881786812 0.00252939784568509
6.25 999.9 0.000431348872227485 0.00086946184296339 0.00134060000000001 0.00203109869345349 0.00360861466897503
6.5 999.9 0.000599830707121152 0.0011997846196951 0.00192266000000001 0.00288354875569104 0.00507405102522507
6.75 999.9 0.000824885623676428 0.0016497871444424 0.00271213000000001 0.00402433906678316 0.00701230009181606
7 999.9 0.0011224445827236 0.00224489714444863 0.00377398574057852 0.00553970741613332 0.00955987280263972
7.25 999.9 0.00151697916543659 0.00303397809630492 0.00511689021163045 0.00756319498138853 0.0129312
7.5 999.9 0.0020297 0.00408575142999914 0.00690762 0.0102203 0.0173229
7.75 999.9 0.00267234 0.00547790718633374 0.00928305 0.0135925 0.0228558
