Var1 Var2 Var3 Var4 Var5
3 9.3 0.043844 0.0787083531992266 0.130193
3.25 9.3 0.0767102 0.136971 0.224365
3.5 9.3 0.128527 0.227727 0.378965
3.75 9.3 0.205488407071012 0.377666929799938 0.613123
4 9.3 0.323218 0.599408 0.96371197562438
4.25 9.3 0.456969 0.934883 1.49139
4.5 9.3 0.638224 1.39999 2.2281
4.75 9.3 0.880084 2.04418 3.22258
5 9.1 1.20221 2.87801 4.56076
5.25 7.2 1.71811 3.53421 6.71315
5.5 5.6 2.09693 4.32183 8.41283
5.75 4.2 2.27995 4.85784 9.37003
6 2.9 2.24506 5.36338 9.43701
6.25 1.9 2.16363 6.02842617646325 9.20709
6.5 1.1 2.17537 6.16411 9.55424
6.75 0.6 2.30606 6.59929 10.3256
7 0.2 2.5155 7.26491 11.4806
7.25 0 2.69801 7.85756 12.5459
7.5 0 2.76684 8.12039 13.1033
7.75 0 2.74212 8.10606 13.2215
3 9.5 0.0435847 0.0775639 0.127583
3.25 9.5 0.0762919 0.135664 0.220006
3.5 9.5 0.127819 0.226468 0.371746
3.75 9.5 0.20433227546335 0.376736 0.601369
4 9.5 0.317027 0.595956 0.946181023954636
4.25 9.5 0.448281 0.921949740921891 1.46321
4.5 9.5 0.626358 1.39166 2.18682
4.75 9.5 0.864873 2.03284 3.16692
5 9.3 1.18248 2.8644 4.48568
5.25 7.5 1.70076 3.53883 6.64414
5.5 5.9 2.09602 4.3799 8.40634
5.75 4.6 2.33338 4.9741 9.58602
6 3.6 2.38238 5.79894 10.003
6.25 2.8 2.40574 6.71992 10.1462
6.5 2.3 2.45355 6.95015 10.7754
6.75 2.1 2.57741 7.28364971777114 11.5404
7 2 2.74093 7.91476 12.51
7.25 2 2.8685440363051 8.35732 13.3462
7.5 2 2.89692 8.50156 13.7205
7.75 2 2.85187 8.42988 13.7517
3 10.5 0.0419799 0.0701859 0.115432
3.25 10.5 0.0714717424246485 0.125633 0.198737
3.5 10.5 0.122354 0.216758 0.335219
3.75 10.5 0.189203778053362 0.361433 0.542559
4 10.5 0.286224 0.57094 0.852415680608103
4.25 10.5 0.406063 0.889716 1.32631
4.5 10.5 0.570012 1.33944 1.99091
4.75 10.5 0.7905 1.93954129176807 2.89483
5 10.3 1.0844 2.766 4.11285
5.25 8.8 1.54994 3.51594 6.05044
5.5 7.5 1.95607 4.16074 7.8348
5.75 6.5 2.27367 5.23632 9.32567
6 5.8 2.45524 6.45066 10.2939
6.25 5.4 2.58781 7.23612 11.0440895593131
6.5 5.1 2.65646 7.51333 11.6633
6.75 5 2.74891 7.85607 12.3082
7 5 2.86544 8.26756 13.0806
7.25 5 2.95114 8.58883 13.7279
7.5 5 2.96681 8.70163 14.0568
7.75 5 2.91732 8.62043 14.0733
3 13.6 0.0350227115837153 0.052552 0.0855625
3.25 13.6 0.0596970642418188 0.0947757 0.146539
3.5 13.6 0.101328 0.168736 0.245939
3.75 13.6 0.148879 0.290753 0.398913
4 13.6 0.215681 0.465724 0.635628979644212
4.25 13.6 0.308457 0.712581887405705 0.988473134776622
4.5 13.6 0.437239 1.05993911867202 1.49942193122744
4.75 13.6 0.612577 1.5344 2.22260506172373
5 13.5 0.846071 2.16695 3.1893125116347
5.25 12.3 1.146 2.99297 4.46834
5.5 11.4 1.42954 3.72 5.71199
5.75 10.8 1.69747 4.58573 6.93977
6 10.4 1.97017 5.4033 8.17615206120376
6.25 10.2 2.17458 6.04653 9.3468
6.5 10.1 2.3474 6.60905 10.3014
6.75 10 2.50367 7.13002 11.2118
7 10 2.65078 7.62808 12.1087
7.25 10 2.77716 8.06682 12.9321
7.5 10 2.83988 8.31891 13.4729
7.75 10 2.83323 8.36378 13.6872
3 22.1 0.0208484 0.0308948 0.0430473
3.25 22.1 0.0344666 0.0533688 0.0735894
3.5 22.1 0.0513767 0.089692 0.129071215613176
3.75 22.1 0.0754648 0.146527 0.210692
4 22.1 0.109549 0.235188296898269 0.333656
4.25 22.1 0.154667113637801 0.364568753342057 0.526456
4.5 22.1 0.225263 0.54203413493927 0.803402
4.75 22.1 0.321311 0.79961 1.19869
5 22 0.449687 1.14281 1.73255
5.25 21.3 0.60153 1.55583 2.37621
5.5 20.8 0.741796 1.89718773478054 2.99534
5.75 20.4 0.882129140408523 2.39339 3.70037
6 20.2 1.05066510223562 2.89306 4.50128
6.25 20.1 1.25475 3.44498 5.39681
6.5 20 1.4517 4.04133 6.37822
6.75 20 1.65681 4.67324 7.43543
7 20 1.86701 5.33079 8.55523
7.25 20 2.06951 5.97445 9.67615
7.5 20 2.23055 6.50331 10.633
7.75 20 2.34023 6.88403 11.366
3 31.4 0.0122293284664566 0.0174663688245097 0.0245958
3.25 31.4 0.0194185 0.0300360874907779 0.0438239
3.5 31.4 0.0288623 0.0509365281410947 0.0740251217506193
3.75 31.4 0.0424733 0.0845548358016781 0.120803
4 31.4 0.0618925 0.135012598593525 0.19183
4.25 31.4 0.0893722 0.206917 0.303707
4.5 31.4 0.128544 0.309697 0.452770815163043
4.75 31.4 0.184486 0.456825 0.698042
5 31.3 0.259459 0.655443 1.01254
5.25 30.9 0.344664 0.88493 1.37673
5.5 30.5 0.426396 1.11068 1.738
5.75 30.3 0.522016 1.37873 2.16922
6 30.1 0.635617 1.70215 2.69332
6.25 30.1 0.768173 2.08639 3.32154
6.5 30 0.919427 2.53279 4.01912039191829
6.75 30 1.09018 3.04527 4.91772
7 30 1.27786 3.61741 5.88873
7.25 30 1.47485279326762 4.22733 6.9372363196534
7.5 30 1.66058 4.81302 7.97273
7.75 30 1.82019 5.32936 8.90949
3 41.1 0.00790523 0.0112449519709217 0.0159422
3.25 41.1 0.0122733 0.019048511327404 0.0276887
3.5 41.1 0.0182412 0.0326034391473873 0.0468339246169182
3.75 41.1 0.0268224 0.0538018691708393 0.0778111
4 41.1 0.0390889 0.0851966 0.123474
4.25 41.1 0.0565515 0.13059 0.195712
4.5 41.1 0.0815516 0.195867 0.30057
4.75 41.1 0.117154 0.289015 0.450619
5 41 0.165173 0.415383 0.654523
5.25 40.6 0.218633 0.558289 0.885703
5.5 40.4 0.271369 0.70227 1.12018
5.75 40.2 0.335843 0.880396 1.41131
6 40.1 0.413096766419513 1.10198 1.77552
6.25 40 0.510211 1.37368 2.22565
6.5 40 0.621895485705739 1.7013 2.77374
6.75 40 0.752921098915669 2.08735 3.42669
7 40 0.901197 2.53056 4.18569
7.25 40 1.06439 3.0285 5.04975
7.5 40 1.23345 3.55493 5.97933
7.75 40 1.39664 4.07386 6.91492
3 50.9 0.00541749670036615 0.00792523118056616 0.0114644
3.25 50.9 0.00854927715810268 0.0135390009213151 0.019859
3.5 50.9 0.0127074436009377 0.0227899935719314 0.0335423
3.75 50.9 0.0186519728303745 0.0371232772208203 0.0549085044581312
4 50.9 0.0271384910294972 0.0587070463986457 0.0871861326072544
4.25 50.9 0.0392664733548082 0.0902059959522799 0.137683495020519
4.5 50.9 0.0566247981864172 0.135352095553666 0.211355871525699
4.75 50.9 0.0813591039018908 0.199752731101093 0.316754433204857
5 50.8 0.114429189214099 0.286600069767308 0.458773852294529
5.25 50.5 0.150076130755794 0.381168672269361 0.615605629505025
5.5 50.3 0.185808084050735 0.477961649627306 0.77673613264359
5.75 50.2 0.231310841793048 0.603708071662722 0.983989336572951
6 50.1 0.289048349955085 0.763394954907489 1.25079949346141
6.25 50 0.361263608056015 0.967496737262089 1.59056294652241
6.5 50 0.450735096003407 1.22491068804922 2.01988893356677
6.75 50 0.56060785479352 1.54640833183161 2.55684396517965
7 50 0.694097678799566 1.94326335593876 3.21979649008108
7.25 50 0.852645283453449 2.42152785093634 4.03350806503604
7.5 50 1.03258 2.97219 4.85547798884229
7.75 50 1.22874 3.57471025189467 5.71391562961448
3 70.6 0.00316143 0.00529417862015442 0.0079469466831036
3.25 70.6 0.00543233336197898 0.00906103049559436 0.0136312080791929
3.5 70.6 0.00902028 0.015355331803424 0.022894
3.75 70.6 0.0137041903814695 0.0255106279374632 0.038911
4 70.6 0.0202637376629939 0.0408883457819168 0.0636371
4.25 70.6 0.0292520528795998 0.0624849 0.10025
4.5 70.6 0.0420744360095486 0.0943161588571143 0.15298
4.75 70.6 0.0602492345149512 0.141572150366932 0.225146464963098
5 70.6 0.0844606804324757 0.205341322458732 0.312355246491366
5.25 70.4 0.110387403733223 0.275625786940315 0.415639284736928
5.5 70.2 0.137219966714046 0.350443384343955 0.524548317703207
5.75 70.1 0.172667770803298 0.449432166496219 0.669032624613656
6 70.1 0.218939194473914 0.54187889693263 0.860233504391655
6.25 70 0.278439310676517 0.699536271857906 1.11049034491703
6.5 70 0.353384915812037 0.900757341944032 1.4324082373661
6.75 70 0.446044431282894 1.15406499462927 1.8393780952738
7 70 0.560008942983667 1.46890480989246 2.35108451829687
7.25 70 0.696994482679506 1.84971720744396 2.9850512288107
7.5 70 0.839908310542052 2.28980867600132 3.73991
7.75 70 1.01828619541643 2.79076060358358 4.61479
3 100.4 0.00176397582252394 0.0034397240458146 0.00546401225112639
3.25 100.4 0.00301205779726567 0.00589914971687054 0.00931043368959162
3.5 100.4 0.00495328775085298 0.00988799277059206 0.015531419467068
3.75 100.4 0.00790846313916386 0.0160019653124182 0.0250544574690239
4 100.4 0.0115769386997651 0.025106756626837 0.0393995191941135
4.25 100.4 0.0171497565424072 0.0384816111512675 0.0619993797493541
4.5 100.4 0.0255748230305637 0.0577405834588301 0.0943569665411791
4.75 100.4 0.0374864177922808 0.0847984899860091 0.139888319075961
5 100.4 0.053093591426766 0.120697047841773 0.200368645668035
5.25 100.3 0.0700217742266338 0.159624807273248 0.266287702901798
5.5 100.2 0.0885915466711611 0.201929893960297 0.338074673112927
5.75 100.1 0.114545636361862 0.260793467513964 0.437725547622532
6 100 0.146831662537793 0.341144636430314 0.573948886856734
6.25 100 0.189886289702412 0.447657003118236 0.754876115378458
6.5 100 0.244994229589461 0.58823757558732 0.991713831032249
6.75 100 0.314422174735446 0.763042029316171 1.29741314595621
7 100 0.400797877361707 0.990684221746255 1.68703456414942
7.25 100 0.505721667678035 1.27338946450368 2.17167496757824
7.5 100 0.622445576242958 1.60816305769557 2.75941
7.75 100 0.769115634257057 2.0159377899292 3.46206
3 130.3 0.0010882589746293 0.00205906197096733 0.00343951301239158
3.25 130.3 0.0018499633490064 0.00358873522247418 0.00584161813628379
3.5 130.3 0.00302033959486667 0.00574978042105322 0.00969491902601633
3.75 130.3 0.00460066778039169 0.00935637860752986 0.0156003855087142
4 130.3 0.00682436403404423 0.0145196047770186 0.0242858848039516
4.25 130.3 0.0103763845381207 0.0225384480558679 0.0376598163588471
4.5 130.3 0.0153535835219268 0.0342992487820592 0.0569027360894661
4.75 130.3 0.0223006506318817 0.0504593163684167 0.0837136191124426
5 130.3 0.0314406046399359 0.0706031319918526 0.118914477102838
5.25 130.2 0.0412735857000947 0.0924089194622445 0.15682496121452
5.5 130.1 0.052249810191443 0.117192533969935 0.199228732749233
5.75 130.1 0.0681582128794291 0.153533403593937 0.261013256116975
6 130 0.089303623592007 0.204530112709044 0.347677437988189
6.25 130 0.117356774606856 0.273357933877756 0.464653333579869
6.5 130 0.154099153420091 0.365180359299247 0.620806204850167
6.75 130 0.201290511868693 0.485939605682919 0.826451139678185
7 130 0.260689440067538 0.641886113064256 1.0926685009016
7.25 130 0.333684509454242 0.838100182576972 1.42856715673919
7.5 130 0.419837885879825 1.07922 1.84318
7.75 130 0.524571252525551 1.37283 2.35034
3 200.2 0.000366575792765519 0.000730985671292808 0.00142041694141768
3.25 200.2 0.000630202287978854 0.0012702063746395 0.00239627601601462
3.5 200.2 0.00102641148239041 0.0022002224010596 0.00394456276291719
3.75 200.2 0.00154016594372462 0.00358029403639032 0.00630494276077846
4 200.2 0.00234432190167308 0.00559306900910118 0.00969545840907427
4.25 200.2 0.00351478701711868 0.00830401821264496 0.0147521527410738
4.5 200.2 0.00511943569587145 0.0119939215179889 0.0218253744613934
4.75 200.2 0.00729383954959274 0.0169071525030625 0.0313168794500999
5 200.2 0.00995849058686631 0.0230907992364077 0.0433033697241776
5.25 200.1 0.0127245396244485 0.0294857360752466 0.055768332128673
5.5 200.1 0.0163475815799732 0.0370594204732865 0.0705636690399076
5.75 200 0.0214340072898775 0.0488018033236573 0.0934760181078352
6 200 0.0286562967283895 0.0661247184986834 0.127334692101173
6.25 200 0.0392360427499592 0.091212888773348 0.175547406487189
6.5 200 0.0540064537951644 0.126952776882587 0.242142396582314
6.75 200 0.0736018633696632 0.174871721241704 0.331166720819388
7 200 0.0976203327111652 0.238431990421945 0.449064054859351
7.25 200 0.128557381519581 0.320419195618307 0.600998801234404
7.5 200 0.167063345964946 0.424419 0.78263557680301
7.75 200 0.214531602689354 0.555448 1.03671407748311
3 300.1 8.86877809965296e-05 0.000185929007836972 0.000450887656723571
3.25 300.1 0.00014738975269636 0.000326398204109963 0.000755755291726795
3.5 300.1 0.000237099327040745 0.000553855467686451 0.00123268239449278
3.75 300.1 0.000377464695888496 0.000927206876858015 0.00194155626810167
4 300.1 0.000554883337195839 0.00136422849007181 0.00293383919673771
4.25 300.1 0.000785075954870012 0.00187381204052189 0.00423768249483239
4.5 300.1 0.00111912160658953 0.00265212907363602 0.00590575278085739
4.75 300.1 0.00155724052364707 0.00374423207189746 0.00802342342369587
5 300.1 0.00210075068686505 0.0050917530759262 0.0105398005842561
5.25 300.1 0.00267591122795143 0.0065341273823351 0.013081764311745
5.5 300.1 0.00344958768815361 0.00820585809554581 0.0164125315582322
5.75 300 0.00473708291619688 0.0109966611579971 0.0219941263181698
6 300 0.0067671336425576 0.0153738823865203 0.0308002828631718
6.25 300 0.00976291133134035 0.0217705050771041 0.0438123990888557
6.5 300 0.0128454108883778 0.0308475943843342 0.0623373962996654
6.75 300 0.0194333993651019 0.0436721668741753 0.0885946161653462
7 300 0.026905794179258 0.0617066713793473 0.124314188554133
7.25 300 0.0363414835877336 0.0857024131990591 0.170403436921659
7.5 300 0.0482247228909694 0.116927 0.229961539696091
7.75 300 0.0634857636183108 0.15708 0.305109241187359
3 500.1 1.11885994275731e-05 2.80803313783929e-05 0.00010478915893939
3.25 500.1 2.61635696994662e-05 6.82944299413367e-05 0.000242389386724455
3.5 500.1 5.58098800368041e-05 0.000149119797524348 0.000497431192199092
3.75 500.1 9.98418694011475e-05 0.000291162255089734 0.000907879552656713
4 500.1 0.000174950638190881 0.000516481560529158 0.00150752367630005
4.25 500.1 0.000285871540127803 0.00083036917829137 0.0023562443666969
4.5 500.1 0.000442028168954831 0.00126976527331307 0.00353882295673747
4.75 500.1 0.000707755709199725 0.00193314149745811 0.00518856603915657
5 500.1 0.00113921174138151 0.00301491322176627 0.00762124171437076
5.25 500.1 0.00187534285005123 0.00463714100125381 0.0116017622065371
5.5 500 0.00290177288013824 0.00709854851996937 0.0172083669831953
5.75 500 0.00411316768725404 0.00991193307594451 0.0236080531973071
6 500 0.00549318700227166 0.0133520503874566 0.0307676474267377
6.25 500 0.0073461581930768 0.0177712040697933 0.0391030781875813
6.5 500 0.00961102650304303 0.0235432177070872 0.0491461323510028
6.75 500 0.0121702423957639 0.0293995351987481 0.061047424010812
7 500 0.0151358584820662 0.0372299166694435 0.0760358779808528
7.25 500 0.0195306926964448 0.0478629156985353 0.0957259588647466
7.5 500 0.0247162808721965 0.0602707307474854 0.120727
7.75 500 0.0301416941820111 0.0755458 0.151091
3 700.1 1.46806790100784e-06 4.58871363063321e-06 2.55407995789334e-05
3.25 700.1 3.58500911780606e-06 1.13022932201903e-05 5.93736013834138e-05
3.5 700.1 8.05254415254809e-06 2.51729637675229e-05 0.000122691230717976
3.75 700.1 1.53862609403151e-05 5.07106686751819e-05 0.000226057787467786
4 700.1 2.76922890750448e-05 9.43627263533491e-05 0.000380198437013905
4.25 700.1 4.96789878569809e-05 0.000147977051913644 0.000604243713003129
4.5 700.1 8.54193162735123e-05 0.000260874013266703 0.000926746145758669
4.75 700.1 0.000148723175873307 0.000437476371121333 0.00139308427631881
5 700.1 0.000260922868223916 0.00067153987349067 0.00210413581971247
5.25 700 0.000473483412123387 0.00122945208376721 0.00329902331802219
5.5 700 0.00082505254644141 0.00194165306024872 0.00504022743787443
5.75 700 0.00131806543026386 0.00302645213257546 0.00711467680718637
6 700 0.00186352753259215 0.00420796051354107 0.0095039776795551
6.25 700 0.00257088631202619 0.00578935800728461 0.0123716612316546
6.5 700 0.00337267772104829 0.00794287004436552 0.0158864154696025
6.75 700 0.00438349548173524 0.0102676099600244 0.020148740838523
7 700 0.00577823360533488 0.0133683 0.0255304661972293
7.25 700 0.00745978100386378 0.0175227831256444 0.0326534457750046
7.5 700 0.00945180247294374 0.0228858 0.041795
7.75 700 0.0121501100129884 0.0295456 0.0530821
3 999.9 1.32260009400424e-07 4.16757393800638e-07 3.63880904567674e-06
3.25 999.9 3.46305260238281e-07 1.06671286467667e-06 8.54953087155431e-06
3.5 999.9 8.39431709203321e-07 2.51987640766483e-06 1.79558812774837e-05
3.75 999.9 1.9638609952016e-06 5.5287374796781e-06 3.3892809098159e-05
4 999.9 4.09025777554136e-06 1.14961253706771e-05 5.90129020102609e-05
4.25 999.9 7.99779384381401e-06 2.17346805433173e-05 9.82827091204464e-05
4.5 999.9 1.53244402602743e-05 4.11266667114066e-05 0.000159844935702832
4.75 999.9 2.89438315968891e-05 7.57074972593271e-05 0.000257037717115038
5 999.9 5.38704837833718e-05 0.000141457681271755 0.000416994533533689
5.25 999.9 0.000103243228796218 0.000268745433997387 0.000701748658584641
5.5 999.9 0.000191320406815701 0.000499259497070884 0.00114584443083702
5.75 999.9 0.000328564955241485 0.000787687811547956 0.00171792647273859
6 999.9 0.000518256978747223 0.00119210190130047 0.00242032105205635
6.25 999.9 0.000736944637660707 0.00172542270288206 0.00330037746498936
6.5 999.9 0.0010579700379086 0.00242381768522274 0.00441100070373183
6.75 999.9 0.00145979469668196 0.00331791031414584 0.00579152204242479
7 999.9 0.00195603448411699 0.00448668293559451 0.00756314105585342
7.25 999.9 0.0025899723595559 0.00606892761341427 0.00993386577491762
7.5 999.9 0.0034100800492925 0.00815681 0.0130246
7.75 999.9 0.00443479471972494 0.0108133 0.0169086
