Var1 Var2 Var3 Var4 Var5 Var6 Var7
3 9.3 0.0498334997050822 0.0874008 0.11233242136446 0.159952 0.275435
3.25 9.3 0.075354 0.141642 0.191151 0.257351 0.440619
3.5 9.3 0.109303 0.220605 0.309536914160103 0.39762 0.67702
3.75 9.3 0.156462 0.325838002930633 0.480243453336168 0.591859 1.00238
4 9.3 0.214203693935728 0.476156104654707 0.703954236394243 0.864278 1.44411
4.25 9.3 0.313579 0.693726 1.05791365882812 1.24535 2.04228
4.5 9.3 0.439827 0.976459 1.52805850714172 1.77275 2.79799765652716
4.75 9.3 0.612518 1.35056 2.17992968528706 2.49979 3.84761545249735
5 9.1 0.82095 1.83165 2.97379 3.39087 5.20772
5.25 7.2 0.973058000000001 2.36230515986394 3.71401 4.37029 7.14398940598762
5.5 5.6 1.18067 2.59889484533073 4.15877 5.36532 8.85837
5.75 4.2 1.2771 3.07520466486853 4.92297 5.87789 9.68786
6 2.9 1.34703 3.43872648095301 5.38563226353034 5.90474 9.59237
6.25 1.9 1.52655 3.35586 5.34362 6.77647 10.0806524140579
6.5 1.1 1.72983 3.36061 5.30771 7.74245 11.739
6.75 0.6 1.94568 3.5797 5.70358 8.8194 13.5682
7 0.2 2.13377 3.91898 6.29015720774705 9.65939 15.1279
7.25 0 2.30036149504867 4.21505 6.76873996608273 10.3911 16.12
7.5 0 2.3542 4.33422 6.94014 10.6841 16.4076
7.75 0 2.31485 4.30577 6.87034 10.6102 16.1226
3 9.5 0.0494221306141897 0.0854362 0.11148 0.156733 0.269429
3.25 9.5 0.07481 0.138509 0.189664 0.2526 0.431166
3.5 9.5 0.108547 0.215835 0.306843998814051 0.39178 0.662815
3.75 9.5 0.149748965304228 0.324117 0.476186116203436 0.586706 0.981542
4 9.5 0.212676808984762 0.473809 0.714830470277555 0.857915 1.41488
4.25 9.5 0.311545 0.679746 1.05031953369144 1.23646 2.00233
4.5 9.5 0.437096 0.957662 1.50871375653869 1.76052 2.78513
4.75 9.5 0.608972 1.32625 2.1659 2.4835 3.81286
5 9.3 0.817155 1.80083 2.92192 3.37257 5.12283
5.25 7.5 0.964355 2.40363039375906 3.70136 4.332 7.16619
5.5 5.9 1.18243 2.65990074841025 4.28101 5.37338 8.87111
5.75 4.6 1.30989 3.23966739562983 5.15583312116681 6.02856 9.93554
6 3.6 1.46203 3.70290790317464 5.82850658493358 6.40248 10.2164
6.25 2.8 1.70673 3.67686053788677 5.91021 7.56906 11.415
6.5 2.3 1.96938 3.80943 6.0135 8.80702 13.3513
6.75 2.1 2.18502 3.98800372958447 6.41586 9.90432 15.2533
7 2 2.33735 4.29148 6.88894993929834 10.5757 16.5568
7.25 2 2.4654 4.50649 7.2361629023241 11.108 17.2268
7.5 2 2.4774 4.56099 7.30269 11.2417 17.2595
7.75 2 2.41893 4.49938 7.17877 11.0862 16.8421
3 10.5 0.0470145984675127 0.0763154 0.106197 0.149303 0.241487
3.25 10.5 0.0713768 0.12365 0.180437 0.240309 0.386199
3.5 10.5 0.103528 0.192776 0.291729069532767 0.372554 0.593952
3.75 10.5 0.148304 0.290055 0.45302973169442 0.558315 0.866998597069657
4 10.5 0.210776 0.42523 0.680882524772516 0.817345 1.27371
4.25 10.5 0.298291 0.612414 1.00207263159142 1.17994 1.80931
4.5 10.5 0.404008081434611 0.866741 1.42223 1.68274 2.52779
4.75 10.5 0.585237 1.20718 1.9654 2.37793 3.47976
5 10.3 0.788774 1.6467 2.66373 3.24275 4.72442163110446
5.25 8.8 0.948711 2.31339892906406 3.51522249671764 3.95468 6.54023
5.5 7.5 1.10906 2.80633637441443 4.35344 5.04075 8.31931
5.75 6.5 1.35795 3.44199 5.27443 5.91643 9.74743
6 5.8 1.64023 3.83501 6.12159 7.14736 10.7093
6.25 5.4 1.92657 4.01363 6.36562 8.50287 12.8144
6.5 5.1 2.18517 4.14507 6.52473 9.72956 14.5047092428944
6.75 5 2.33953 4.30996 6.92462 10.6044 16.4124
7 5 2.46142 4.5124 7.23915733596061 11.1101 17.3611
7.25 5 2.55215 4.66333 7.48901 11.4864 17.7853
7.5 5 2.5533 4.70045 7.52309 11.5786 17.7525
7.75 5 2.43201500263719 4.63046 7.38542 11.4037 17.3036
3 13.6 0.0385099420987382 0.0549632 0.0873838 0.118502823989291 0.175686
3.25 13.6 0.0590819 0.0889132 0.147304598203957 0.197079 0.28048
3.5 13.6 0.0855722 0.138699 0.23339 0.305041 0.431514
3.75 13.6 0.122813 0.209627 0.349824 0.457883 0.642886
4 13.6 0.175069 0.309281 0.479724795566998 0.672104 0.941969597541963
4.25 13.6 0.248686 0.449083 0.736486 0.973545 1.3927
4.5 13.6 0.350893 0.641764 1.04359 1.39314 2.01207
4.75 13.6 0.492341 0.905263 1.46048 1.97763 2.87632
5 13.5 0.669205 1.24718 1.9985 2.71794 3.97581
5.25 12.3 0.829015 1.70863 2.7299 3.40621 5.00799
5.5 11.4 0.991857 2.17443 3.46272 4.126 6.12315
5.75 10.8 1.23276 2.62427 4.16329 5.21199 7.748
6 10.4 1.43908828445155 3.02394 4.77529 6.42056 9.60085
6.25 10.2 1.70077879780473 3.372 5.296 7.69119 11.5672
6.5 10.1 2.02076 3.66898 5.72717 8.89313 13.4479
6.75 10 2.13244 3.94256 6.31117370644312 9.66663 15.1232
7 10 2.30047 4.19786 6.71969488279002 10.3055 16.0049
7.25 10 2.41989 4.41696 7.08293 10.8531 16.7153
7.5 10 2.46159 4.53083 7.24215 11.1384 16.9972
7.75 10 2.43472 4.5294 7.21567 11.1358 16.8283
3 22.1 0.0216507 0.0265962 0.0443582 0.0575084 0.0873835
3.25 22.1 0.034283 0.042867 0.071006 0.0965619 0.143196
3.5 22.1 0.0494879 0.0668352 0.109854 0.155425 0.223016306530072
3.75 22.1 0.0713521 0.101862 0.166256 0.241866 0.35689
4 22.1 0.102045 0.151968 0.246612 0.364908 0.522180761451726
4.25 22.1 0.144773 0.222642 0.359579 0.536957 0.791609
4.5 22.1 0.203827 0.321694 0.517949 0.776101 1.14639
4.75 22.1 0.285861 0.461327 0.742249 1.11124 1.64822
5 22 0.391358 0.644405 1.03254 1.54916 2.2984
5.25 21.3 0.505672 0.854813 1.32991 2.00508 2.93963
5.5 20.8 0.616453 1.07788 1.66987 2.47125 3.64005
5.75 20.4 0.767205 1.3342 2.05848 3.11873 4.61701
6 20.2 0.91493 1.62009 2.54418596875714 3.88038 5.61990228854581
6.25 20.1 1.06906 1.92873 3.081828319827 4.65519 7.08964
6.5 20 1.24535 2.25824 3.62726374144203 5.45895879124321 8.40503
6.75 20 1.44091 2.60188 4.16395328042773 6.31361 9.66576
7 20 1.63445 2.95592 4.72896 7.19029 10.9474
7.25 20 1.81227 3.29856603203765 5.26454 8.04278 12.1661
7.5 20 1.94333 3.57582 5.68912 8.72947 13.1071
7.75 20 1.96690969543418 3.76754 5.97619 9.20665 13.7098
3 31.4 0.0126106 0.014947333153991 0.0249190544359084 0.0313287 0.0495777
3.25 31.4 0.0183431 0.0233656 0.0388625869968472 0.0525151 0.0826694
3.5 31.4 0.0264625403488759 0.0364233 0.0601329043907875 0.0844709 0.132267
3.75 31.4 0.0383607 0.0558307 0.0914410344871351 0.13213 0.205779
4 31.4 0.0553152 0.0838006 0.136111916339959 0.200397 0.310417
4.25 31.4 0.079031 0.123282 0.19750572416926 0.295846 0.455862
4.5 31.4 0.112165 0.178885 0.287751566964337 0.429017 0.657752
4.75 31.4 0.159063 0.258118 0.413862708538994 0.617473 0.942291
5 31.3 0.220152 0.363505 0.584765831901878 0.867037 1.31785
5.25 30.9 0.281002 0.480432 0.772395304126227 1.14357 1.73408
5.5 30.5 0.350629 0.609896 0.980721453934407 1.44592014026885 2.17997
5.75 30.3 0.434788451344767 0.7649657809148 1.23194592516177 1.8199 2.74686
6 30.1 0.53924 0.94919690680156 1.51420632302251 2.26311 3.40744
6.25 30.1 0.660052 1.16648 1.85365753883441 2.78169 4.17686
6.5 30 0.797875 1.41313564998081 2.25919 3.38357 5.06523
6.75 30 0.951572 1.69752 2.70312 4.07122 6.07301
7 30 1.11811 2.01056914784038 3.19479 4.83838 7.18639
7.25 30 1.2892 2.34369690462596 3.71388 5.65428 8.35539
7.5 30 1.44482 2.65942 4.20347 6.43138 9.44705
7.75 30 1.57375 2.93349 4.62432 7.1074 10.3695
3 41.1 0.0075986 0.00972012 0.0157691856231122 0.0192684 0.031269
3.25 41.1 0.0116529 0.0144121 0.0240307825891662 0.0323211 0.049649
3.5 41.1 0.0168306 0.0225041 0.0377768495411018 0.0520519 0.0793451
3.75 41.1 0.0243668 0.0344861 0.0573720002668709 0.081344 0.123326
4 41.1 0.0351342 0.0518163 0.0853881621271828 0.12341 0.186082
4.25 41.1 0.0500325964350179 0.076321 0.124748143822694 0.182258 0.273337
4.5 41.1 0.0712227 0.110914 0.181033076127922 0.264464 0.394575
4.75 41.1 0.10101 0.160359 0.262126875472766 0.381037 0.565754
5 41 0.140306 0.226855 0.367726327746454 0.53695 0.79388
5.25 40.6 0.18019 0.29984 0.471745078194858 0.707516 1.0431
5.5 40.4 0.225157 0.383075 0.60966872049388 0.902032 1.32636
5.75 40.2 0.283371 0.485594130834421 0.776231391201522 1.14346 1.67704
6 40.1 0.353338786491307 0.612551 0.97634 1.44155 2.10918
6.25 40 0.439956 0.76483599453159 1.21645 1.80521 2.63466
6.5 40 0.540496 0.94918 1.49948248673299 2.24257 3.26419
6.75 40 0.655761 1.16332 1.83737 2.75653 4.00053
7 40 0.784337 1.4078 2.21818 3.3472 4.84
7.25 40 0.924787 1.68115 2.64285 4.01031 5.7745
7.5 40 1.06747 1.96845 3.0873 4.71047 6.75008
7.75 40 1.20227 2.24914 3.51888 5.39843 7.69157
3 50.9 0.00526497363722371 0.00650438863549581 0.010608143513921 0.0130987641700435 0.0219047905020902
3.25 50.9 0.00824770507613091 0.00993471495477528 0.0169562876740178 0.0219731105137547 0.0349406668820161
3.5 50.9 0.0119233784553465 0.0153792444137144 0.0262595829115456 0.0354047331498203 0.0537023360771222
3.75 50.9 0.0172082389353285 0.0235319014156451 0.0397690193127825 0.0552150931044529 0.081309247825558
4 50.9 0.0247197810261155 0.035296477101116 0.0589963758464865 0.0836442180976734 0.122233312827091
4.25 50.9 0.0352058761566861 0.0519430535821943 0.0861933678571055 0.123162542646798 0.179349938627538
4.5 50.9 0.0497732395962047 0.0754350303409126 0.123798234674517 0.178837490968187 0.258553242618517
4.75 50.9 0.0702883384784886 0.109009642851863 0.176602813593346 0.256844639431624 0.370261517236115
5 50.8 0.0975779543621905 0.154493387481001 0.247928595289358 0.360089534192596 0.51987289410977
5.25 50.5 0.126250369173814 0.203076755663323 0.323489664841533 0.47078108448791 0.67843647572369
5.5 50.3 0.157434446549912 0.259767259076416 0.411653 0.601403 0.864291869289244
5.75 50.2 0.19970789411267 0.331327080744592 0.52307487628492 0.76748468944745 1.09974281760585
6 50.1 0.250178699871106 0.42285372077199 0.664399434719927 0.980139459816127 1.39899516889318
6.25 50 0.31204479284683 0.538265801942633 0.841665868032007 1.24948835660418 1.77917854363164
6.5 50 0.386891215485449 0.682382891973083 1.06155217365516 1.58730384918131 2.25581495569341
6.75 50 0.476659642467423 0.86143448292859 1.3321719834883 2.00815536208842 2.8494817529284
7 50 0.582856173266568 1.08150223715035 1.66838959181324 2.52605535967354 3.57994054925874
7.25 50 0.705164847106942 1.3459648140848 2.07798354837527 3.12865189567938 4.45656725184466
7.5 50 0.828357454354018 1.64871 2.53532764409642 3.73217 5.45585
7.75 50 0.961704280150241 1.98149 3.0533146193326 4.34962 6.54609
3 70.6 0.00304485620783971 0.00439209206470676 0.00695004204062911 0.0093839898349687 0.0144381
3.25 70.6 0.00472984854623483 0.00707442679725882 0.0111625660008697 0.0156760089219283 0.0240612
3.5 70.6 0.00725470846935581 0.0110840970981851 0.0177499495196102 0.0243374010987085 0.0384959
3.75 70.6 0.0104581942420429 0.0168447155946129 0.0275345 0.0366037558561133 0.0592804
4 70.6 0.0151256 0.0252673479963242 0.0413861434730958 0.053873330400977 0.0885127
4.25 70.6 0.0223008168420686 0.0369856478301457 0.0602025 0.0779225887694022 0.128887
4.5 70.6 0.0318094317826973 0.053490992889295 0.085476 0.111 0.174741827289714
4.75 70.6 0.045881084523552 0.0772876108316646 0.121044 0.158712 0.248674956163616
5 70.6 0.0659331458839585 0.109801597779561 0.169485 0.223825 0.349335060353876
5.25 70.4 0.086880767733482 0.145409275823438 0.222241 0.293928 0.45809679876748
5.5 70.2 0.110511626550481 0.187845388529618 0.284937 0.378064 0.588121082268192
5.75 70.1 0.140216079267329 0.244416261635306 0.366764 0.49053 0.759334152358843
6 70.1 0.178376461689985 0.317935130715025 0.472115 0.636958 0.982088217193903
6.25 70 0.226171477552095 0.412673592373964 0.610691764780989 0.825826 1.26973359514653
6.5 70 0.285014819232443 0.53308172909166 0.79278892396688 1.06576 1.63642990379129
6.75 70 0.356086577727321 0.683848515955351 1.02247766054621 1.36518 2.09698421409385
7 70 0.441293819172932 0.871683852357769 1.31085039156812 1.73546 2.67088299535432
7.25 70 0.54046735613863 1.10008198969877 1.66418026764844 2.18068 3.3657453989748
7.5 70 0.651486433253855 1.3249920416163 2.083 2.70175079473293 4.13817673886062
7.75 70 0.771655426163427 1.61813359785067 2.33578224742064 3.31647 5.07678100711296
3 100.4 0.00154843066078282 0.00281149832199314 0.00402867717345763 0.00603831121456609 0.00858836771203371
3.25 100.4 0.00229080519964911 0.00450920122407835 0.00642463819456352 0.0100496756928788 0.0143113787338603
3.5 100.4 0.00356056011918107 0.00701425975697279 0.00991236599779877 0.0158448070455136 0.0228795743114515
3.75 100.4 0.00540249677523291 0.0104768307951523 0.0148967524017184 0.024269022010736 0.0351846291689695
4 100.4 0.0080299117719756 0.0154183610760157 0.0221713559077258 0.0359121727417333 0.0523727777634079
4.25 100.4 0.0117258591367549 0.022103167995788 0.0320641276325544 0.0513105192872969 0.0759083877151914
4.5 100.4 0.016844979929865 0.0308155566403476 0.0456466839150969 0.0717941258745304 0.107697964330818
4.75 100.4 0.0241489878123255 0.0438307434928077 0.0648549244163275 0.100328479883127 0.152196947558004
5 100.4 0.0344127794286293 0.0621048900385831 0.091810091958101 0.139905465417498 0.214221116888345
5.25 100.3 0.0451556421053638 0.0821085727058222 0.121855681796287 0.183347510161105 0.282927493586052
5.5 100.2 0.0582655191195311 0.104205354871089 0.158964439759712 0.23698143965279 0.368267971331237
5.75 100.1 0.0769388425661425 0.13838288592143 0.210243065332669 0.310449255969943 0.48570330835269
6 100 0.1023463755515 0.184176510814184 0.278750788174437 0.412243246824818 0.64314049585955
6.25 100 0.135165236102816 0.243739162724972 0.367567024372201 0.545799411618238 0.848241256851959
6.5 100 0.173540523047704 0.320162174028757 0.482149018026944 0.719221440442439 1.11436306139565
6.75 100 0.222581908679088 0.411220503947413 0.628472969925818 0.942222842070142 1.45662076173778
7 100 0.283317211542826 0.532149448058971 0.813233821729366 1.22146761171092 1.89166819475889
7.25 100 0.356829739481861 0.681424843513386 1.04273157533831 1.57296447775075 2.43178237725512
7.5 100 0.440085725514989 0.860070413473714 1.31993049424557 1.99906168877952 3.08607
7.75 100 0.546454551830399 1.07251928544829 1.64742147751977 2.50982611023927 3.869
3 130.3 0.000908198849808362 0.0015798073512273 0.0025060803339699 0.00348466396231177 0.00551919766697423
3.25 130.3 0.00133388590140264 0.00261805239214979 0.00405763899922143 0.00575478437024842 0.00913093523807076
3.5 130.3 0.00205302221820279 0.00395561034351064 0.00616234244145242 0.00918525076480246 0.0144744216347732
3.75 130.3 0.00312444237992239 0.00599253896065584 0.00912865756227802 0.0137323322686407 0.0220879722461573
4 130.3 0.00461443620210999 0.00874525835048589 0.0132500230845855 0.0201805469359085 0.0325715637261645
4.25 130.3 0.00671460230420315 0.0124676546605268 0.0189170294384274 0.02882505258297 0.0466780940063035
4.5 130.3 0.00941265894061944 0.0174449793047202 0.026853160360522 0.0402183541696687 0.0653407837999992
4.75 130.3 0.0134664144206296 0.0244216061864026 0.0385435840667229 0.0562192683707008 0.0912841343915333
5 130.3 0.0186075880204378 0.0343800440343774 0.0544910904584493 0.0799978545241 0.128236656215226
5.25 130.2 0.0243213091138683 0.0457299903635924 0.0735581060790511 0.107462034435085 0.170212595702435
5.5 130.1 0.0324013926032878 0.0602288745596004 0.0951281042604377 0.142211068695143 0.224030118966129
5.75 130.1 0.0443218851299914 0.0804300334211548 0.125530086036973 0.191809379080103 0.300620218863446
6 130 0.0606851381203269 0.109457726463065 0.167946738994814 0.260048440672175 0.40568347681573
6.25 130 0.0816495884661961 0.146014332932477 0.223964528409257 0.350011708362002 0.544077771981238
6.5 130 0.110369605367702 0.191729439969941 0.297385465242255 0.468807882783436 0.726851046577246
6.75 130 0.143769631443246 0.25537663837968 0.392614144214168 0.624101987729648 0.965938581764947
7 130 0.185634244997692 0.337092737241774 0.514258884719804 0.824138936118608 1.27419678030788
7.25 130 0.236817333512139 0.439049019099281 0.665615589658757 1.07570969227421 1.66162331619741
7.5 130 0.295981124275049 0.563644 0.856511 1.30075033455841 2.13858
7.75 130 0.368858807534096 0.714474 1.08904 1.65777602176872 2.72045
3 200.2 0.000281276904299133 0.000514651532663418 0.000866365722555911 0.001079976532053 0.00182856101927928
3.25 200.2 0.000422103743703106 0.00080557957555339 0.00134592983512648 0.00177301023181548 0.00298284350635699
3.5 200.2 0.000627711973917188 0.00121567434580546 0.00191071650502943 0.00278262640015526 0.00462784036011406
3.75 200.2 0.000929380186787027 0.0017832711358128 0.00278400661247638 0.00419278381883296 0.00689067855223694
4 200.2 0.00134000364397033 0.00255001434335096 0.00404449441983399 0.00607682502128033 0.00987689822414053
4.25 200.2 0.0018997515302962 0.00357157959187079 0.00555702908280365 0.00856507461753917 0.0137180134595209
4.5 200.2 0.00270838438899454 0.00488323465637805 0.00774996244044535 0.0117825190554751 0.018574619222491
4.75 200.2 0.00388547286127515 0.00674394534593574 0.0109555994435169 0.016337847266484 0.0253416186853947
5 200.2 0.00522898059243733 0.00957945972223364 0.015967384819162 0.0233001214936597 0.0356032346419317
5.25 200.1 0.00761532529655524 0.0130738681248766 0.0218736749991789 0.0316308211091583 0.0479676869858174
5.5 200.1 0.0102519075051101 0.0178883363153745 0.0298186404128923 0.0441265573177594 0.064876654856243
5.75 200 0.0141102552132514 0.0247579315293182 0.0415354926146774 0.0610499589410332 0.0898190185524712
6 200 0.0199117566606502 0.0348762816559417 0.0581911288805167 0.0849906093161908 0.12530112914408
6.25 200 0.027881770414833 0.048867663081113 0.0808733813820132 0.118487500130385 0.174718155905583
6.5 200 0.0386510565627834 0.067775709515123 0.112078055249703 0.16490961008308 0.242023566077017
6.75 200 0.0527588673362306 0.0926947777550558 0.151546174738247 0.223819578019505 0.331117091351338
7 200 0.0711123227430994 0.125338694398873 0.204135105600022 0.302529432470193 0.448452830945281
7.25 200 0.0995131125684933 0.16696923171083 0.27118128093839 0.379805239215513 0.598986261765281
7.5 200 0.124616274198945 0.219263 0.355405 0.497386829164194 0.789332
7.75 200 0.160127391617959 0.284512 0.460549 0.630452109055462 1.02833
3 300.1 5.19725110387331e-05 9.6429509201413e-05 0.000168084577870282 0.000290538575071424 0.000503081992535021
3.25 300.1 8.22747029317297e-05 0.000141138128736837 0.000256672923233372 0.000437906429911739 0.000758264326694808
3.5 300.1 0.000120913712831296 0.000209223665204339 0.000376034215040506 0.000630869974158023 0.00109240418357066
3.75 300.1 0.000180676859380062 0.000312645817832593 0.000533776213201287 0.000877343296020669 0.00151919952937167
4 300.1 0.000264138975935768 0.000456534175583124 0.000741106475568957 0.00118379137695471 0.00204987852897217
4.25 300.1 0.000377715590688029 0.000653094627906006 0.00105372955136739 0.00155391614463882 0.00268506590802576
4.5 300.1 0.000531337130606638 0.000886498067323114 0.00146113859618031 0.00210216525220858 0.00345433839475579
4.75 300.1 0.000739318440864422 0.00122461863263756 0.00191149240392192 0.00291950453172703 0.00456856001808919
5 300.1 0.00109730170899905 0.00180048265261338 0.00273718131608959 0.00423606891603434 0.0064548761218331
5.25 300.1 0.0015712671981493 0.00259775575796167 0.00411717086704695 0.00597889997539988 0.00898085733593176
5.5 300.1 0.00229392567609906 0.00380273691230519 0.0062362921446327 0.00857990815495768 0.0128588933828922
5.75 300 0.00343380389478119 0.0056703328700405 0.00922226849091712 0.0125990400588431 0.0190370417052375
6 300 0.00507709631679432 0.00856139336058747 0.0134780101304779 0.0186008753387104 0.0283030734475363
6.25 300 0.007396287890109 0.0128464047611107 0.0195580726775692 0.0271369164314621 0.0413935737746598
6.5 300 0.0106061195859078 0.0189735165431172 0.0291048350280325 0.0390603689686708 0.059714512094749
6.75 300 0.0150670829416659 0.0276116241260991 0.0427379525343676 0.0557903407425842 0.0855142132119349
7 300 0.0211728771887411 0.0381900962910298 0.060009789220224 0.0788062241247087 0.120526295738538
7.25 300 0.028680866420875 0.0523170151903202 0.080696027041196 0.10930846066748 0.165598778391606
7.5 300 0.0383600833736972 0.0696976180382803 0.106762 0.148820365504797 0.220452640228579
7.75 300 0.0508208032266665 0.0945177848004415 0.14337 0.200834562288401 0.296095311130461
3 500.1 5.80239212672537e-06 1.14343732548508e-05 2.10924175328629e-05 3.54103820192413e-05 0.000109961324578281
3.25 500.1 1.19311207788973e-05 2.26695633285881e-05 3.92292603452922e-05 6.79571563254158e-05 0.000204465919195702
3.5 500.1 2.43156195698925e-05 4.28179571665346e-05 7.30961701345466e-05 0.00012316080180439 0.00035452564800545
3.75 500.1 4.54768207469522e-05 8.22255503785902e-05 0.000142386061116728 0.000215673064983157 0.000586400367474779
4 500.1 8.62969251989183e-05 0.000157227945204101 0.000272253595768634 0.000372493532967016 0.000947598846513326
4.25 500.1 0.000165178540516988 0.000278623905839127 0.000498006572919518 0.000645335002173613 0.00152559672328162
4.5 500.1 0.000303124575848763 0.000525381556539808 0.000895575083209804 0.00115847784132268 0.00244594176409171
4.75 500.1 0.000523950777516048 0.000883824356127307 0.00142092926112417 0.00192266202238413 0.00379877089767435
5 500.1 0.000844295911602422 0.00135552926083297 0.00212522149146092 0.00305796462572946 0.00552835618112946
5.25 500.1 0.00128148905857991 0.0020470245971721 0.00326416256558094 0.00418000413482314 0.00808291915914346
5.5 500 0.00189363007497227 0.00296028841981495 0.00463393131838318 0.00618507399668777 0.0110187636842342
5.75 500 0.00267198799047883 0.00407109222913633 0.00651144839618286 0.0086905024065558 0.0144444183217198
6 500 0.00360182391135465 0.00542514669121497 0.0086137382138565 0.0117965008894259 0.018520688512364
6.25 500 0.0048038680705861 0.00713832902945311 0.0113949512220353 0.0157330883759416 0.0236325833486297
6.5 500 0.00614184325698899 0.00929956384089077 0.01491029370272 0.0199647466278222 0.0300661410211077
6.75 500 0.00785120924060848 0.0119482542356889 0.0192236537515416 0.025271018592414 0.0370762014373283
7 500 0.00995051005472161 0.0152892658091017 0.0246671106209356 0.0319799561480767 0.0465976210286205
7.25 500 0.0126271506253959 0.0196906733017209 0.0318411325021727 0.04085422965533 0.0585645370839156
7.5 500 0.0159829 0.0252934 0.0409697 0.0521838313418649 0.0752717646683149
7.75 500 0.0200027 0.0321233 0.0521137 0.0661224757710032 0.0939401792828787
3 700.1 7.60748036478035e-07 1.4732182362869e-06 2.69234225609962e-06 4.65529577589022e-06 2.03040424670768e-05
3.25 700.1 1.78995394097994e-06 3.34697841031818e-06 5.80443944855839e-06 9.10007565121815e-06 3.89579242454516e-05
3.5 700.1 4.06347823382981e-06 7.1355691427898e-06 1.29174359210442e-05 1.92380028814492e-05 7.05633860186605e-05
3.75 700.1 8.86261159340863e-06 1.52253260671899e-05 2.79673096960882e-05 3.65588300866519e-05 0.000123424724382831
4 700.1 1.91884239503069e-05 3.32345154260354e-05 5.90120730641885e-05 6.98252460889443e-05 0.000212863598677197
4.25 700.1 3.95536878793661e-05 6.76100803233643e-05 0.000110863740059647 0.000140504655444501 0.0003673271791861
4.5 700.1 7.72956606091332e-05 0.000129376448049995 0.000224882712368453 0.000277817295096564 0.000637006507199333
4.75 700.1 0.000142489645456376 0.000240632879468557 0.000384662909748224 0.000513567826780049 0.00105502244465305
5 700.1 0.000241738242767362 0.000393615155866094 0.000659388950529976 0.000806809417133684 0.00159783132703194
5.25 700 0.000400946722537026 0.000630955276826018 0.00101565702863113 0.00130226173296079 0.00240024449295731
5.5 700 0.00060994882611434 0.000960042217017513 0.00155800746606247 0.00201473723480014 0.00337484564708957
5.75 700 0.000909230974857234 0.00138050542110407 0.00225487296096677 0.00296672513406978 0.00458861436048378
6 700 0.00128650448334639 0.00191199944190515 0.00314009056726805 0.0041187551021541 0.00606815820354073
6.25 700 0.0016955758510048 0.00260145955727143 0.00429121372956542 0.00566511969978802 0.00794324427276642
6.5 700 0.00231200165268437 0.00349045301830144 0.00577765964359474 0.00747951995831411 0.0103218819244077
6.75 700 0.003081790240779 0.00460225413293678 0.00763963516192673 0.0097340917560775 0.0132549544367919
7 700 0.00398578023772316 0.00602717935498215 0.0100283587108171 0.0126156332379333 0.0168783268241975
7.25 700 0.00530388616884392 0.00792763492691285 0.0132147174226175 0.0161355033984746 0.021941918653555
7.5 700 0.0069528483463606 0.0103849 0.0173369 0.0214286444747664 0.0281467922675816
7.75 700 0.00886586 0.0134381 0.0224615 0.0274125668865523 0.0359733146764244
3 999.9 8.50361776405972e-08 1.67741837013597e-07 2.98217227638694e-07 3.88821556745223e-07 2.16880352636389e-06
3.25 999.9 2.14696519985547e-07 4.07410633919114e-07 7.46743967670268e-07 9.45052233784742e-07 4.53366103687993e-06
3.5 999.9 5.2699959654062e-07 9.64355913095818e-07 1.81017027325279e-06 2.21991000520734e-06 9.1384151090978e-06
3.75 999.9 1.25643387554202e-06 2.23817867356175e-06 4.25591974929023e-06 5.04453602683059e-06 1.79921300242149e-05
4 999.9 2.92262894653084e-06 5.08053634100445e-06 9.74906131045145e-06 1.09917284055742e-05 3.49169533852179e-05
4.25 999.9 6.68339055257653e-06 1.15065801032378e-05 2.08582630603954e-05 2.39072896417863e-05 6.77235540707618e-05
4.5 999.9 1.46636870484915e-05 2.51250534121815e-05 4.27632748090782e-05 5.16954742119292e-05 0.000129808495312694
4.75 999.9 3.01017453238296e-05 5.06211996649165e-05 8.41933372757294e-05 0.00010405813439705 0.000233759425086462
5 999.9 5.42541358273478e-05 9.06992404001489e-05 0.000149463046616636 0.000187844775397805 0.00037270816503018
5.25 999.9 9.52412678879537e-05 0.000156500066892837 0.000267467561204613 0.000317792631993762 0.000590159759290598
5.5 999.9 0.000160054301085701 0.000252346508377335 0.000418297187288518 0.000522219690268545 0.000890344214284664
5.75 999.9 0.000246581887149531 0.000384501333893748 0.000640451566373915 0.000795223967123572 0.00127353518797024
6 999.9 0.000373428631273845 0.000561102985201383 0.000938496478774256 0.00117676436676187 0.00175911290159589
6.25 999.9 0.000528983667951479 0.000799928238469318 0.00134262540270946 0.00171890519289665 0.0023917560230298
6.5 999.9 0.000717519015623216 0.00111897249135653 0.00188353949191433 0.00232593519350952 0.0032125581559937
6.75 999.9 0.00100247769771446 0.00153138549510341 0.0025839651851293 0.00309619346291722 0.00425138269826908
7 999.9 0.00135839056160808 0.00207382582115548 0.00350615396034823 0.00409620404014996 0.00558304349041849
7.25 999.9 0.00187341728606453 0.00281167910569859 0.00476139669547498 0.00544618404029772 0.00735961354055795
7.5 999.9 0.00256133 0.0037866 0.00642118 0.0072723 0.00970111536313209
7.75 999.9 0.00344534 0.00502764 0.0085359 0.0098657 0.0126949078274905
