Var1 Var2 Var3 Var4 Var5 Var6 Var7
3 9.3 0.00131238 0.00146865 0.00204313652559442 0.00231763 0.00265854
3.25 9.3 0.002662240354667 0.00294806 0.00411781 0.00461338 0.00519029
3.5 9.3 0.00539603 0.00596048 0.00835228 0.00923783 0.0102144
3.75 9.3 0.010942260635472 0.0120375 0.0168633 0.0184505 0.0201025
4 9.3 0.0208904584833723 0.0244074 0.0340416 0.0369337 0.0397798
4.25 9.3 0.0383096909278694 0.0490067 0.0677253 0.0732773452453979 0.0795713322702568
4.5 9.3 0.067291256641879 0.0964169 0.131198 0.147059495882461 0.158792648638506
4.75 9.3 0.112653343976387 0.183053 0.243624 0.273105 0.307498167249399
5 9.1 0.178525903327022 0.326602 0.432593 0.483651 0.573239034495989
5.25 7.2 0.268307344672459 0.544121 0.849254368312589 0.950893 1.17795981317495
5.5 5.6 0.36910704270115 0.80516 1.41101 1.57533 2.0396561668243
5.75 4.2 0.499772655087565 1.15186 1.90035 2.12028 2.83489665088688
6 2.9 0.630768246820748 1.51491 2.1699 2.41279 3.30605613341237
6.25 1.9 0.763066119674941 1.88999 2.42329 2.59629 3.57009524761411
6.5 1.1 0.9135 2.30781 2.60939 3.21089 3.9045992044064
6.75 0.6 1.03235 2.79047584465727 2.96018 3.93989 4.457714004768
7 0.2 1.20643379199989 3.22804 3.42065 4.73518352843551 5.32402
7.25 0 1.36356 3.65098 3.8652142644194 5.45194 6.09726
7.5 0 1.45372 3.93039 4.16412 5.89072 6.58651
7.75 0 1.49409 4.08339 4.3257 6.13833 6.867
3 9.5 0.0013069 0.00146236 0.00200862690754146 0.00227857 0.00261314
3.25 9.5 0.00265252992771979 0.00293664 0.0040508 0.00453877 0.00510543
3.5 9.5 0.00537802 0.00594088 0.00822159 0.00909424 0.0100543
3.75 9.5 0.0108985790034564 0.0119892 0.0165907 0.0181547 0.0197785
4 9.5 0.0207935125862932 0.0242917 0.0334757 0.0363253 0.0391228
4.25 9.5 0.0380832922867834 0.0487126 0.0665405 0.0720282577876133 0.0781885919602521
4.5 9.5 0.0668193272814621 0.0957332 0.128824 0.144387869172777 0.155941038294561
4.75 9.5 0.112017458657163 0.181754 0.239381 0.268318 0.300887728511979
5 9.3 0.177581167996825 0.324412 0.425201 0.475333 0.563536005820716
5.25 7.5 0.270302029742186 0.545541 0.837424 0.935345 1.15894997253772
5.5 5.9 0.375543948435077 0.818045 1.39588 1.55819 2.01186735443625
5.75 4.6 0.516911996724499 1.19119 1.91511 2.10646006698644 2.84864562851021
6 3.6 0.662898348585302 1.59849 2.2578 2.50094 3.42785014880685
6.25 2.8 0.822875733947717 2.03765 2.58927 2.79903 3.8182381504163
6.5 2.3 0.989471 2.50826 2.82608 3.48969 4.22949742409625
6.75 2.1 1.10546 2.98511844742553 3.16758 4.21785 4.76776
7 2 1.26286 3.35943 3.55992 4.92879778742619 5.5419
7.25 2 1.38467 3.70709 3.92465900338902 5.53519 6.19037
7.5 2 1.45642 3.93743 4.1715 5.90083 6.59778
7.75 2 1.49082 4.07426 4.31603 6.12339 6.85119
3 10.5 0.00127048 0.00142092 0.00184587686442179 0.00209484 0.0023999
3.25 10.5 0.00257301925615661 0.00284757 0.00371745774313656 0.00416668 0.00468284
3.5 10.5 0.00519861 0.00574419 0.00752907 0.0083328 0.0092065
3.75 10.5 0.0105162884009526 0.0115671 0.0151741 0.0166158 0.0180941
4 10.5 0.0199969475819293 0.0233868 0.0305881 0.0332175 0.0356165436615433
4.25 10.5 0.0366799140401312 0.0468946 0.0608771 0.065893341933015 0.0715796360010656
4.5 10.5 0.0644078317527542 0.0922396 0.118243 0.132475357829611 0.143237984855407
4.75 10.5 0.107672585793841 0.174643 0.219785 0.24621 0.277414729088961
5 10.3 0.170260297567752 0.311355 0.389917 0.435634 0.517161932495575
5.25 8.8 0.26444427510427 0.533465 0.756922 0.844885 1.05216394345745
5.5 7.5 0.379884937625018 0.828211 1.27035 1.41704 1.83844229569048
5.75 6.5 0.537595459954549 1.238 1.79726 1.97639260517174 2.68440413712138
6 5.8 0.704568515444459 1.68190152120542 2.28234 2.47409 3.36369470797294
6.25 5.4 0.868510829376902 2.15145 2.63129 2.95486 3.88140275203135
6.5 5.1 1.02042 2.60691 2.89106 3.62615 4.33059553175558
6.75 5 1.12278 3.01765 3.19818 4.27872 4.81549
7 5 1.24843 3.32062 3.51878 4.9015 5.48327
7.25 5 1.34667 3.60609 3.82083 5.38194 6.01871
7.5 5 1.4138 3.82105 4.04819 5.72409 6.40011
7.75 5 1.45114 3.96492 4.20021 5.95784 6.66505
3 13.6 0.00111144 0.00124122 0.00145859 0.00163489 0.00186777
3.25 13.6 0.0022264506930244 0.00246045 0.00287041 0.00322139 0.00361235
3.5 13.6 0.00443633 0.00490622 0.00575454 0.00638013 0.00703718
3.75 13.6 0.00896181882147489 0.00985335 0.0115892 0.0127161 0.0138325
4 13.6 0.017044542107288 0.0198661 0.0233489 0.0254205 0.027356
4.25 13.6 0.0312701131316295 0.0399165 0.0467301 0.050640499231701 0.0550429499631951
4.5 13.6 0.0546825811343124 0.0786818 0.0913879 0.102400173106746 0.110904825213537
4.75 13.6 0.0914108673263393 0.148021 0.171695 0.189201083251109 0.214992314240954
5 13.5 0.144337832038586 0.26319 0.306489 0.338167 0.397183286230318
5.25 12.3 0.226315335173166 0.455825 0.565073 0.626703095669364 0.779518170796189
5.5 11.4 0.327454228647046 0.715854 0.923205 1.01914927761357 1.32658726266993
5.75 10.8 0.463484496972718 1.06502 1.37504 1.46344 1.94430156756116
6 10.4 0.60419578584925 1.43697581604087 1.75576 1.9514 2.55493991371725
6.25 10.2 0.75004785705384 1.85019 2.10124 2.53979 3.10902698610906
6.5 10.1 0.854914 2.25282 2.41301 3.13167 3.62447570913718
6.75 10 0.96589034157502 2.58308 2.72252693093278 3.70388 4.14451
7 10 1.08465 2.88393 3.05598 4.24266877022317 4.77409
7.25 10 1.1912393194406 3.18469824878223 3.37577 4.74725 5.30889
7.5 10 1.27383 3.43924 3.64324 5.14495 5.7524
7.75 10 1.32876 3.62771 3.84293 5.44875 6.09092
3 22.1 0.000712089 0.000792218 0.00083671 0.000916963999999999 0.00102718
3.25 22.1 0.00141648475674443 0.00155944 0.00163372 0.00179749 0.00199585
3.5 22.1 0.00279409 0.00308612 0.00327936 0.0035412 0.00389246
3.75 22.1 0.00549188 0.00616564473861209 0.00656792 0.00705456 0.00765611
4 22.1 0.0103731 0.0122428508282468 0.0132584098676738 0.0140979 0.0151517
4.25 22.1 0.0188105 0.0246231 0.0263689 0.0278272 0.0302257705403143
4.5 22.1 0.0326925 0.0480524 0.0520834 0.0558364497555242 0.0606577078929582
4.75 22.1 0.0545149 0.0911695 0.0984984 0.105884 0.119456447183491
5 22 0.0868125 0.163703 0.176328 0.191410498116643 0.224747126068732
5.25 21.3 0.141187 0.285956 0.316577 0.3499 0.423189569357987
5.5 20.8 0.207433130029403 0.45294 0.508324 0.573697972042518 0.701263694613492
5.75 20.4 0.282167 0.654795 0.719962 0.862598 1.02480999717178
6 20.2 0.353292 0.873541 0.937279 1.17765 1.37729324872609
6.25 20.1 0.437081 1.11289326315781 1.1834 1.52534113678727 1.75538234728696
6.5 20 0.531251 1.364 1.44573 1.93448 2.16517
6.75 20 0.627022 1.63604 1.73337983739433 2.38344 2.66674
7 20 0.73503 1.93696 2.05244 2.85456 3.19264
7.25 20 0.847147 2.25282 2.38580577871671 3.33877 3.73333
7.5 20 0.948628 2.55241 2.70393 3.80006 4.24827
7.75 20 1.03544 2.81913 2.98626 4.21347 4.70947
3 31.4 0.000461274 0.00049271 0.000530396 0.000565951 0.000621817
3.25 31.4 0.000916972805230335 0.000980208 0.00104375 0.00111224 0.00120876
3.5 31.4 0.00179457 0.00195433 0.00207185 0.00219615 0.00236949
3.75 31.4 0.00349556 0.00388556 0.00413632 0.0043545 0.00470161
4 31.4 0.00655276 0.00780588997910275 0.0083101 0.00868908 0.00929874999999999
4.25 31.4 0.0118856 0.015542909326564 0.0165784765915542 0.0173050207014875 0.018625
4.5 31.4 0.0207314 0.0303375010514212 0.0324300207326589 0.0344591 0.037257589029702
4.75 31.4 0.0347092 0.0573067075970166 0.0612146 0.0660686 0.0739079
5 31.3 0.0553968 0.10298730305814 0.109676 0.121672 0.139175
5.25 30.9 0.0879234 0.18103524480296 0.193645 0.223901 0.259075485745117
5.5 30.5 0.129834 0.289418212139793 0.307927 0.371426 0.431165517414506
5.75 30.3 0.177052 0.416310708578491 0.44306 0.551907 0.634611702079036
6 30.1 0.227677 0.551608882705851 0.585675 0.754775 0.852827443963834
6.25 30.1 0.282747 0.706119 0.748536 0.992936 1.11261
6.5 30 0.344874 0.878763376953339 0.934388 1.26875 1.41989
6.75 30 0.42096043806909 1.08848 1.15341 1.5814 1.76893
7 30 0.50868 1.32909 1.40819 1.94476 2.17473
7.25 30 0.604409 1.59826 1.69318 2.35273 2.6303
7.5 30 0.695923518921615 1.87988 1.99279 2.78136 3.10887
7.75 30 0.796302 2.16018 2.28807 3.21009 3.58775
3 41.1 0.000324596486018301 0.000339346392737125 0.000367857 0.000392179 0.000429120733264048
3.25 41.1 0.000641312834343995 0.000673318 0.000727783 0.000769181 0.000835261319973264
3.5 41.1 0.00125083 0.00134118 0.00144058233535946 0.00151547 0.00163568820656664
3.75 41.1 0.00240692 0.00267764 0.00288713 0.00299777 0.00321329246819809
4 41.1 0.00449755 0.00535134 0.00573636 0.00594796 0.00637286466888544
4.25 41.1 0.00814044 0.010622 0.0113478877490194 0.0119001 0.012772
4.5 41.1 0.0141707 0.0207339 0.0220967 0.0234679 0.0257117
4.75 41.1 0.0236385 0.0391783 0.041682 0.044857 0.0506727
5 41 0.0376778 0.0702809 0.0746862 0.0843061 0.0953513
5.25 40.6 0.0604307 0.124212568685508 0.132042 0.153293917177915 0.17685
5.5 40.4 0.0898812 0.198485168650391 0.211458 0.25494565864139 0.294899
5.75 40.2 0.122668 0.286736652322471 0.304317 0.381482790993607 0.437604
6 40.1 0.158036 0.384045 0.407201 0.533023 0.598458
6.25 40 0.198972 0.494703 0.524381 0.69911 0.783952
6.5 40 0.247149 0.624242 0.661547 0.892261 1.00075
6.75 40 0.304574 0.779924 0.826389 1.12458 1.26209
7 40 0.371701 0.964512 1.02181 1.40078 1.57364
7.25 40 0.448681 1.1801 1.25009 1.72446 1.94003
7.5 40 0.532732 1.42117 1.50532 2.08849 2.35392
7.75 40 0.621129 1.6801 1.77944 2.48136 2.80333
3 50.9 0.000244556309740257 0.00025774700950602 0.000277469952797653 0.000296361883919741 0.000321509420996151
3.25 50.9 0.000485267585798822 0.000507309601376408 0.00054913608079097 0.000579971297419822 0.000627017584121455
3.5 50.9 0.000958953175121467 0.00100733935397128 0.00108705561351936 0.00114170092978145 0.00123118220477999
3.75 50.9 0.00184224405201885 0.0020064964094852 0.00215118396276282 0.00225767968951978 0.00241101894283644
4 50.9 0.00343259824124913 0.00399916184617804 0.00427383365032568 0.004504203639872 0.00480122749586761
4.25 50.9 0.00620230609094885 0.00793419376994999 0.00847159486015321 0.00898754563077125 0.0096039359172676
4.5 50.9 0.0107969299178588 0.0154945497603243 0.0165027075122925 0.0175335939768281 0.0193453547077538
4.75 50.9 0.0180177379612025 0.0292895458305322 0.0311466913272721 0.0340890070656115 0.0381490130789314
5 50.8 0.0287187614364319 0.0525226887059712 0.0557911151609974 0.0627549 0.0718349149964438
5.25 50.5 0.0457004829808767 0.0922313636385957 0.0978833597583174 0.115749 0.132152414322467
5.5 50.3 0.0678868134558982 0.147394686611516 0.156327651468089 0.192796 0.219746584492085
5.75 50.2 0.0933716885276215 0.213626794977798 0.226385450248188 0.289285 0.328131413255897
6 50.1 0.121599547116908 0.288848785795454 0.305751340608982 0.399317082506735 0.453005052341081
6.25 50 0.153613107368269 0.375192583284101 0.3973784054794 0.527035672287281 0.598030916837138
6.5 50 0.192572236349013 0.479650366610068 0.508203134900325 0.680678 0.767461
6.75 50 0.238819215566666 0.611200005426903 0.647642060004763 0.871264073802218 0.979387225491394
7 50 0.297647042028412 0.776716341239465 0.822673590116457 1.0996945792486 1.25350138259995
7.25 50 0.368265503144028 0.971169058109283 1.0326378380934 1.37529677122583 1.59631642003125
7.5 50 0.452532232322163 1.18886 1.2902686670482 1.69468 1.98857204424604
7.75 50 0.550452 1.4313 1.59717105303777 2.05302 2.4710263042025
3 70.6 0.0001569 0.00018304 0.000228489282347653 0.0002475514163126 0.000269412187481021
3.25 70.6 0.000311707 0.000359482891763278 0.00045132268092117 0.000486996142932572 0.000528218381682708
3.5 70.6 0.000619231178124789 0.000708460327699005 0.000899102253660881 0.000973827993430869 0.00104874282602046
3.75 70.6 0.00121934 0.00139729748214186 0.00176416643759574 0.0019170284177606 0.00208497922804873
4 70.6 0.00242496 0.00277528 0.00350444231816484 0.00378163289372733 0.00418019775649497
4.25 70.6 0.00481286 0.00541268324015843 0.00696680017361957 0.00760134908462196 0.00828446076491997
4.5 70.6 0.00900966828847389 0.0101307 0.0135943340664991 0.0151073285844036 0.0161922381307594
4.75 70.6 0.015079736150191 0.0191273 0.0256978370475838 0.0285582962995661 0.0319544179747103
5 70.6 0.0240894081482503 0.0343468 0.0462861367729784 0.0512415388106954 0.060310427212857
5.25 70.4 0.0385205755792103 0.060696 0.0818284404122322 0.0902182022781384 0.111519339710895
5.5 70.2 0.0574653069114558 0.0975931 0.131858 0.144803967394103 0.186459502750027
5.75 70.1 0.0790881458225203 0.141568 0.197275 0.210008583650926 0.278999990376468
6 70.1 0.103151082761068 0.191438 0.268335907169118 0.284573055015897 0.386225914997401
6.25 70 0.131374730779924 0.250023 0.351410160861811 0.37254083690635 0.513734122899473
6.5 70 0.165535746792172 0.320768 0.452809982222455 0.479891310891156 0.669500865557517
6.75 70 0.207678809575042 0.407784 0.579253280060973 0.613658599108013 0.86397612700154
7 70 0.260472454186221 0.515967 0.739151899213403 0.782820563717149 1.11050103538069
7.25 70 0.32564048503288 0.649593 0.940806913261489 0.996233095967193 1.42226369355156
7.5 70 0.404513 0.809252 1.18804 1.25715954647393 1.80278184111716
7.75 70 0.498412 0.99651 1.48675 1.57245812089207 2.26751289368012
3 100.4 9.99697506020056e-05 0.000118845684943182 0.000190615865418489 0.000208335645778481 0.000231354138023144
3.25 100.4 0.000197641132637206 0.000233874161412073 0.000376228231721901 0.000411476764240751 0.000451744575233218
3.5 100.4 0.000385627971660035 0.000462353188191193 0.000744817806641535 0.000813548173422546 0.000891489491380155
3.75 100.4 0.000763250872871289 0.000913125884135967 0.00147375052632631 0.00160564362946793 0.0017646883696374
4 100.4 0.00148114716458559 0.0018046497414951 0.00292365827593686 0.00317854118527046 0.00352429975818667
4.25 100.4 0.00289688761250484 0.00358692092263144 0.00579365268787568 0.00628684739717491 0.00710849928110267
4.5 100.4 0.00565042632048848 0.00705624510684347 0.0113007813434235 0.0126713715288408 0.0138245249433561
4.75 100.4 0.0107122476735799 0.013259013479066 0.0214241688445677 0.0240977526082819 0.0271610912583873
5 100.4 0.0193262038423687 0.0235620156305444 0.0386693584440199 0.0434512678144931 0.0515376111743682
5.25 100.3 0.0322615706942017 0.0415095584801823 0.0684038924423107 0.0767343221158946 0.095569911431338
5.5 100.2 0.0483607760829952 0.0668520417061872 0.110302246257201 0.123589225990592 0.160388386636297
5.75 100.1 0.0668356531946227 0.09722737724637 0.16068068872593 0.179927331245006 0.241035153002911
6 100 0.0875835974579093 0.132130083853503 0.218558692978308 0.244640329557418 0.335288735483658
6.25 100 0.112288003613785 0.174007990093716 0.288049142314991 0.322295574072606 0.448963112354929
6.5 100 0.142351078286595 0.225365109459918 0.373396638703176 0.417514123239725 0.588666108753654
6.75 100 0.179618265173151 0.289679155622452 0.480246524404537 0.536711213657908 0.764039076245811
7 100 0.226225936854071 0.371136614556355 0.615497327314762 0.687583526883306 0.986991599177695
7.25 100 0.284171188272401 0.473892273261095 0.785947345369091 0.877741807385351 1.26954872177255
7.5 100 0.354632 0.600667 0.99603 1.11214 1.62138
7.75 100 0.439458 0.755353 1.25205 1.3978 2.0431176872003
3 130.3 7.51951684577873e-05 8.99900679500609e-05 0.000143980447145256 0.000158197461564443 0.000177169817788481
3.25 130.3 0.000148851000009088 0.000176910275728835 0.000284347901853789 0.000311951851558245 0.000346221292802963
3.5 130.3 0.000291314593006591 0.000349174337668786 0.000561739074046578 0.000619059332408915 0.000679591798982408
3.75 130.3 0.000575926399929304 0.000689520177181623 0.0011127975105692 0.00123535128526452 0.00133653069456511
4 130.3 0.00113460186926451 0.00136322479156114 0.0022059237721307 0.00245962021634959 0.0026541134125005
4.25 130.3 0.0021853348119376 0.00271933122663762 0.00436465466884066 0.00486235743336693 0.00535414624602614
4.5 130.3 0.00425829959377445 0.00539352222534858 0.00851630587425986 0.00955335690990978 0.0106758742151455
4.75 130.3 0.0080940461819079 0.0100257193126767 0.0161876825903011 0.0182192354119385 0.0210205258457192
5 130.3 0.014656395767925 0.0179590795882323 0.0293351592654779 0.0329759001956592 0.0400276452035944
5.25 130.2 0.0245621283948021 0.0311218532404387 0.0519506461129648 0.0583284753552554 0.0743314500587154
5.5 130.1 0.0369450086952105 0.050329991573678 0.0839769000122539 0.0941893923157993 0.125047190099065
5.75 130.1 0.0513753540270579 0.0737182087622705 0.123105489166324 0.137921311355277 0.188959754870794
6 130 0.0677935422903179 0.100898043508108 0.168642283125643 0.188743250678287 0.264473422444595
6.25 130 0.0874675510069253 0.133712615869565 0.223648702668788 0.250109036227829 0.356093179813064
6.5 130 0.111581448539674 0.174221181628955 0.29158931239367 0.325876304013085 0.469438704339699
6.75 130 0.141809169275263 0.225450619972451 0.377548337994971 0.421727807592789 0.613182950563774
7 130 0.179826236815615 0.290686707323665 0.487052778083074 0.543814150540363 0.796976660372049
7.25 130 0.227162745734198 0.373296678873154 0.625729070831984 0.69846970699236 1.03039248127061
7.5 130 0.28516 0.475131089570868 0.797006 0.88946 1.31256053985675
7.75 130 0.355994 0.601709801935762 1.00946 1.12639 1.67320828905115
3 200.2 4.18405272292398e-05 5.21332443182858e-05 8.30550816677106e-05 9.14496116153978e-05 0.000107499988677398
3.25 200.2 8.24181168184327e-05 0.000102581741418548 0.000163021369996505 0.000177736387526622 0.000209490763742452
3.5 200.2 0.000162655556746775 0.000202936046529115 0.000321163418349741 0.000351618720515826 0.000409278556815834
3.75 200.2 0.000323348885284904 0.000403872089031609 0.00063755557688667 0.000704597123312153 0.000807915426768745
4 200.2 0.000634478567502362 0.000797026776481358 0.0012661531779186 0.00142007253462805 0.00159493275853613
4.25 200.2 0.00124927905895808 0.00156402935666677 0.00249634998581885 0.0028077764573818 0.00314070411359473
4.5 200.2 0.00242828600520146 0.00306050310844727 0.00485503085700245 0.00546174981577559 0.00619649523882675
4.75 200.2 0.00461048237589939 0.00573573878408047 0.00922206561358229 0.0103779383447335 0.0121378821813102
5 200.2 0.00831524030595716 0.0102724226703825 0.0167589555019757 0.0193632295022698 0.0227052505271885
5.25 200.1 0.0140650067244672 0.0182192784517903 0.0297922668346278 0.0346934010833437 0.0422694820584859
5.5 200.1 0.0214757713372692 0.0294449003926378 0.0484613061782468 0.0564508352272685 0.0715216832485755
5.75 200 0.0303596193100634 0.0436710151438364 0.0720442619903539 0.083893039603582 0.109495320855872
6 200 0.0407452989102012 0.0606770872735413 0.100162092406721 0.11650898898884 0.155351420010235
6.25 200 0.0531557488580412 0.0811341788041933 0.133983945834794 0.15572852804549 0.210719529328643
6.5 200 0.0685467075653853 0.106625382136016 0.176137111686077 0.204593305958421 0.279726771997508
6.75 200 0.0879288534524261 0.138991773047596 0.229659431771817 0.266636909955823 0.367427647391626
7 200 0.112516791191055 0.180533922847074 0.298355984419725 0.34628875056514 0.480316555946176
7.25 200 0.143253953664003 0.23324907224752 0.385534609609297 0.447390583720962 0.624260964668091
7.5 200 0.181396 0.29559806660538 0.495487 0.574968 0.798173186253843
7.75 200 0.2291 0.378882700268346 0.634760869219168 0.737033 1.04026765968522
3 300.1 2.08199438372417e-05 2.68516444721512e-05 4.16252039568591e-05 4.57361642917407e-05 5.78691167137276e-05
3.25 300.1 4.1115994198887e-05 5.28571595256561e-05 8.22033854771386e-05 8.89649023522824e-05 0.000113572060607909
3.5 300.1 8.13330981396608e-05 0.000104197789272182 0.000162588882302047 0.000177016481737982 0.000223290397690194
3.75 300.1 0.000160927676896427 0.000205447112540839 0.00032164108185342 0.000353670051026864 0.000439268110152286
4 300.1 0.000317850894583933 0.000409529072526203 0.000634123610176633 0.000709147145160473 0.000862716605452328
4.25 300.1 0.000618311474942946 0.000806961570992488 0.00123918923341181 0.0013939442152981 0.00168573210371334
4.5 300.1 0.00118497837582466 0.00154474121061518 0.00238146636028206 0.00269462089771933 0.00327786146551829
4.75 300.1 0.00225671895832386 0.00286868177540907 0.00455609536341981 0.00512375471736341 0.00618829264526058
5 300.1 0.00389846038244437 0.00511339569992573 0.00834530430703314 0.0093591866201926 0.0115537149280571
5.25 300.1 0.0067107992728935 0.00917677065790333 0.0149868926214683 0.0170684844506189 0.021437606241602
5.5 300.1 0.0109231172281641 0.0150915610693084 0.0246731652645137 0.0292715290015739 0.0362716579301305
5.75 300 0.0157580027445967 0.0226726880751828 0.0371185781270515 0.0453699456999468 0.0561327071985904
6 300 0.0214095596872912 0.0318324272699055 0.052097840275247 0.0651026283479883 0.0804304122282806
6.25 300 0.0282137694382458 0.0429185751606544 0.0702769617407895 0.0875621089971329 0.109931648659545
6.5 300 0.0367315953775657 0.0568253224602181 0.0930676669510704 0.115951957975986 0.146908831471615
6.75 300 0.0477257862595896 0.0748614820850713 0.122629306273904 0.152751566662844 0.194842331651107
7 300 0.061820735085765 0.0981906569839281 0.160893307155373 0.200382403648236 0.256983678604833
7.25 300 0.0793771791499812 0.127667401177634 0.209199922985085 0.260572726224026 0.335790177866072
7.5 300 0.101385 0.163392262174483 0.270605347886817 0.337024826338713 0.436672842339635
7.75 300 0.129633 0.214148 0.35087562539888 0.437215 0.562962130339257
3 500.1 1.77165890532713e-06 2.43534079216644e-06 3.74933120654881e-06 4.10336513869002e-06 6.00858742401857e-06
3.25 500.1 4.88152662031552e-06 6.71161868742435e-06 1.03670215736522e-05 1.11745500565452e-05 1.65583315627241e-05
3.5 500.1 1.31578571430885e-05 1.81589165674217e-05 2.80591816794351e-05 3.03477031616879e-05 4.46576765659938e-05
3.75 500.1 3.45200749726219e-05 4.76768417766509e-05 7.36470375354582e-05 8.04673573321496e-05 0.000116734621619381
4 500.1 8.62107283648027e-05 0.000119067440400366 0.000184189760283104 0.000204882985141111 0.000291162371773622
4.25 500.1 0.000196702250421877 0.000280610494615597 0.000432359422762872 0.000486096136238565 0.00068247103285658
4.5 500.1 0.00041795610489709 0.000597905111956822 0.000925484089888051 0.00103748678882612 0.00147041418945283
4.75 500.1 0.000792843886238349 0.0011024531781089 0.00174529145402383 0.00196479498481058 0.00276338596169765
5 500.1 0.00126593236974144 0.0018117404064239 0.00294125920878336 0.00331286921259245 0.00464669048868955
5.25 500.1 0.00181343449466589 0.00267712883548102 0.00437720720123579 0.0048926832878727 0.00684368631197293
5.5 500 0.00247907882431351 0.00379456164450095 0.00620847491805779 0.00693118463771923 0.00966871148248724
5.75 500 0.00345510923963019 0.00534360321206432 0.00875082197238093 0.00999576322056427 0.0135702874233467
6 500 0.00487314984753643 0.00752038433707841 0.0123228100814082 0.0143887564661662 0.0193913758320994
6.25 500 0.00684021901260115 0.0105261631594865 0.0172586950272177 0.0204582312992188 0.0274110528902356
6.5 500 0.00947545431559308 0.0145404060448918 0.0238564828396689 0.0285770403449304 0.0381090999470105
6.75 500 0.0128196639486668 0.0197455186123798 0.0324124583842576 0.0391380523357443 0.0519050186268929
7 500 0.0170022819767954 0.0264610311706954 0.0434548490030361 0.0528098877890946 0.0696926269460804
7.25 500 0.0224105468443653 0.0352337651109894 0.057883397153964 0.0707420234742438 0.0929554909382415
7.5 500 0.0291831562176877 0.0463473143609049 0.0763314 0.0933316894821951 0.122126177786195
7.75 500 0.0374504 0.0598039864912363 0.0989632 0.121565361906499 0.158431733978309
3 700.1 5.45122961571617e-07 8.3741853636934e-07 1.3072587537405e-06 1.4279140637447e-06 2.41009670622546e-06
3.25 700.1 1.50391454578169e-06 2.3025973495229e-06 3.63068920362167e-06 3.88400644781682e-06 6.65814791068389e-06
3.5 700.1 4.07863425066336e-06 6.30969439125207e-06 9.7663061336758e-06 1.0569780345626e-05 1.80068063293202e-05
3.75 700.1 1.07571443072017e-05 1.61491153380033e-05 2.56806313990424e-05 2.80113984101135e-05 4.72099577873967e-05
4 700.1 2.70357969722297e-05 4.12109504903847e-05 6.44718241229519e-05 7.1388420313908e-05 0.000118113493992434
4.25 700.1 6.4065081653571e-05 9.81612310927128e-05 0.000151714290021652 0.000170034549910548 0.000277634878078571
4.5 700.1 0.000133595821500055 0.000210451164350645 0.000325619103810787 0.000364559501047051 0.000599947757278147
4.75 700.1 0.000248862111990691 0.000392935484069512 0.0006191046821895 0.000705359798797634 0.00113111786651467
5 700.1 0.000416649557500273 0.000641728943918935 0.00104971098759228 0.00122055278542637 0.00190786323085469
5.25 700 0.000596912523412781 0.000952954181899266 0.00155980957909225 0.00189095085442945 0.00281881727848445
5.5 700 0.000855362105258548 0.00135824489355442 0.0022250442437088 0.00278785536436861 0.00399581652362632
5.75 700 0.00119781713647548 0.00192451537888773 0.00315571885708123 0.00404235113552146 0.00562847837727795
6 700 0.00167202693020591 0.00272737337656847 0.00447651497225867 0.00580671402784268 0.00792741243440521
6.25 700 0.00236915430736364 0.00384570087974604 0.00631852782707414 0.00824185105447117 0.0111082367926872
6.5 700 0.00331737752272888 0.00535434473035909 0.00880536178993585 0.0115007817356117 0.0153716519620931
6.75 700 0.00456675954192723 0.00732988198061889 0.0120657683063296 0.0157429759698148 0.0209228644787885
7 700 0.00620451362042291 0.00990637813566465 0.0163199299783609 0.0212518644297704 0.0281276072457241
7.25 700 0.00837545539555917 0.013307665755781 0.0219395587114241 0.0285125702015894 0.0376068755507024
7.5 700 0.0110267521793643 0.0177078 0.0292123 0.0379061 0.0496809336071592
7.75 700 0.0142454680843372 0.0231814 0.0382638 0.0496143 0.064807072277611
3 999.9 1.0907601784186e-07 1.79922278026233e-07 3.21884765900431e-07 3.47633887302291e-07 7.14578877402102e-07
3.25 999.9 3.01224888565029e-07 4.98610337594763e-07 8.77262942850586e-07 9.6286819439891e-07 1.97730276526011e-06
3.5 999.9 8.1769227081482e-07 1.35422645502147e-06 2.36700316791659e-06 2.61321944169544e-06 5.35851203381012e-06
3.75 999.9 2.16063621562814e-06 3.5712619278052e-06 6.29753433944639e-06 6.88204915703807e-06 1.40837730970468e-05
4 999.9 5.46452685409044e-06 9.00304845404556e-06 1.6110431122432e-05 1.73141687094127e-05 3.53381192627694e-05
4.25 999.9 1.30103901044879e-05 2.13076215919416e-05 3.85903497682676e-05 4.13330450194955e-05 8.33084990143175e-05
4.5 999.9 2.80356740936259e-05 4.61315072765265e-05 7.94909230465732e-05 9.22569732915873e-05 0.000180645288494574
4.75 999.9 5.30641113225911e-05 9.1910353611087e-05 0.000152007496442108 0.000184353766836044 0.00034200405244683
5 999.9 8.75791281328073e-05 0.000152167184627586 0.000270908317866742 0.000322100748032114 0.00057938477710921
5.25 999.9 0.000126046071633487 0.000228392064719595 0.000402437060166453 0.000490886834297422 0.000860202330008008
5.5 999.9 0.000184281049479509 0.000335874822076496 0.000557299002273653 0.000735715075985101 0.00122608387009799
5.75 999.9 0.000269379143337844 0.000472399519236026 0.000801568792728829 0.00107121359845379 0.00173767925932126
6 999.9 0.000395900771750641 0.00069020586503547 0.00115580378884591 0.00155163032712457 0.00246398677857049
6.25 999.9 0.000581182190734739 0.00100653397814887 0.00166128774777227 0.00231792624132628 0.00347777321825372
6.5 999.9 0.000844229819030053 0.00142751048423724 0.00236066567058595 0.00328787604021964 0.00484929021612464
6.75 999.9 0.00120632628150967 0.00199186598621519 0.00330009675772047 0.00457693458476245 0.00665352373200987
7 999.9 0.00169991667896754 0.00274395349493921 0.00455425783921839 0.00645377997838743 0.00901812358124363
7.25 999.9 0.00237240245246229 0.0037565817474878 0.00624531432586208 0.00874802702430579 0.0121247366172343
7.5 999.9 0.00316462100192094 0.00509278 0.0084791 0.0117379959471979 0.0162106276677576
7.75 999.9 0.00413255925423738 0.00679032 0.0113199 0.0161896 0.0213455802083357
