Var1 Var2 Var3 Var4 Var5
3 9.3 0.0290487 0.0473883 0.0748959
3.25 9.3 0.0527142 0.0854529 0.133693
3.5 9.3 0.0945739 0.152218620051126 0.236605
3.75 9.3 0.156789199278036 0.262693638985239 0.405502
4 9.3 0.262058 0.437011 0.68709
4.25 9.3 0.381396 0.700761 1.13704
4.5 9.3 0.547474 1.08645 1.79633
4.75 9.3 0.776423 1.65174 2.72769
5 9.1 1.09263 2.4148 4.03081
5.25 7.2 1.62818 3.51846 6.2364
5.5 5.6 2.00606 4.36542 7.92628
5.75 4.2 2.19242 4.88243 8.89718
6 2.9 2.17168 4.97166 9.02177
6.25 1.9 2.09095 5.61787 8.87119
6.5 1.1 2.12271 5.98862 9.22758999999999
6.75 0.6 2.26048 6.4439 10.0182
7 0.2 2.47075081726733 7.12911 11.1858
7.25 0 2.66847 7.7417399661319 12.2729
7.5 0 2.74796 8.04489 12.8659
7.75 0 2.7349 8.06641 13.027
3 9.5 0.0289014 0.046492 0.0734732
3.25 9.5 0.0524585 0.0838647 0.131202
3.5 9.5 0.0928539 0.149659 0.232276
3.75 9.5 0.160460368246525 0.258075 0.398001
4 9.5 0.257199 0.433922 0.674448
4.25 9.5 0.374277 0.694325 1.11593
4.5 9.5 0.53742 1.07994 1.76345
4.75 9.5 0.763013 1.64225 2.68063
5 9.3 1.07482 2.40316 3.96493
5.25 7.5 1.41674021815394 3.48182 6.1678
5.5 5.9 2.00276 4.35787 7.91104
5.75 4.6 2.23952 5.03404 9.08516
6 3.6 2.29804 5.26271 9.5437
6.25 2.8 2.29657 6.22838 9.74113
6.5 2.3 2.38336 6.722 10.3598
6.75 2.1 2.51405 7.16517 11.1414
7 2 2.68568 7.72817 12.1277
7.25 2 2.82444 8.20058 12.9906
7.5 2 2.86383 8.38361 13.4091
7.75 2 2.83207 8.35245 13.4903
3 10.5 0.0276530651558831 0.0440404 0.066705
3.25 10.5 0.0505341 0.0789821 0.118922
3.5 10.5 0.088724 0.138189 0.210131
3.75 10.5 0.148202420249581 0.241339985244723 0.360099
4 10.5 0.232829 0.408378 0.610995
4.25 10.5 0.339802 0.667779 1.01371
4.5 10.5 0.48998 1.04015 1.60834
4.75 10.5 0.698294 1.58181 2.45351
5 10.3 0.986239 2.31976 3.63756
5.25 8.8 1.46727 3.17912 5.61545
5.5 7.5 1.86435 4.12043 7.35545
5.75 6.5 2.17387 4.89543 8.80515
6 5.8 2.35681 5.76805 9.77322
6.25 5.4 2.45123 6.81986 10.385
6.5 5.1 2.56459 7.15579876703087 11.1426
6.75 5 2.63931369330695 7.58785 11.8093
7 5 2.79061 8.02376 12.6015
7.25 5 2.88702 8.37758 13.2805
7.5 5 2.91596 8.53264 13.6564
7.75 5 2.88191 8.49721 13.73
3 13.6 0.0237427 0.0336229 0.0499545
3.25 13.6 0.0416130654727164 0.0621123 0.0884757
3.5 13.6 0.0739637 0.112649 0.155304
3.75 13.6 0.115964 0.199278510730975 0.267083601754872
4 13.6 0.171697204516501 0.340109 0.453734
4.25 13.6 0.253697 0.560528 0.758299
4.5 13.6 0.369423 0.866868 1.21427
4.75 13.6 0.530957 1.29965 1.86686
5 13.5 0.758223 1.91189 2.78237
5.25 12.3 1.08684 2.68722 4.1546
5.5 11.4 1.36243 3.26565164387027 5.36219
5.75 10.8 1.57739473334966 4.17182 6.54068
6 10.4 1.84599 5.02538312710986 7.62668
6.25 10.2 2.08083 5.75952 8.84249
6.5 10.1 2.25324 6.31874 9.77992
6.75 10 2.41161 6.84292 10.6811
7 10 2.56416 7.35443 11.5804
7.25 10 2.6986 7.81629 12.4205
7.5 10 2.7731 8.10369 12.9981
7.75 10 2.78109 8.19166 13.2649
3 22.1 0.014182 0.0190303 0.0255712
3.25 22.1 0.0246105288081367 0.034855229622042 0.0451756
3.5 22.1 0.0396401 0.0618803 0.0797814
3.75 22.1 0.0605299 0.10679 0.141746950481238
4 22.1 0.0906161 0.18260628764369 0.242748
4.25 22.1 0.13373 0.294352 0.406615
4.5 22.1 0.196088 0.458018 0.654831
4.75 22.1 0.287111 0.698853 1.02412
5 22 0.413584 1.03648 1.54482
5.25 21.3 0.575542 1.47502 2.21476387802861
5.5 20.8 0.711967 1.85864 2.77902703603515
5.75 20.4 0.858868 2.27935 3.49133
6 20.2 1.00638213830066 2.75211 4.24057
6.25 20.1 1.19951 3.28123 5.09254
6.5 20 1.38999 3.85651 6.0296
6.75 20 1.59105 4.4734 7.04882
7 20 1.79918 5.12182 8.13647
7.25 20 2.00162 5.76341 9.23465
7.5 20 2.16653 6.30207 10.1876
7.75 20 2.28372 6.70351 10.9335
3 31.4 0.00860575 0.0113913459407952 0.0145779
3.25 31.4 0.0145672 0.0201567 0.0263652
3.5 31.4 0.0226471 0.0361559 0.047763584425693
3.75 31.4 0.0345892 0.0620962418657158 0.0823631
4 31.4 0.0517577219876346 0.104886183466634 0.141048
4.25 31.4 0.0768909 0.168733 0.237011
4.5 31.4 0.1134 0.263895 0.383518
4.75 31.4 0.166997 0.404663 0.602559
5 31.3 0.240251699848776 0.602539 0.912166
5.25 30.9 0.332345488189417 0.849786 1.26602231702553
5.5 30.5 0.413933 1.07203 1.6536
5.75 30.3 0.504728 1.32741 2.06128
6 30.1 0.612194 1.63386 2.55314
6.25 30.1 0.739236 2.0017 3.14806
6.5 30 0.885057 2.41745089629851 3.84927
6.75 30 1.05086 2.91845586458447 4.6686
7 30 1.23456 3.48567 5.60201
7.25 30 1.42847674973659 4.08499 6.61856
7.5 30 1.6137 4.66703 7.62521
7.75 30 1.776 5.18929 8.55096
3 41.1 0.00559781 0.00748689 0.00950134
3.25 41.1 0.00934981 0.013085 0.0171179
3.5 41.1 0.0145401 0.0231970999507056 0.0311721
3.75 41.1 0.0221621 0.040213303659396 0.0536463
4 41.1 0.0332389 0.0670582 0.0917743
4.25 41.1 0.0493333 0.108005 0.154385
4.5 41.1 0.0729541 0.169293 0.250302
4.75 41.1 0.107635 0.259928 0.393636
5 41 0.156083 0.38744 0.596322
5.25 40.6 0.214766 0.543992 0.846115
5.5 40.4 0.266871 0.687029 1.07681
5.75 40.2 0.328638 0.849697176205243 1.35373
6 40.1 0.402595805149459 1.07066 1.67545288544195
6.25 40 0.495923 1.33171 2.12493
6.5 40 0.604854 1.64141611413934 2.64504
6.75 40 0.731678 2.02137 3.2676
7 40 0.875711 2.45335 3.99486
7.25 40 1.03597 2.9415 4.82681
7.5 40 1.20337 3.46111 5.72682
7.75 40 1.36708 3.97991 6.64155
3 50.9 0.00390510849457322 0.00523686840434375 0.00692649346769733
3.25 50.9 0.0066144344009328 0.00930446837294365 0.0123801
3.5 50.9 0.010280606109633 0.0164128924630717 0.0221947
3.75 50.9 0.015642440040834 0.0281388783368312 0.0382953780753684
4 50.9 0.0234198391205251 0.0471986029393811 0.0654722515108065
4.25 50.9 0.0347670516655848 0.0757921569335253 0.110121859585781
4.5 50.9 0.0514421629451564 0.118941760933134 0.178595735399163
4.75 50.9 0.0759385624715564 0.182722013183984 0.280994376069381
5 50.8 0.109888420729356 0.271734462277513 0.424722890383993
5.25 50.5 0.149759901238776 0.377537606551942 0.596314278177354
5.5 50.3 0.185548929701185 0.475086042504283 0.756101747920332
5.75 50.2 0.229630272543104 0.596510662255799 0.95469849564359
6 50.1 0.28545534173666 0.751995539044626 1.20900806392404
6.25 50 0.355382984684039 0.949580891964046 1.53235837917438
6.5 50 0.442028599215918 1.19849661587292 1.95193094979494
6.75 50 0.548990804248559 1.51100744499905 2.46364311107117
7 50 0.679543089503341 1.89834985554541 3.06438230260252
7.25 50 0.835512452896511 2.36809074347425 3.76942254042654
7.5 50 1.01328 2.90906243102264 4.54414265297822
7.75 50 1.20892 3.50770863127467 5.40791712986556
3 70.6 0.00234451610384104 0.00369655085406367 0.00509863089495469
3.25 70.6 0.00413043569975532 0.00652563791266798 0.00904482058574973
3.5 70.6 0.00721413117009806 0.0115786822450636 0.0158533925668494
3.75 70.6 0.0120628353853217 0.0198297967327029 0.0270470002286391
4 70.6 0.018012360498239 0.0332145543054636 0.0460453984321015
4.25 70.6 0.0266903015964905 0.0539782850829243 0.0773316032521096
4.5 70.6 0.0394014889796176 0.08723014935442 0.125139945750025
4.75 70.6 0.0579945779191863 0.13667449076462 0.195865146384214
5 70.6 0.083828278721053 0.20266656414229 0.29571090432974
5.25 70.4 0.113931605297463 0.280474859434029 0.414725651981223
5.5 70.2 0.141418901555413 0.353117065856822 0.527222557700766
5.75 70.1 0.176383532795609 0.446694749714402 0.670601582192858
6 70.1 0.221808388131506 0.569004190635757 0.858898227740223
6.25 70 0.280250060257029 0.727718968402761 1.10537848917546
6.5 70 0.353940606504686 0.930170572752792 1.4230160502726
6.75 70 0.445272498467749 1.18434 1.82615810958708
7 70 0.557891007126144 1.49402 2.33498054009095
7.25 70 0.693851371573278 1.86701 2.96358278308099
7.5 70 0.852823 2.29949 3.71425
7.75 70 1.01364316048396 2.80195 4.58932
3 100.4 0.00135043233627899 0.00251173406965122 0.00366168441827245
3.25 100.4 0.00237100613005757 0.00449899532338524 0.00646497432425339
3.5 100.4 0.0041843339302683 0.00786216061709929 0.0112772656384003
3.75 100.4 0.00692810061325759 0.0133874119382287 0.0191849025659847
4 100.4 0.0110092984697406 0.0221958636386739 0.0325300076602999
4.25 100.4 0.0166041565931522 0.0355664932704807 0.0544025585745069
4.5 100.4 0.0259123318592013 0.0554272115048712 0.087613709543576
4.75 100.4 0.0395422543969227 0.084473313261583 0.136626447958394
5 100.4 0.0579922662074606 0.125158412417634 0.205069388308865
5.25 100.3 0.0783429964960516 0.17288243407845 0.28592057440096
5.5 100.2 0.0971846067179691 0.217806957994484 0.36320603796927
5.75 100.1 0.122234436910737 0.277999315519966 0.465229695406908
6 100 0.155742039411176 0.35837932773943 0.602331576908418
6.25 100 0.199406972634712 0.464863013086281 0.785295257020315
6.5 100 0.255239783915576 0.603053429540551 1.02436005893728
6.75 100 0.325711451401647 0.7800506161646 1.33275639343926
7 100 0.414510220647472 1.00403696443754 1.7261688396668
7.25 100 0.522008165327308 1.28090687482188 2.21660751370549
7.5 100 0.645654368118847 1.62387 2.81263
7.75 100 0.795089435749706 2.0366 3.52738
3 130.3 0.000870675588605165 0.00156842854782791 0.00244877616717653
3.25 130.3 0.00152897895033955 0.00276913296307058 0.00430988132885706
3.5 130.3 0.00267211081419453 0.0048057687391628 0.00748783950784434
3.75 130.3 0.00442052925917671 0.00818968533998876 0.012701014272172
4 130.3 0.00672442475155651 0.0135029818161157 0.0210261908143942
4.25 130.3 0.0104796982948447 0.0215689519259283 0.0350190870181233
4.5 130.3 0.0162570919520364 0.0334756944268652 0.0561117525543854
4.75 130.3 0.0246539063991003 0.0507210433651321 0.0869694232610553
5 130.3 0.0361836878859402 0.0752997417358403 0.129676773111518
5.25 130.2 0.0485367216403911 0.104139537576251 0.179286581732686
5.5 130.1 0.0604295338732819 0.131970709302586 0.227151915053003
5.75 130.1 0.0762567224121013 0.170400159241488 0.293297667708477
6 130 0.0983470255805627 0.223696925158594 0.385019435523286
6.25 130 0.12750635230319 0.295241172861468 0.508141376835297
6.5 130 0.165462851984593 0.390359647174139 0.671788845239576
6.75 130 0.214180512757031 0.511047355232154 0.880039227032335
7 130 0.275592440268875 0.667803616914408 1.15203498894521
7.25 130 0.351181700914816 0.864419293012515 1.49250008172936
7.5 130 0.44134716374743 1.10522862534979 1.91358731238587
7.75 130 0.551448412523106 1.39878857270273 2.422638952919
3 200.2 0.000336851160393105 0.000624971736561684 0.00108860949403529
3.25 200.2 0.000566168949329043 0.00109846061249133 0.00190232914886129
3.5 200.2 0.000968995773910655 0.00189403335570823 0.00327837280390453
3.75 200.2 0.00161678173526821 0.00319208398992081 0.00553329565055009
4 200.2 0.0025121309576018 0.0052024739526973 0.00908710717721608
4.25 200.2 0.00392807589141726 0.00816250555744965 0.0147441973863391
4.5 200.2 0.00600068058416185 0.0124191151750214 0.0230103560358737
4.75 200.2 0.00870818613636895 0.0188521926182462 0.0347601503044584
5 200.2 0.0123913906880925 0.0277449105201437 0.050557498715022
5.25 200.1 0.017278043325926 0.0371313814634074 0.0683401975542474
5.5 200.1 0.0212174688443962 0.0463351001489512 0.0857665514997875
5.75 200 0.0270350182316915 0.0600486711285554 0.111318804491706
6 200 0.0354395097327865 0.079922980379636 0.148420326261184
6.25 200 0.0476810463839193 0.107873158573696 0.200641995700503
6.5 200 0.0634887918857649 0.146140477707866 0.272176802074735
6.75 200 0.0844827551565513 0.197057880187181 0.352200298453885
7 200 0.111740072313345 0.264236646631403 0.471318823602638
7.25 200 0.145521026034905 0.350555407797333 0.61190150794806
7.5 200 0.186000133760883 0.456168477398291 0.801570285786854
7.75 200 0.23688226817601 0.592925015320481 1.04015926020931
3 300.1 8.97414099870029e-05 0.00018217985126328 0.000383045277447647
3.25 300.1 0.000153552015814136 0.000329112969279628 0.000666524105525368
3.5 300.1 0.000260592312990226 0.000529579473229553 0.00114123893653951
3.75 300.1 0.000434499171480305 0.000913956348584404 0.00190353142189599
4 300.1 0.000707770273436404 0.00150430178959523 0.00305991375846487
4.25 300.1 0.00103658184281999 0.00232143278677142 0.00470105034108503
4.5 300.1 0.00153724918208281 0.00347965380337848 0.0069591000114071
4.75 300.1 0.00224295732696573 0.00501073123420237 0.0100211912218576
5 300.1 0.00317193508530834 0.00696585846551479 0.0139415982611546
5.25 300.1 0.00419385361453305 0.00907481100022945 0.0182016909422637
5.5 300.1 0.00522716045882335 0.0111718536775589 0.0225248498089505
5.75 300 0.0068300756190921 0.0144844457059709 0.0293212497838332
6 300 0.00927465004305098 0.0199470892873991 0.0397363806598411
6.25 300 0.0126287143931943 0.0279454051240657 0.0547346711607277
6.5 300 0.0172848588598269 0.0387968497677696 0.0758037403861285
6.75 300 0.0237266359922381 0.0540422545642783 0.105382912458593
7 300 0.0322664133078237 0.0746542927550072 0.145349221890662
7.25 300 0.0429941126796717 0.101158910866074 0.196715352566958
7.5 300 0.0564052350422143 0.135385 0.261655269118376
7.75 300 0.0741647262041992 0.180282 0.34815009899818
3 500.1 1.13149323915538e-05 2.42002259381178e-05 7.30541255822199e-05
3.25 500.1 2.69778808588087e-05 6.2999387545995e-05 0.000183354715355617
3.5 500.1 6.04639636782363e-05 0.000148986124203347 0.000413240197181267
3.75 500.1 0.00011428169749173 0.000312213113148881 0.000824686605268048
4 500.1 0.000206780384575586 0.000531750187108792 0.00146586563467158
4.25 500.1 0.000330044747306917 0.000965268099943865 0.00237498362825219
4.5 500.1 0.00052226763938463 0.00146402998101282 0.00358530366681626
4.75 500.1 0.00079301686105699 0.00211459419466018 0.00515374964925886
5 500.1 0.00117941965465796 0.00300631250214507 0.00728919140969779
5.25 500.1 0.0017744996560474 0.00441852815855234 0.0106624664053649
5.5 500 0.00274568577980915 0.00681239448002075 0.0161305258396739
5.75 500 0.00396981083014952 0.00987531324011306 0.0228332583149413
6 500 0.00542455458345908 0.0134743725270083 0.0306370246565511
6.25 500 0.00731522075569777 0.018170016715795 0.0399986840933797
6.5 500 0.00974236943325375 0.0239872709325411 0.0514114976531767
6.75 500 0.0128069127836449 0.0316061708780528 0.0651662041596596
7 500 0.0162070201959753 0.040543594053784 0.0823788852037449
7.25 500 0.0203526704066107 0.051726941161182 0.104910915496119
7.5 500 0.0262495246275068 0.0659253 0.133513
7.75 500 0.033533067655236 0.0841171706304962 0.168322
3 700.1 1.70994501167653e-06 4.64067220647281e-06 1.99028694965402e-05
3.25 700.1 4.24494296683038e-06 1.2141215860239e-05 5.01081946674054e-05
3.5 700.1 1.00078023316473e-05 2.89428558191729e-05 0.00011339397530456
3.75 700.1 1.91258484095216e-05 6.1960068236973e-05 0.000227503671656791
4 700.1 3.38055437708738e-05 0.000107698190004913 0.00040715635111628
4.25 700.1 5.94193434259689e-05 0.000192543636839532 0.000665604290769008
4.5 700.1 9.57625930917043e-05 0.000287831550359323 0.00101615935093764
4.75 700.1 0.000154503999791146 0.000452611094716128 0.00148087343091923
5 700.1 0.000248786932158031 0.000673608083309925 0.00212810989267864
5.25 700 0.000419212955319709 0.00116148661931496 0.00316888212683878
5.5 700 0.000727286046061522 0.00179479914573883 0.00488507743452363
5.75 700 0.0011716471988738 0.00294255781308292 0.00704767172568457
6 700 0.00174601339697798 0.00398883918247413 0.00963299514181716
6.25 700 0.00242107117770832 0.00556988441735498 0.0127983900855545
6.5 700 0.00325411120583043 0.00764105342545324 0.0167482527867791
6.75 700 0.00434434984606504 0.0104961398847291 0.0215116035184872
7 700 0.00565075912028762 0.0137867408361649 0.0275738119717372
7.25 700 0.00756262392089919 0.018021038679262 0.0356413373248143
7.5 700 0.00950217003975815 0.0234138199038686 0.045862
7.75 700 0.0123447266648157 0.0303119 0.0585636
3 999.9 1.45648162995687e-07 4.85252409466953e-07 3.32138090944663e-06
3.25 999.9 3.80631891900969e-07 1.28638504668635e-06 8.40544460184679e-06
3.5 999.9 9.14054692020122e-07 3.13497680676054e-06 1.91668673343263e-05
3.75 999.9 2.09368898162118e-06 6.95198988328509e-06 3.88825928216088e-05
4 999.9 4.32514025269439e-06 1.25655872337272e-05 7.06942508559501e-05
4.25 999.9 8.10514766022677e-06 2.54280087714974e-05 0.000118148816188385
4.5 999.9 1.48396456880551e-05 4.52759548597763e-05 0.000185813682033339
4.75 999.9 2.62006455920959e-05 7.74559202012622e-05 0.000281187005738713
5 999.9 4.6405496679811e-05 0.000129935425920968 0.000422520533559862
5.25 999.9 8.31623488105582e-05 0.00022450502164343 0.000660805116031989
5.5 999.9 0.000157528776393066 0.000408688334959029 0.00107179985343249
5.75 999.9 0.000278052394355808 0.000681350284878483 0.00162505274120062
6 999.9 0.000458147327753071 0.00105613939686199 0.00232713478324159
6.25 999.9 0.000699832117156278 0.00156879623346247 0.00322570816710275
6.5 999.9 0.00097244867370766 0.00225392648717263 0.00437581647723188
6.75 999.9 0.00138375003878313 0.00314397786898747 0.00582110190058303
7 999.9 0.00187861394085856 0.00431722455490246 0.00768425528174348
7.25 999.9 0.00255519580203673 0.00590981051679793 0.0101781915495974
7.5 999.9 0.00335123387572787 0.00801806 0.0134334
7.75 999.9 0.00438923386623184 0.0107092 0.0175304
