Var1 Var2 Var3 Var4 Var5
3 13.8 0.0232634689489654 0.0920043403464642 0.437879
3.25 13.7 0.03778481655032 0.13422 0.601981
3.5 13.6 0.0581386 0.188993 0.820987
3.75 13.6 0.0855338520853385 0.275713 1.11273
4 13.4 0.120405417835395 0.399626 1.50216
4.25 13.3 0.169099646338268 0.577347 2.02568
4.5 13.1 0.235144128964701 0.830785 2.72307
4.75 12.9 0.329570252887369 1.18869 3.63644
5 12.6 0.43826258606035 1.62396 4.76534
5.25 12.2 0.504217 2.01178 6.64641
5.5 11.8 0.541817 2.21661 8.12233
5.75 10.3 0.630449 2.6448 8.8233
6 8.8 0.722326101420902 2.99138 8.64049
6.25 7.4 0.821920826681189 2.97505405093911 8.20517
6.5 5.9 0.931652322311612 2.97636 8.0844
6.75 4.4 1.06683800306453 3.17407 8.62057
7 2.9 1.18234 3.54177 9.80257
7.25 1.5 1.25472 3.8464184487828 10.688
7.5 0 1.27402 3.96675 11.0057
7.75 0 1.25146 3.94727 10.9149
3 13.9 0.0231163699349428 0.0914264719665662 0.428065
3.25 13.9 0.0368165282783313 0.133104 0.588317
3.5 13.8 0.0577139 0.187561 0.802255
3.75 13.7 0.0849178982837384 0.273646 1.08758
4 13.6 0.119524042683653 0.39657 1.46852
4.25 13.4 0.167902130962199 0.573076 1.98185
4.5 13.3 0.235109634442567 0.824927 2.66694
4.75 13 0.327545533807529 1.18098 3.56648
5 12.8 0.435971243504765 1.60345 4.67791
5.25 12.4 0.510176 1.99802 6.57405
5.5 11.9 0.558359 2.28446 8.11514
5.75 10.5 0.664414 2.78729 9.02552
6 9.1 0.78512868037613 3.23520084834634 9.17875
6.25 7.6 0.917489538285701 3.25807036815481 9.05892
6.5 6.2 1.05848727099424 3.36624 9.13833
6.75 4.8 1.19639695880552 3.55685 9.66492
7 3.6 1.28998 3.86562 10.6986
7.25 2.5 1.33655 4.09784550320174 11.386
7.5 2 1.33619 4.16065 11.5431
7.75 2 1.30375 4.11328 11.3713
3 14.7 0.0221267414370933 0.0875308566008933 0.381259
3.25 14.6 0.0351630793885488 0.126276 0.523491
3.5 14.5 0.055055 0.178663 0.713978
3.75 14.4 0.080955827401143 0.260506 0.968315
4 14.3 0.113992715957406 0.377662 1.30968
4.25 14.2 0.160222442176019 0.546009 1.77182
4.5 14 0.22453584799041 0.780163 2.39299
4.75 13.8 0.313553661947388 1.0806 3.21942
5 13.5 0.419511983596082 1.45873 4.2454
5.25 13.2 0.506470605337704 1.92111 5.93149
5.5 12.8 0.586608 2.39089 7.51771
5.75 11.4 0.725058 2.90556 8.74054
6 10.1 0.876140964538404 3.39099072516704 9.40436
6.25 8.9 1.02992905339333 3.53283748152893 9.69233
6.5 7.7 1.16659835655329 3.63633 9.8439
6.75 6.7 1.28415810951393 3.80012 10.361
7 5.8 1.34965 4.05238 11.2117
7.25 5.2 1.37658 4.22264746443355 11.7329
7.5 5 1.37139 4.27207 11.8506
7.75 5 1.33645 4.21828 11.6593
3 17 0.0183981932122062 0.0659462 0.271553
3.25 17 0.0297809442193513 0.0959079 0.372322
3.5 16.9 0.045428 0.138763 0.508219
3.75 16.8 0.0667547050661249 0.198928 0.689862
4 16.8 0.0940259999365962 0.283477 0.935928
4.25 16.6 0.132262450720477 0.402129 1.27206
4.5 16.5 0.185720685935301 0.567349 1.73073
4.75 16.3 0.261149182143799 0.797998 2.36205
5 16.1 0.352809159218702 1.08987 3.14844
5.25 15.8 0.43881929939355 1.50302 4.26883
5.5 15.4 0.524581850921357 1.91289 5.35827
5.75 14.4 0.65216673958817 2.30197 6.37248
6 13.3 0.791403297959871 2.63702808895531 7.23966
6.25 12.4 0.934882272243259 2.93466 7.95585
6.5 11.6 1.06918517972353 3.18032 8.5333
6.75 10.9 1.18851 3.47928 9.5502
7 10.4 1.24784 3.77115 10.4118
7.25 10.1 1.29632 3.98030924032994 11.065
7.5 10 1.31436 4.10045 11.3676
7.75 10 1.30045 4.11042 11.3533
3 24.3 0.0107622400562166 0.0327356 0.128276
3.25 24.3 0.017254066353014 0.0469586 0.173873
3.5 24.2 0.0256805 0.0672758 0.235409
3.75 24.2 0.037849044833798 0.09674 0.320741
4 24.1 0.0535678348129535 0.138893 0.438158
4.25 24 0.0755671338452559 0.198751 0.601153
4.5 23.9 0.106744056654154 0.284768 0.832246
4.75 23.8 0.151281789424832 0.407759691025581 1.16303
5 23.6 0.20664349821581 0.56739 1.57533
5.25 23.4 0.261582619057993 0.728996369994036 2.01956
5.5 23.2 0.318603881318237 0.918781 2.50554
5.75 22.5 0.397363214237322 1.13796 3.06298
6 21.9 0.47531503428781 1.38198 3.76522
6.25 21.3 0.587916005200581 1.67222 4.57662
6.5 20.8 0.686811 2.005 5.4642
6.75 20.5 0.778376 2.32821 6.39132
7 20.2 0.871242 2.6427596503894 7.33096
7.25 20.1 0.960141 2.9656264569823 8.223
7.5 20 1.02895 3.22546 8.91787
7.75 20 1.07369 3.40983 9.39038
3 33 0.0063737 0.0176110683635654 0.0761247
3.25 33 0.00986761 0.025273422764334 0.102156
3.5 33 0.0148604 0.0362723664032854 0.137252
3.75 32.9 0.0217326 0.0540100307848608 0.187388
4 32.9 0.0309765 0.0764565983507519 0.25723
4.25 32.8 0.0437023 0.110880930078022 0.352218
4.5 32.7 0.0618266 0.160084692914332 0.487479
4.75 32.6 0.0880683 0.225593833545331 0.684632
5 32.5 0.121495 0.322495 0.934853
5.25 32.4 0.158577388929281 0.423553371541377 1.19393
5.5 32.2 0.196319332971376 0.548222527144313 1.4766
5.75 31.7 0.245161 0.660997671092551 1.85425
6 31.3 0.299304 0.854093059766263 2.3138
6.25 30.9 0.360355 1.04236475703 2.85369
6.5 30.6 0.429357 1.26068961696088 3.48268
6.75 30.3 0.50644 1.51786458927743 4.19922
7 30.1 0.591012 1.80493281766507 4.99314
7.25 30 0.679745 2.11177402305308 5.8294
7.5 30 0.762637 2.40434 6.61402
7.75 30 0.833131 2.6615 7.1275407481417
3 42.3 0.00389442 0.0107984505104901 0.045483
3.25 42.3 0.00609311 0.0155158843434203 0.0620103
3.5 42.3 0.00916799 0.0223745037562536 0.0845647
3.75 42.2 0.0130806 0.0324255589640188 0.116145
4 42.2 0.0186807 0.0467469694366743 0.160462
4.25 42.2 0.0264606 0.0672079995229914 0.221331
4.5 42.1 0.0376427 0.0975059300744128 0.308668
4.75 42 0.0541026 0.141976 0.43604
5 41.9 0.0754191 0.20353884999386 0.599108
5.25 41.8 0.0991011 0.266908230481803 0.771067
5.5 41.7 0.124868 0.346994990377487 0.962455
5.75 41.3 0.155868 0.432426630003662 1.21287
6 41 0.193022 0.553090053073527 1.52324
6.25 40.7 0.237002 0.689494510169262 1.90194
6.5 40.4 0.288658 0.858966595249795 2.35811
6.75 40.2 0.347809 1.04909811818731 2.89114
7 40.1 0.414402 1.27190613530511 3.49989
7.25 40 0.488166 1.52517988432028 4.17937
7.5 40 0.564634 1.79118 4.89008
7.75 40 0.638174 2.05361 5.56216
3 51.9 0.00259376823923888 0.00725528 0.0282092966464712
3.25 51.8 0.00417414219960997 0.0104392 0.0383961109247834
3.5 51.8 0.00599921272853979 0.0150483 0.0522242575629613
3.75 51.8 0.00859822676569708 0.0218512 0.0717436158583075
4 51.8 0.0122987204816478 0.0316861 0.0989908614139472
4.25 51.7 0.0174664130474559 0.0456241 0.13659557664039
4.5 51.7 0.0249577103182795 0.0660797 0.191032785187137
4.75 51.6 0.0361321559545932 0.0969266 0.272563946136296
5 51.6 0.0507576028614972 0.138067 0.379805312707464
5.25 51.5 0.0665087657760879 0.184715 0.498616150116901
5.5 51.4 0.0842340629535412 0.237435644933932 0.633337727071381
5.75 51 0.105956822562657 0.303331 0.802001204677501
6 50.8 0.133051674048306 0.385238 1.0142216127713
6.25 50.5 0.166576371613567 0.486743 1.28345638993694
6.5 50.3 0.207720413508343 0.611038 1.61991950855187
6.75 50.2 0.257836548535645 0.761780000000003 2.03732470265261
7 50.1 0.318662446904998 0.943261000000003 2.54911522028833
7.25 50 0.3909944311352 1.16696 3.12528
7.5 50 0.46298483925144 1.41287 3.69039991356501
7.75 50 0.537208068273332 1.67503 4.30598060048126
3 71.3 0.001435 0.0039074294229008 0.0170480068481196
3.25 71.3 0.00212306 0.00577928144240849 0.0227590233246763
3.5 71.3 0.00340349 0.00856971344891038 0.030559389223424
3.75 71.3 0.00498723 0.0126658853772282 0.0412530932744433
4 71.3 0.00706757 0.0184933061018533 0.0560748625451989
4.25 71.3 0.00996641 0.0273313363200918 0.0764799316062301
4.5 71.2 0.0142084 0.0401630662158058 0.106253705879449
4.75 71.2 0.0206818 0.0601889340005319 0.152237
5 71.1 0.0295889156990851 0.0878381516446037 0.214328
5.25 71.1 0.0391426418964941 0.118863661897845 0.281199
5.5 71 0.0501668519731484 0.154792423324397 0.358261274226981
5.75 70.8 0.064307615003035 0.202072114862819 0.459094978742684
6 70.6 0.0821089020404174 0.261369509587168 0.588678
6.25 70.4 0.104286597553401 0.336805 0.752939793451017
6.5 70.2 0.13162702078885 0.430898 0.960614146063061
6.75 70.1 0.164815948780172 0.547392 1.21894120058637
7 70.1 0.204935436972843 0.690783 1.54056641571759
7.25 70 0.252066971835068 0.862585000000001 1.92979552091408
7.5 70 0.305626 1.06126 2.38507
7.75 70 0.364881 1.28477000000001 2.91874791608056
3 100.9 0.000733932722676626 0.00219809026669817 0.00951999187222277
3.25 100.9 0.00113667583414821 0.00330157155781121 0.012592189100138
3.5 100.9 0.00162000862972857 0.00496441104183046 0.0167855895855025
3.75 100.9 0.00240084466230202 0.00708132742216448 0.0226076132521736
4 100.9 0.00373049918724473 0.0100443102872178 0.0306116882133027
4.25 100.9 0.00492917845438153 0.0142215 0.0417062067553946
4.5 100.9 0.00709496281762404 0.0207351410739794 0.0587017132798031
4.75 100.8 0.0104957092349384 0.0320404302360152 0.0846830685511155
5 100.8 0.0152193680892123 0.0483655376153248 0.12099757218273
5.25 100.7 0.0206225949787514 0.0676486423529399 0.162651278599974
5.5 100.7 0.0270255770263822 0.0913684617580599 0.212498651218604
5.75 100.5 0.0355212387883204 0.121845709614516 0.279529881222105
6 100.4 0.046512286816591 0.161055217405898 0.367454208072229
6.25 100.3 0.0602915619342282 0.21135117467792 0.479404440785491
6.5 100.2 0.0776321655488316 0.277899701072003 0.622369628372785
6.75 100.1 0.0993404237910688 0.364066741204915 0.80375118843297
7 100 0.126294413400097 0.473533216620276 1.03144952173897
7.25 100 0.159082449294296 0.609570220848192 1.31059109032421
7.5 100 0.195570446984612 0.774853 1.64501
7.75 100 0.241419937469652 0.973509 2.04122
3 130.7 0.000442283176192033 0.00115826292092385 0.00482043849211959
3.25 130.7 0.000660749652587031 0.00175941467345503 0.00634671895507152
3.5 130.7 0.000943083172403084 0.00267059531115659 0.00845244466978472
3.75 130.7 0.00137917670668805 0.00402434381988511 0.011434941746953
4 130.7 0.00214872825895416 0.00594709236613973 0.015555794029391
4.25 130.7 0.00300413421765485 0.00857871279434238 0.0212371475057807
4.5 130.7 0.00432970505728018 0.0124055933622105 0.0298591746285866
4.75 130.6 0.00653969197713754 0.0193284447812602 0.0439060431030017
5 130.6 0.00959988951364701 0.029689418537975 0.0641841755101462
5.25 130.6 0.0131773187449669 0.0425130550285615 0.08824871925696
5.5 130.5 0.0175727195581524 0.0588934783920782 0.117844527490519
5.75 130.4 0.0236175176047074 0.0795334231746996 0.159129871661238
6 130.3 0.031594235567158 0.106880350847716 0.213825018595075
6.25 130.2 0.0416781759882991 0.142137311349428 0.284336087038381
6.5 130.1 0.0545649072859326 0.18789370029733 0.375838485381417
6.75 130.1 0.0709507910875262 0.248699463140581 0.497430171578678
7 130 0.0915564029019964 0.328589870718554 0.657197487316134
7.25 130 0.116891643790395 0.429055741117411 0.858116252906707
7.5 130 0.147361007280148 0.550695 1.10593
7.75 130 0.184280418541149 0.696624 1.4095
3 200.5 0.000148279131569925 0.000315719933208892 0.00128155586896357
3.25 200.5 0.000213289781720012 0.000476243217777008 0.00182108488678152
3.5 200.5 0.000304642855641463 0.000750873208881881 0.00228142000557831
3.75 200.5 0.000432833277040821 0.00116729013703824 0.00302502613971476
4 200.5 0.000659181784144927 0.00177857207815078 0.00423151482370806
4.25 200.4 0.00097514018909765 0.00262882361180581 0.0058868265030882
4.5 200.4 0.00140830967222793 0.00389624069825592 0.00851618858848399
4.75 200.4 0.00216647882973253 0.00633459595966079 0.013114336891839
5 200.4 0.00333869714784311 0.0101487439483085 0.0202932380794849
5.25 200.4 0.00482806093023467 0.0147567848214841 0.0295185511761864
5.5 200.3 0.00676625363499853 0.0208213435521857 0.0416519332995443
5.75 200.3 0.00947187703895956 0.0293903712462252 0.05878969048815
6 200.2 0.0131526939635604 0.0414099901848245 0.0828303571597398
6.25 200.1 0.0180917708568491 0.0585223132400861 0.117054446296444
6.5 200.1 0.0245867910083671 0.0815931263132937 0.163196047925784
6.75 200 0.0329045174862805 0.111013130707659 0.223833919483027
7 200 0.0435578875776858 0.150618887317667 0.303553772479354
7.25 200 0.0568462981156063 0.201207294486309 0.405711109379367
7.5 200 0.0729634220070163 0.264285351848107 0.535123
7.75 200 0.0930510378733667 0.34347 0.698134
3 300.3 2.76167922462134e-05 6.82291681893129e-05 0.000272486966487823
3.25 300.3 4.41917073799821e-05 0.000107069803378456 0.000380446557957351
3.5 300.3 6.96127170611793e-05 0.000164048 0.000531034790060486
3.75 300.3 9.92586038614441e-05 0.000250297324718184 0.000742920014297071
4 300.3 0.000140179851472075 0.000355253000000003 0.00103339305263944
4.25 300.3 0.000211683572901706 0.000523019074157478 0.0014180544886541
4.5 300.3 0.000306061446771388 0.000794817221460688 0.0020604513831334
4.75 300.3 0.000494924282817954 0.00136890433755079 0.00331536389339945
5 300.3 0.000823170175364016 0.00236450886690354 0.00546956103433565
5.25 300.2 0.00129616508889017 0.00368636477490955 0.00858323433297523
5.5 300.2 0.00208725255868445 0.00578973699228308 0.0130119044487185
5.75 300.2 0.00311265047213459 0.00908090968212675 0.0195639222096168
6 300.1 0.00456974444382058 0.0139332699810873 0.0289766399741258
6.25 300.1 0.00655374777672992 0.020439761332095 0.0419297292842477
6.5 300.1 0.00922436949560944 0.0296096958886119 0.0595769606939517
6.75 300 0.0128637246598216 0.0419580304579884 0.0839222497511265
7 300 0.0176465 0.0586423971247525 0.117289576948656
7.25 300 0.0235956449531713 0.0803339733018646 0.160672019286253
7.5 300 0.0310647 0.107500420121158 0.216696
7.75 300 0.0406208 0.14362673369509 0.290271
3 500.2 2.04547708589746e-06 6.20694753142569e-06 2.8135318755283e-05
3.25 500.2 5.26383790037974e-06 1.44369159626676e-05 6.26756269932828e-05
3.5 500.2 1.29098793919339e-05 3.15078183104809e-05 0.000131382297460291
3.75 500.2 2.77337671576506e-05 6.53280398813041e-05 0.000261293876989966
4 500.2 5.94982542224806e-05 0.000136506327179941 0.000498995324244138
4.25 500.2 0.00012040646106877 0.000271649169889852 0.000915491251123336
4.5 500.2 0.000204433185254298 0.000459534113716843 0.0015067181788731
4.75 500.2 0.000312928851474661 0.000704007029831233 0.00214141856372202
5 500.2 0.000417090054130777 0.00101927388322681 0.00285066178565569
5.25 500.1 0.00056403458316978 0.00149017073355783 0.0038548437183566
5.5 500.1 0.000760212187214881 0.00215208353791146 0.00520206809125706
5.75 500.1 0.00101256636612051 0.00301525135990361 0.00688261877484006
6 500.1 0.00133051144648425 0.00413855971600706 0.00899963219493363
6.25 500.1 0.00174260145181741 0.00556564351131375 0.0117596786731302
6.5 500 0.00226983218126696 0.00737679084494393 0.0153121511728751
6.75 500 0.00291822290664454 0.00974283646476905 0.0197131967602224
7 500 0.00373404797968268 0.0126487975849194 0.0252977773415858
7.25 500 0.00480231478379515 0.0163408850253161 0.0326816915064585
7.5 500 0.00614454 0.021038 0.0420762
7.75 500 0.00775415 0.0268855 0.053771
3 700.1 3.50830617991335e-07 1.09937331352855e-06 6.14013077788641e-06
3.25 700.1 9.57301636779332e-07 2.75828495412549e-06 1.44430823648582e-05
3.5 700.1 2.49805459006431e-06 6.64196170209159e-06 3.22303751171929e-05
3.75 700.1 6.18812029415853e-06 1.51603757632348e-05 6.88588570328728e-05
4 700.1 1.45167236260632e-05 3.30655089267772e-05 0.000139686855995371
4.25 700.1 3.06405425284176e-05 6.72060696214422e-05 0.00026944949463107
4.5 700.1 5.82032200636784e-05 0.000125726209004 0.000465660660120977
4.75 700.1 9.28162162726029e-05 0.000198853372264861 0.000692287648554182
5 700.1 0.000137862724861188 0.000295159487692201 0.000960173794082666
5.25 700.1 0.000197325014351742 0.000456741748771995 0.00134733990622007
5.5 700.1 0.000279454767627238 0.000694768292568462 0.00187938345653285
5.75 700.1 0.000385020754333512 0.00102100574105517 0.00256039305611617
6 700.1 0.000520776218947764 0.00146246780166708 0.0034354050403516
6.25 700 0.000699829263125208 0.00203690422520221 0.00459135123452484
6.5 700 0.000932810103262097 0.00282614108157135 0.00609822273407919
6.75 700 0.00122465971159481 0.00380695102944258 0.00799114932171231
7 700 0.00159768956735554 0.00514431179947715 0.0104226561504952
7.25 700 0.00209277985585516 0.00681209450967916 0.0136311796031266
7.5 700 0.00272563 0.00892691 0.0178539
7.75 700 0.00350003 0.0115164 0.0230327
3 1000 4.90776580564222e-08 1.39511000000004e-07 9.33378717391002e-07
3.25 1000 1.35248217558685e-07 3.83380000000008e-07 2.33567523050499e-06
3.5 1000 3.63442754129064e-07 1.00916000000001e-06 5.63511531132714e-06
3.75 1000 9.36404918129003e-07 2.52776000000003e-06 1.29109274299211e-05
4 1000 2.29070185655744e-06 6.03840000000002e-06 2.8052657109737e-05
4.25 1000 5.49607452324067e-06 1.33194499619951e-05 5.78652281311816e-05
4.5 1000 1.17315091140544e-05 2.63862591107632e-05 0.000106781822196015
4.75 1000 2.09080108022572e-05 4.40190187941633e-05 0.000168859559318359
5 1000 3.27287404555482e-05 6.75569989163049e-05 0.000248057191826723
5.25 1000 5.1849330599806e-05 0.000107620742217112 0.000366965242609628
5.5 1000 8.2536677059596e-05 0.000175224687875895 0.000537014991378108
5.75 1000 0.000119198362706602 0.00027431915634773 0.00076385775019615
6 999.9 0.000168204348345339 0.000416460999513788 0.00106514552208939
6.25 999.9 0.000234804333979343 0.000620535499265798 0.00147305763124169
6.5 999.9 0.000323862870166113 0.000892263239348027 0.00201661926433086
6.75 999.9 0.000438561899059479 0.00126676632671755 0.00271451891786597
7 999.9 0.000588586913496852 0.0017764807700516 0.00362634651266842
7.25 999.9 0.000791476435132781 0.00242253557570369 0.00486079358126464
7.5 999.9 0.0010564 0.00323082861545548 0.00646435546462809
7.75 999.9 0.00138854 0.00426003 0.0085201
