Var1 Var2 Var3 Var4 Var5
3 0 9.49443e-05 0.000147775 0.00019233
3.25 0 0.000200347 0.000309612 0.000393478
3.5 0 0.000418684 0.000658307 0.000807252
3.75 0 0.000871971 0.00138699 0.00165199
4 0 0.00181184 0.00280494 0.00337482
4.25 0 0.00372436 0.00560402 0.00685881
4.5 0 0.00751899 0.0109844 0.0139025
4.75 0 0.0147955 0.0209843 0.0278005
5 0 0.0276532 0.0416367216068339 0.0554616
5.25 0 0.0476067 0.0798014149035805 0.124758
5.5 0 0.0750448 0.145398101107784 0.254104
5.75 0 0.115476 0.263089702718152 0.437069
6 0 0.162362 0.432267543898392 0.629449
6.25 0 0.211054 0.592386 0.803186
6.5 0 0.262696 0.700736 0.98552
6.75 0 0.320655 0.837348 1.21015
7 0 0.3835 1.01512 1.47922
7.25 0 0.437079 1.18139871851047 1.74721
7.5 0 0.467241 1.294 1.9419
7.75 0 0.481652 1.35989 2.06189
3 2 9.45567e-05 0.000145271 0.000188927
3.25 2 0.000199636 0.000304472 0.000386805
3.5 2 0.00041739 0.000647834 0.000794161
3.75 2 0.000867965 0.00136362 0.0016233
4 2 0.00180084 0.00275496 0.00331275
4.25 2 0.0036996 0.00550402 0.00673237
4.5 2 0.00746502 0.0107898 0.013649
4.75 2 0.0146886 0.0207055335486505 0.0273181
5 2 0.0274568 0.0413354374505497 0.0545182
5.25 2 0.0475945 0.0797833490668326 0.122507
5.5 2 0.0757865 0.146854046905714 0.250208
5.75 2 0.118433 0.26983584110815 0.437373
6 2 0.169786 0.452112389574673 0.64725
6.25 2 0.225078 0.626453 0.849392
6.5 2 0.282358 0.750748 1.05585
6.75 2 0.340455 0.888192 1.28358
7 2 0.397278 1.05129 1.53197
7.25 2 0.441795 1.19415873221304 1.76617
7.5 2 0.466085 1.29076 1.93713
7.75 2 0.478734 1.35164 2.04942
3 5 9.23563e-05 0.000134125 0.000173794
3.25 5 0.000194767 0.000280487 0.000355747
3.5 5 0.000406448 0.000596261 0.000729959
3.75 5 0.000841785 0.00125329 0.00148833
4 5 0.00173984 0.00252762 0.0030307
4.25 5 0.00357741 0.0050668 0.00618053
4.5 5 0.00723183 0.00997929 0.0125938
4.75 5 0.0141627 0.0199342297921827 0.025193
5 5 0.0263793 0.0396814830108924 0.0501537
5.25 5 0.0463258 0.0776676406635163 0.110712
5.5 5 0.0755852 0.146548880853174 0.225655
5.75 5 0.120746 0.275328441129005 0.404921
6 5 0.176271 0.469745288284939 0.627912
6.25 5 0.234144 0.628878 0.852717
6.5 5 0.290844 0.762282 1.07196
6.75 5 0.344 0.893108110217622 1.29086
7 5 0.391461069827059 1.03439 1.50766
7.25 5 0.427639 1.15596889466564 1.71013
7.5 5 0.450046 1.24633 1.86901828218982
7.75 5 0.464349 1.31099 1.98598813964057
3 10 8.22491e-05 0.000106477 0.000136817
3.25 10 0.000172211 0.000222703300867323 0.000278634
3.5 10 0.000356418 0.00046932640166894 0.000568599
3.75 10 0.000733881 0.000977062 0.00115638
4 10 0.00150765 0.00199163707264758 0.00235075
4.25 10 0.00310517 0.00412214555884571 0.00482451
4.5 10 0.00628775 0.00849579879327713 0.00991330999999999
4.75 10 0.0121632 0.0170486375568917 0.0197616
5 10 0.0224543 0.0337225362845162 0.0391289
5.25 10 0.0397536 0.0666625410143319 0.0829937
5.5 10 0.0654095 0.127001316437884 0.164692
5.75 10 0.103697 0.236980349870851 0.296998
6 10 0.150364 0.367776 0.476825
6.25 10 0.201148 0.504868743130996 0.684758
6.5 10 0.251482 0.63928 0.898624
6.75 10 0.297482 0.766911137811982 1.10368
7 10 0.340194788851615 0.89546 1.30578
7.25 10 0.376823 1.01879262932196 1.5084
7.5 10 0.404365 1.11975 1.67974454412122
7.75 10 0.42447 1.19832 1.81766
3 20 5.59e-05 6.46475e-05 8.00104e-05
3.25 20 0.000115755 0.00013497 0.000161633
3.5 20 0.000236615 0.000280349840740625 0.00032705
3.75 20 0.000485075 0.00058121206260122 0.00066517
4 20 0.000991788 0.00120841 0.001353
4.25 20 0.00200546 0.00248406 0.00274436
4.5 20 0.00399657 0.00504165996858625 0.00559829
4.75 20 0.00773127 0.0101414627038127 0.0112905
5 20 0.0143008 0.0201544 0.0225573
5.25 20 0.0253891 0.0405172 0.0462277
5.5 20 0.0420163 0.0765128 0.0902073
5.75 20 0.0647626 0.130686 0.161241
6 20 0.0921267 0.202637 0.262499
6.25 20 0.123809 0.290321 0.393131
6.5 20 0.157989 0.387781914872246 0.543514
6.75 20 0.194731 0.495822 0.71008
7 20 0.233324 0.611036185312044 0.891916
7.25 20 0.270154 0.730701801271245 1.08436
7.5 20 0.303982 0.841632 1.26537
7.75 20 0.333244 0.940582 1.42646
3 30 3.79243e-05 4.36241e-05 5.09193e-05
3.25 30 7.83158561671303e-05 9.05595e-05 0.000103271
3.5 30 0.000161362 0.00018736286887251 0.000209694
3.75 30 0.000327888 0.000382208307000877 0.00042371
4 30 0.000664542 0.000791431 0.000859106
4.25 30 0.00133709 0.00161618 0.00174464
4.5 30 0.00265667 0.00328621 0.00354254
4.75 30 0.00513406 0.00660777 0.00717833
5 30 0.0094884 0.0130401977836553 0.0143931
5.25 30 0.0168463 0.0257827 0.0292228
5.5 30 0.0279435 0.0483995 0.0568837
5.75 30 0.0427526 0.0827168 0.1018
6 30 0.0608087 0.129565290172091 0.167403
6.25 30 0.0825148 0.189588 0.255758
6.5 30 0.106914 0.25994 0.362242
6.75 30 0.134446 0.340743190892657 0.486692586708653
7 30 0.164193 0.431780808784545 0.631627
7.25 30 0.196214053048714 0.530668277139575 0.787707
7.5 30 0.228937054912017 0.632783 0.948872
7.75 30 0.260724626769042 0.734857 1.11114
3 40 2.81064e-05 3.18108565316485e-05 3.67441e-05
3.25 40 5.82067000000001e-05 6.52875e-05 7.43625e-05
3.5 40 0.000118338 0.000133197 0.000149206
3.75 40 0.000239865 0.00027331 0.00030209
4 40 0.000484943 0.000564357 0.000618087
4.25 40 0.000971095999999999 0.00115461 0.00125347
4.5 40 0.00192311 0.00233943700768274 0.00251438
4.75 40 0.00370583 0.00469999 0.00506912
5 40 0.00683129 0.00927065 0.0101649
5.25 40 0.0121259 0.0181676 0.0205783
5.5 40 0.0201283 0.0340427 0.0400363
5.75 40 0.0310239 0.0588145 0.0724835
6 40 0.0445804 0.09377 0.12093
6.25 40 0.0606073 0.138746 0.185831
6.5 40 0.0787899 0.191241846740251 0.266326
6.75 40 0.0993983 0.252603208515275 0.362453
7 40 0.123299335275218 0.323604064853536 0.472516
7.25 40 0.150057842807078 0.403851647778021 0.597375
7.5 40 0.178488866345571 0.491856 0.735066
7.75 40 0.208885644182562 0.58659 0.884157
3 50 2.19558684820431e-05 2.4747e-05 2.81865368950678e-05
3.25 50 4.48349882620725e-05 5.05201e-05 5.65994402415001e-05
3.5 50 9.0736e-05 0.000102986 0.000114186967560362
3.75 50 0.000183701 0.00021069 0.000231778514119215
4 50 0.000370919 0.000430455 0.000472583
4.25 50 0.000742615560170871 0.000874804 0.000951134
4.5 50 0.00147675736616406 0.0017778 0.00193228229535627
4.75 50 0.00285627642141757 0.00360017765409794 0.00389285663293139
5 50 0.00526981158405926 0.00711236086846378 0.00782273280604154
5.25 50 0.00938172005390914 0.0139574 0.0157622682135691
5.5 50 0.0156168485344292 0.0261845 0.0306581251344968
5.75 50 0.0241450792731255 0.0456068 0.0559819090218561
6 50 0.0348494038186732 0.0732680827448611 0.0944205797466004
6.25 50 0.0474598173416774 0.108169 0.146216008106932
6.5 50 0.0619677600551699 0.150312 0.211229197402874
6.75 50 0.0787142331715976 0.201584567529873 0.291463230711639
7 50 0.0982890784195376 0.260866 0.389250314032645
7.25 50 0.120926361939119 0.333058000000001 0.508256774764503
7.5 50 0.146317 0.415486 0.649975714777409
7.75 50 0.174327 0.504787000000002 0.81905171658302
3 70 1.45009e-05 1.92926e-05 2.5048604094966e-05
3.25 70 2.97439e-05 3.84898000000009e-05 5.05590244479026e-05
3.5 70 6.0107e-05 7.85398000000007e-05 0.000101790636511093
3.75 70 0.00012209028969152 0.000159315965638696 0.000204552874018919
4 70 0.000244426927931653 0.000322177455880777 0.000411249922199842
4.25 70 0.000490870776757217 0.000651862781880784 0.000834784450253396
4.5 70 0.000976121082441499 0.00130811 0.00172068442658289
4.75 70 0.00189022145574516 0.00258606 0.00352398544288523
5 70 0.00351267851122551 0.00497546 0.00714009348882853
5.25 70 0.00631383905693676 0.0097606 0.0145409427899573
5.5 70 0.0106026430522583 0.0183852000000005 0.0284813867609912
5.75 70 0.0164041214620558 0.032029300000002 0.0522033720208899
6 70 0.0236814496284509 0.0514010000000052 0.0882028926012815
6.25 70 0.0324210302574299 0.0765493000000103 0.137713898202449
6.5 70 0.0426523177449549 0.107169000000017 0.200714324756994
6.75 70 0.0545979162019178 0.143558000000029 0.277697477724537
7 70 0.0687973769642539 0.187098000000006 0.371801233672768
7.25 70 0.0858812515695267 0.239811000000008 0.488229506663692
7.5 70 0.105829 0.302145000000007 0.629308169613584
7.75 70 0.12889 0.375181000000013 0.800872948534357
3 100 9.48901037606011e-06 1.48064000000011e-05 2.22843359332466e-05
3.25 100 1.92471737291488e-05 2.95410000000021e-05 4.48233903709991e-05
3.5 100 3.92774636388703e-05 5.89354000000056e-05 9.02681699939718e-05
3.75 100 8.02188095420935e-05 0.000117439000000012 0.000181540646406195
4 100 0.000162031414373036 0.000234581000000025 0.00036528079684357
4.25 100 0.000324801073592148 0.000475476000000052 0.000745661641305854
4.5 100 0.000673338185508052 0.000974362000000104 0.00153213033529846
4.75 100 0.00135268479656025 0.00199688000000015 0.00317390183834886
5 100 0.00254133649425534 0.00406363000000013 0.00651256056754101
5.25 100 0.00459867085088122 0.00796466001455899 0.0133926884515794
5.5 100 0.00778022292001619 0.0139373045960687 0.0265298714920554
5.75 100 0.0120924445733704 0.0241027789831866 0.048800384331575
6 100 0.0175817641828741 0.0398037387504313 0.0829996071758401
6.25 100 0.0243620649196807 0.0600093000000015 0.130851103696825
6.5 100 0.0324304440591149 0.0849392000000047 0.192077625065772
6.75 100 0.0420442069778341 0.115121000000009 0.267397089525662
7 100 0.0537039543448835 0.151988000000014 0.359880308315282
7.25 100 0.0679795178919079 0.19749900000002 0.474240109469977
7.5 100 0.0845493904617652 0.252943000000023 0.613918364128368
7.75 100 0.104794516985419 0.319643000000031 0.779738245852335
3 130 7.55469019027136e-06 1.19265000000009e-05 1.8102410452047e-05
3.25 130 1.53688548530868e-05 2.37151000000019e-05 3.63638555042186e-05
3.5 130 3.09960085034244e-05 4.71403000000042e-05 7.29822515116803e-05
3.75 130 6.29825363407952e-05 9.38802000000092e-05 0.00014627363051403
4 130 0.000127690260698869 0.000187343000000019 0.000293828191098067
4.25 130 0.00026362813971767 0.00038124400000004 0.000601129090742356
4.5 130 0.000536858884837243 0.00078754600000008 0.00124230764270225
4.75 130 0.00109353940698157 0.00163478000000011 0.00257261321962233
5 130 0.00207802712903319 0.00337170000000008 0.00535365353629944
5.25 130 0.0037894494717744 0.00658127282943514 0.0110975951250407
5.5 130 0.00645335374154816 0.0116727226998135 0.0221575332555928
5.75 130 0.0101151950701373 0.0205400505739003 0.0411350395202753
6 130 0.0147938082514017 0.033809762831601 0.0703709715327468
6.25 130 0.0206473082845385 0.0517992000000005 0.111727172310904
6.5 130 0.0276735948165874 0.0738001000000029 0.165069578878063
6.75 130 0.0361404695250886 0.100717000000006 0.23136545829211
7 130 0.0464810398313228 0.13383000000001 0.313351534667891
7.25 130 0.0591491111403676 0.174733000000015 0.414842445879773
7.5 130 0.0739668774091675 0.224889000000014 0.536100901849523
7.75 130 0.0923757329016297 0.286246000000024 0.688272392974173
3 200 4.87729519774697e-06 7.70143000000053e-06 1.20088412797611e-05
3.25 200 9.86956126838475e-06 1.52932000000012e-05 2.39795433303346e-05
3.5 200 1.98550734013509e-05 3.03489000000028e-05 4.76866744775005e-05
3.75 200 4.0127931029626e-05 6.08044000000056e-05 9.60482227112427e-05
4 200 8.07076752744578e-05 0.000122329000000012 0.000194517249456749
4.25 200 0.000169137668119084 0.000252449000000026 0.000403104835213971
4.5 200 0.000359371165173035 0.000533325000000047 0.000850886847658508
4.75 200 0.00073867002422031 0.00113344000000006 0.00179676269235306
5 200 0.00142882061561967 0.00239381000000001 0.00374003302968634
5.25 200 0.0026474660061238 0.00458956000000002 0.00784155780340961
5.5 200 0.00457264077633033 0.00858504360061872 0.015901201891114
5.75 200 0.00735629564323503 0.0151747429503793 0.0303133455317889
6 200 0.0110152029033361 0.0258891336272197 0.0530684165250726
6.25 200 0.0154943019906761 0.0398733175679904 0.084815317707665
6.5 200 0.0209111648711328 0.0578618 0.125949285529494
6.75 200 0.027532286963815 0.0794713000000017 0.177568197656165
7 200 0.0356822146062731 0.106204000000004 0.241713636603543
7.25 200 0.045706988463324 0.139312000000007 0.3212952885466
7.5 200 0.0580334 0.180455000000008 0.417355074880004
7.75 200 0.0734863 0.232636000000014 0.542511920594057
3 300 2.7356503596781e-06 4.36527000000025e-06 6.98930624755838e-06
3.25 300 5.54908102641732e-06 8.78828000000057e-06 1.41231558128823e-05
3.5 300 1.12410731107916e-05 1.76867000000013e-05 2.84213727556842e-05
3.75 300 2.26700423042549e-05 3.55122000000027e-05 5.71228584590656e-05
4 300 4.61703329829993e-05 7.17354000000056e-05 0.000115805854931583
4.25 300 9.74937112361083e-05 0.000150841000000011 0.000243995020689356
4.5 300 0.000209804784678043 0.000328386000000019 0.000529765529951387
4.75 300 0.000452479967628431 0.000725411000000019 0.00115988376451229
5 300 0.000960670014825941 0.00155248029307645 0.00250307955746942
5.25 300 0.00183005485948131 0.00307784606103585 0.005290640138407
5.5 300 0.00324120944862907 0.00594255 0.0108734394108314
5.75 300 0.00532536279036367 0.0106583 0.0212050642629805
6 300 0.00812027501893361 0.0189170432696225 0.0378244210973076
6.25 300 0.0116391162012924 0.0298186502738499 0.0615805482880793
6.5 300 0.0159674141771857 0.0433976229233346 0.0928554019772056
6.75 300 0.0212630111398159 0.0603249587749767 0.132183516053727
7 300 0.0278429064141113 0.0828170613249095 0.181400808358723
7.25 300 0.0360394037135026 0.109628021159462 0.243069676661712
7.5 300 0.0459013338292429 0.143222 0.318273770789976
7.75 300 0.0587782415629914 0.186444000000001 0.417544844527292
3 500 2.45247408391105e-07 4.05014000000009e-07 6.6690826550274e-07
3.25 500 6.65493076674987e-07 1.08901000000003e-06 1.79489651554256e-06
3.5 500 1.79414273391489e-06 2.90552000000008e-06 4.78970764136005e-06
3.75 500 4.79502668303136e-06 7.70160000000022e-06 1.26602342807914e-05
4 500 1.24120165389645e-05 2.00904000000005e-05 3.30050664570838e-05
4.25 500 3.01577361164173e-05 4.97329000000009e-05 8.16152552671097e-05
4.5 500 6.83712216250725e-05 0.000116478498792903 0.000190953786534053
4.75 500 0.000148967397914812 0.000253092283556629 0.000426065502697454
5 500 0.000313336709802087 0.000525242305228736 0.000909438397685154
5.25 500 0.000596052780389808 0.0010417560839925 0.00181476362038525
5.5 500 0.000989513921930426 0.00178965000000001 0.0033923171919342
5.75 500 0.00152740101192286 0.00303062000000005 0.00593366475731381
6 500 0.00224476565632893 0.00509313515560812 0.0101847950574215
6.25 500 0.00319830957348453 0.00822808501487522 0.0164539681138643
6.5 500 0.00446030581106667 0.0125254791312571 0.025168664196091
6.75 500 0.00612638668090155 0.0180585032530665 0.0368642251854252
7 500 0.00828826812540828 0.0250872125599558 0.052123885578281
7.25 500 0.0110676492792823 0.0341498700493111 0.0718306534240723
7.5 500 0.0146048 0.0457645 0.0964468919470275
7.75 500 0.0189379 0.0601709 0.127726610444454
3 700 1.0429610463935e-07 1.81668776752853e-07 3.14582640699692e-07
3.25 700 2.83347276789039e-07 4.91548e-07 8.51095893498578e-07
3.5 700 7.65142745980424e-07 1.32555700051396e-06 2.28610377508901e-06
3.75 700 2.05493192403288e-06 3.55883009979912e-06 6.09117576244575e-06
4 700 5.35983486073576e-06 9.28538732645156e-06 1.59618598358934e-05
4.25 700 1.31013114767895e-05 2.29897813431761e-05 3.97387661370981e-05
4.5 700 2.98765986261961e-05 5.40645092274251e-05 9.36162189456718e-05
4.75 700 6.70111506337948e-05 0.000121315388526294 0.000210068720742832
5 700 0.000139075304781627 0.000260200352055673 0.000450564123565766
5.25 700 0.000274579956986228 0.000492198660025408 0.000902727842842857
5.5 700 0.00046296307320314 0.000849094000000004 0.00169321548229369
5.75 700 0.000717095828046522 0.00150808000000001 0.0029528178458321
6 700 0.00105774362658566 0.00241414364288648 0.00482811437024153
6.25 700 0.00151302362786911 0.00385448125280281 0.00771711983968463
6.5 700 0.00211936870100086 0.00591166561483258 0.01184653052362
6.75 700 0.00292544870152729 0.00869274897653589 0.0174193976199767
7 700 0.00398000942331521 0.0123442757811365 0.0247363840708679
7.25 700 0.0053487398558697 0.0170935767851123 0.0342538274986033
7.5 700 0.00710971 0.023051251318453 0.0462512201248286
7.75 700 0.00929546 0.0305217915491375 0.0616354547919956
3 1000 3.38005209290566e-08 6.02842204941473e-08 1.20986023417234e-07
3.25 1000 9.18692577236106e-08 1.63550664027299e-07 3.28357610396248e-07
3.5 1000 2.48259151904607e-07 4.41823276411036e-07 8.85486325674296e-07
3.75 1000 6.67448388202396e-07 1.18726863502157e-06 2.37336663387998e-06
4 1000 1.74815101270225e-06 3.13212074561482e-06 6.24249311533604e-06
4.25 1000 4.28607229547326e-06 7.85740609979843e-06 1.56217802955749e-05
4.5 1000 9.80734499604933e-06 1.86636357808442e-05 3.70104267012197e-05
4.75 1000 2.19045101271973e-05 4.23064270167842e-05 8.34587378169256e-05
5 1000 4.81993199169658e-05 9.1650900855084e-05 0.000179826825650302
5.25 1000 9.12912959490456e-05 0.000180374473935488 0.000361777152982433
5.5 1000 0.000169023623286218 0.000320552000000003 0.000681137608982044
5.75 1000 0.000263026232725769 0.000583087000000001 0.00119203911985251
6 1000 0.0003899061895473 0.000977854867461501 0.00195544123725136
6.25 1000 0.000560774682502443 0.00151588318808063 0.00303774779135874
6.5 1000 0.00079019271150504 0.00225436997371989 0.00451492642142285
6.75 1000 0.00109786985583351 0.00324726826122203 0.00649455231011996
7 1000 0.00150434985584582 0.00460317826131181 0.00920636259349433
7.25 1000 0.00203765 0.00641073717751227 0.0128014766955338
7.5 1000 0.002732 0.00872262437898821 0.0174635462533353
7.75 1000 0.00360571 0.0116990306906812 0.0234266578271009
