Var1 Var2 Var3 Var4 Var5
3 0 0.00623272 0.0100902 0.0131941
3.25 0 0.0118256 0.0190136 0.0249935
3.5 0 0.0215067 0.0370215 0.0478454
3.75 0 0.0379456 0.0656705 0.0913291
4 0 0.0645673 0.125324060665885 0.174059
4.25 0 0.106077 0.243501589166411 0.334102
4.5 0 0.169578 0.429782539204465 0.617953
4.75 0 0.266116 0.743738 1.08873
5 0 0.402685 1.20007 1.82562
5.25 0 0.570666 2.08810058832478 3.32812
5.5 0 0.698735 2.78054959847577 4.84456
5.75 0 0.855104 3.50506526464834 5.80114
6 0 1.01433 3.73287 6.1288
6.25 0 1.18404 3.80219 6.22785
6.5 0 1.37824 4.26939583425399 6.52963
6.75 0 1.6138235271938 4.73756 7.22666
7 0 1.85754324152981 5.39402938336414 8.21867
7.25 0 2.05456 6.00270253846857 9.32419
7.5 0 2.14543 6.35356 9.97189
7.75 0 2.16445 6.48606 10.2613
3 2 0.00620536 0.00991028 0.0129585
3.25 2 0.0117791 0.0186847 0.024563
3.5 2 0.0214292 0.0363993 0.0470474
3.75 2 0.0377857 0.0645566 0.0897738
4 2 0.0642553 0.124693633432469 0.171038
4.25 2 0.105458 0.241928728063727 0.328103
4.5 2 0.168455 0.428722138102628 0.606692
4.75 2 0.264379 0.730828 1.06979
5 2 0.400319 1.17998 1.79497
5.25 2 0.574071 2.06610141316248 3.28256
5.5 2 0.713618 2.83886906453155 4.81313
5.75 2 0.890718 3.57041227370968 5.88354
6 2 1.08127 3.90739 6.41457
6.25 2 1.29373 4.11737 6.74169
6.5 2 1.52395 4.7205598894651 7.19265
6.75 2 1.7487699824838 5.15974 7.87115
7 2 1.98574439006615 5.72203264064711 8.72172
7.25 2 2.12759 6.21609576452295 9.65664
7.5 2 2.19043 6.48687 10.182
7.75 2 2.19904 6.58988 10.4262
3 5 0.00601769 0.00905599 0.0118403
3.25 5 0.0113952 0.0170389 0.0224083
3.5 5 0.0206659 0.0331137 0.0428295
3.75 5 0.0363809 0.0607622987794951 0.081685
4 5 0.0617938 0.119738525248172 0.155648
4.25 5 0.101439 0.221367794929345 0.299159
4.5 5 0.162323 0.397594 0.555462
4.75 5 0.254245 0.670034 0.980623
5 5 0.385124 1.08991 1.64597
5.25 5 0.564918 1.90031 2.97549
5.5 5 0.732564 2.73754772928971 4.42339
5.75 5 0.943091 3.45379 5.60493
6 5 1.16801 3.96238 6.43115
6.25 5 1.399 4.28611 7.00549
6.5 5 1.62165 4.9609820915557 7.5248
6.75 5 1.82682467384165 5.32043 8.11952
7 5 2.01166484740273 5.78495679167742 8.83309
7.25 5 2.11803 6.18841984863029 9.6185
7.5 5 2.17444 6.43979 10.1118
7.75 5 2.18587 6.55099 10.3682
3 10 0.00520157 0.00700942 0.00904648
3.25 10 0.00974709 0.01307 0.0169782
3.5 10 0.0174816 0.0251531 0.032165
3.75 10 0.0307165 0.0479115 0.0613888
4 10 0.0521271 0.0921135 0.117203
4.25 10 0.0858041 0.170789647776082 0.226715
4.5 10 0.137698 0.307341 0.424205
4.75 10 0.215105 0.525675318801857 0.751769
5 10 0.325932 0.852656906293144 1.26309
5.25 10 0.486027 1.42586 2.19712
5.5 10 0.641564 2.03141 3.19754
5.75 10 0.825303 2.57084 4.10691
6 10 1.02002 3.05479698101302 4.92285
6.25 10 1.2295 3.74028232733927 5.69325
6.5 10 1.43452509779398 4.23001 6.41009
6.75 10 1.62489896796948 4.65409 7.10894
7 10 1.79439 5.15377043474323 7.90223
7.25 10 1.91948 5.60902218308888 8.73256
7.5 10 2.00684 5.94448 9.34563
7.75 10 2.04956 6.1444 9.73606
3 20 0.00322058 0.00387329 0.00481879
3.25 20 0.00601098 0.00729286 0.00903463999999999
3.5 20 0.0107179 0.0141520411866263 0.0170827
3.75 20 0.0187662 0.0280592621488171 0.0326151
4 20 0.0317781 0.0540051 0.0623659
4.25 20 0.0518941 0.0993854 0.120243
4.5 20 0.0828294 0.176861 0.225083
4.75 20 0.130603 0.303969 0.405645
5 20 0.199177268408078 0.497313 0.690026
5.25 20 0.301642 0.811367 1.1585
5.5 20 0.40234 1.12308467038589 1.65707
5.75 20 0.507596 1.4413 2.13144
6 20 0.622701 1.76021 2.63207
6.25 20 0.756596604100899 2.1226 3.203
6.5 20 0.906337335024199 2.5508 3.83982
6.75 20 1.06839 3.01495224693085 4.59186
7 20 1.22501 3.51436574869641 5.45086
7.25 20 1.38265 4.04239869087466 6.32756
7.5 20 1.52029 4.50669 7.11701
7.75 20 1.62947 4.89107 7.78299
3 30 0.00201954 0.00240239 0.0028484
3.25 30 0.00375436 0.00457056 0.00535752
3.5 30 0.00675214834968515 0.00873805 0.0101536
3.75 30 0.0117657210504541 0.0167408 0.0195494
4 30 0.0197326753926568 0.0319223 0.0378959
4.25 30 0.0324193569365715 0.0589926 0.0712707
4.5 30 0.0518216849147113 0.105668 0.133913
4.75 30 0.0817059359308218 0.182791 0.242
5 30 0.125254379312011 0.30016 0.412422
5.25 30 0.189704859146175 0.477031 0.684784
5.5 30 0.25505 0.667271 0.979142
5.75 30 0.321196233199407 0.857395 1.26825
6 30 0.395751762890692 1.07853 1.59093
6.25 30 0.486607612329557 1.33099714408358 1.99113
6.5 30 0.588705 1.63428757007701 2.48666
6.75 30 0.704937 1.99497814807051 3.07721
7 30 0.836655 2.40987397005816 3.761
7.25 30 0.97928 2.86588962250407 4.51695
7.5 30 1.12059 3.32645 5.28602
7.75 30 1.25177 3.76467 6.0268
3 40 0.00137095 0.00161746901886726 0.00189171
3.25 40 0.00254421 0.00302979065849267 0.00356244
3.5 40 0.00461342351314304 0.00576049 0.0068404
3.75 40 0.0080125269874213 0.0110427 0.013126
4 40 0.0134763734603449 0.021073958070857 0.0253946
4.25 40 0.0220085 0.039498106208948 0.0478538
4.5 40 0.0351328 0.070503617344141 0.090172
4.75 40 0.0553425 0.121923668110521 0.163693
5 40 0.0845363 0.199517059398998 0.278582
5.25 40 0.128947203820973 0.319877903643276 0.456262
5.5 40 0.174044847518865 0.442903050421051 0.649705
5.75 40 0.22066 0.578264018626375 0.855919
6 40 0.27202 0.729234232871029 1.0963
6.25 40 0.333836 0.913180550629843 1.39153
6.5 40 0.407885 1.1368647588892 1.75339
6.75 40 0.495845 1.40694491085853 2.1935
7 40 0.597744 1.72485480084376 2.71577
7.25 40 0.71333 2.09108987559488 3.32137
7.5 40 0.837369 2.49192 3.98974
7.75 40 0.963426 2.90839 4.69221
3 50 0.00100508273769333 0.00119290745614982 0.00138280280141954
3.25 50 0.00187757067466447 0.00226660110702495 0.00260980437637578
3.5 50 0.00335681439877259 0.00432992 0.00498687731654301
3.75 50 0.00581896902037448 0.00825254 0.00972854363254731
4 50 0.0097651185587059 0.0155473 0.0187030822769383
4.25 50 0.0159264320516089 0.0286695 0.0354663093137435
4.5 50 0.0254439122394047 0.0512838 0.0667417165384783
4.75 50 0.0399810982042528 0.0883183 0.120563588325695
5 50 0.0611722636249182 0.144675 0.205297098069537
5.25 50 0.0928410967226545 0.231482 0.336491041404063
5.5 50 0.125478482251814 0.324318 0.479878914868541
5.75 50 0.158607116869772 0.420179 0.632394960969269
6 50 0.197327964893526 0.531762 0.811341209504297
6.25 50 0.244992129035614 0.668102 1.03118642533347
6.5 50 0.304338963511762 0.836373 1.30420156509353
6.75 50 0.378527788549931 1.04485 1.64594
7 50 0.467587 1.30622000000001 2.06556
7.25 50 0.568681 1.64282000000001 2.58790145598485
7.5 50 0.678325995609032 2.03902 3.23174
7.75 50 0.799824 2.46722 3.95964555437933
3 70 0.000618667 0.000824955950114996 0.00113997773506181
3.25 70 0.00115879 0.00155066 0.00216088879380765
3.5 70 0.00208380158611502 0.00293123617437479 0.00410857720443682
3.75 70 0.00359320207133116 0.00544112 0.00777554028737872
4 70 0.00600091734942302 0.0103092751551041 0.0147285717744617
4.25 70 0.00976343434498092 0.018940252266629 0.028424741450826
4.5 70 0.0155684247243391 0.033864 0.0533345287182645
4.75 70 0.0244238166850386 0.0611648 0.0962420834717137
5 70 0.037337391867814 0.101668785765107 0.163710241870494
5.25 70 0.0567648435967495 0.162043540452341 0.268023211875281
5.5 70 0.0770247883249472 0.227919163883487 0.383162804449491
5.75 70 0.0979082909714826 0.296655 0.505569217149246
6 70 0.122415857907045 0.378778 0.652112669482434
6.25 70 0.15324615420148 0.483234 0.83878698758821
6.5 70 0.191616162476487 0.615400177897814 1.07706019543562
6.75 70 0.238840911900725 0.781109 1.38010379078837
7 70 0.296711705409656 0.985140000000001 1.76559043017017
7.25 70 0.366324072980936 1.23479 2.24895128040969
7.5 70 0.447066 1.52955 2.81736752541073
7.75 70 0.538754 1.86974000000001 3.51475211776823
3 100 0.000361154386734303 0.000601332316631587 0.000914552955367633
3.25 100 0.000672210428326388 0.00113122182189067 0.00173293137690995
3.5 100 0.00122961141549133 0.00207629735271083 0.00329646260666592
3.75 100 0.00222424329802354 0.0036585116026941 0.00623106390757899
4 100 0.0037229307977527 0.00671097163100105 0.0116718343951821
4.25 100 0.00603197972922499 0.0121086963531474 0.0223315003208739
4.5 100 0.00957992650932905 0.0215497352643967 0.0418590677135963
4.75 100 0.0149861046564987 0.0375863551339153 0.0752069955731609
5 100 0.022850479246095 0.0614218810199804 0.127706726368397
5.25 100 0.0345635400192152 0.0974667279811229 0.208522975184889
5.5 100 0.0469027860441089 0.136874662993679 0.298274897997387
5.75 100 0.0597940184522777 0.178901850916324 0.395547519309811
6 100 0.0754281487224499 0.231389643206386 0.514008738082648
6.25 100 0.0953862166033056 0.300060139595333 0.666444776214255
6.5 100 0.120656456330657 0.388355925217964 0.862459342389886
6.75 100 0.152451900648404 0.501605115520842 1.11397409560488
7 100 0.192257897419976 0.646543500176253 1.43562827556658
7.25 100 0.241309319525119 0.828995503930779 1.84056083061975
7.5 100 0.300366 1.0534 2.29761687672756
7.75 100 0.371062 1.32703 2.89369265916592
3 130 0.000252615284096666 0.000443646413792839 0.000676553887690232
3.25 130 0.000476275975883899 0.000822453420909959 0.00127562863509853
3.5 130 0.000858794332635621 0.00147666792701658 0.00242703353044
3.75 130 0.00153361951290435 0.00264380297083374 0.00457592533725576
4 130 0.00263658261935251 0.00474731252591807 0.00855565267077976
4.25 130 0.00425999338797843 0.00855602638908018 0.0157208977736035
4.5 130 0.0067463597978696 0.0151413761094487 0.0293722571184953
4.75 130 0.0105189976391304 0.0263393087414989 0.0526656984902716
5 130 0.0160046622664705 0.0444620807543924 0.0892101452763065
5.25 130 0.0241220579886209 0.0702441309821796 0.144977808300727
5.5 130 0.0327082475368932 0.0983820922719887 0.207277984485169
5.75 130 0.0419782578228647 0.129279288324743 0.276394507087504
6 130 0.0533997616414786 0.167897561997044 0.362014808913809
6.25 130 0.0680662901885531 0.21708395024249 0.472850990978681
6.5 130 0.0868364972283805 0.2811849500419 0.616846050204846
6.75 130 0.110782357131827 0.364147929962709 0.804018756044783
7 130 0.140994652067508 0.470601151845551 1.04527280235686
7.25 130 0.178417898978042 0.604549957574545 1.35089678964776
7.5 130 0.223929 0.770184 1.71903642699359
7.75 130 0.279094 0.978584 2.18468474486872
3 200 0.000120385283837321 0.000212285421266182 0.000366633187735242
3.25 200 0.000227325462242751 0.000397723061237061 0.000684794515295687
3.5 200 0.000414156182839686 0.000744282809944792 0.00127639696276047
3.75 200 0.000727506175755325 0.00137441978938047 0.00241760380955258
4 200 0.00129092626221042 0.00233156390192641 0.00452320496601418
4.25 200 0.0020710535533579 0.00421866 0.00821313293970833
4.5 200 0.00325420628080933 0.00743264598331773 0.0144404881322718
4.75 200 0.00503410345268324 0.0125155888003336 0.0250120078453721
5 200 0.00759699974725589 0.0209654853364968 0.0419644591413206
5.25 200 0.0113673388291904 0.0337991198081821 0.0676669494132734
5.5 200 0.0154213862044238 0.0479259659877741 0.0964729173471076
5.75 200 0.0199960463611032 0.0637826798966644 0.129606916974256
6 200 0.0258143750875998 0.084167626839004 0.17169475060001
6.25 200 0.0334392012740338 0.111314170776051 0.227096259129388
6.5 200 0.0434027994450024 0.146881442286941 0.300301007423319
6.75 200 0.0561731184583114 0.193194255157319 0.395771661741649
7 200 0.0724960987774532 0.253500870406926 0.520322825349751
7.25 200 0.0928910189891186 0.330498258469693 0.679710393327861
7.5 200 0.11812 0.42782500259539 0.859769057506449
7.75 200 0.149372 0.549665 1.10795758366772
3 300 4.66636486128463e-05 8.73702348080709e-05 0.000169178178694125
3.25 300 8.50647724439783e-05 0.000164685511266854 0.000316305158647638
3.5 300 0.000160610195398869 0.000308508644955106 0.000588594199420495
3.75 300 0.000288624145357456 0.000569091670050572 0.0011063537389005
4 300 0.000487947418750047 0.000967871000000016 0.00205101481378872
4.25 300 0.000826251552575413 0.00173707 0.0036673607226901
4.5 300 0.00127966419607524 0.00311642488555729 0.00634916555967524
4.75 300 0.00195378473468493 0.00508983551207211 0.0106040630398629
5 300 0.00290825829359781 0.00825252163189515 0.0168317403384738
5.25 300 0.00431241903850864 0.0127652518943231 0.0260600826281898
5.5 300 0.00585211394544973 0.0181416095672034 0.0363745133649187
5.75 300 0.00763712660444872 0.0242371188202057 0.0489259791720369
6 300 0.0099824951893597 0.0321520111051744 0.0654984525474428
6.25 300 0.0130884387954659 0.0429214288034521 0.0874798371738921
6.5 300 0.0172048492017368 0.0573684007799699 0.116831803906355
6.75 300 0.0227128580198246 0.0775345508090331 0.156578432579339
7 300 0.0298607768977906 0.103251992117003 0.209043174150916
7.25 300 0.0387835884620744 0.135959518205488 0.275986886742161
7.5 300 0.049949 0.177738535261659 0.36177
7.75 300 0.0642478 0.232089 0.474289
3 500 4.06857096751411e-06 8.54266000000048e-06 2.22453303680756e-05
3.25 500 1.07992386526505e-05 2.37755000000002e-05 6.07500790542931e-05
3.5 500 2.85492930464968e-05 6.32321640306869e-05 0.000156649727232881
3.75 500 7.06169579429062e-05 0.000144305565859251 0.000380996542745233
4 500 0.00015185937459545 0.000308593552996936 0.000842118025756739
4.25 500 0.000279759762061776 0.000582937091852556 0.00165223336402071
4.5 500 0.00045698781357322 0.00101553416242841 0.00286869026315446
4.75 500 0.000660892395999359 0.00160113418782873 0.0044574108988902
5 500 0.000899973685167523 0.00239795182272674 0.00644448069004697
5.25 500 0.00117261460916332 0.00338158769610504 0.00872588093062575
5.5 500 0.00161682675846761 0.00471761415829981 0.0123144379765858
5.75 500 0.0022679354655127 0.00678330887783335 0.0175130569357438
6 500 0.00312486519894784 0.00959411767055292 0.0243329045247455
6.25 500 0.00423412737211497 0.01310422961174 0.0331601991761073
6.5 500 0.00565239624831115 0.0176573065823708 0.0444739499484044
6.75 500 0.00742001364563491 0.0235917958279916 0.0586646870631325
7 500 0.00965363653811437 0.0312084008191125 0.076755072995725
7.25 500 0.0125335492792955 0.0411786223144895 0.100337686146181
7.5 500 0.0161566 0.0539423 0.128195065156133
7.75 500 0.0205029 0.06958 0.164657202196073
3 700 9.29731650413304e-07 2.13074000000005e-06 7.61307104618605e-06
3.25 700 2.47066069338371e-06 5.93287000000013e-06 2.08401020141008e-05
3.5 700 6.51850108458207e-06 1.57999000000002e-05 5.38440403226171e-05
3.75 700 1.63224270011086e-05 3.90087994976455e-05 0.000131293430059026
4 700 3.73105637895968e-05 8.18620102430582e-05 0.000291064985383202
4.25 700 7.02806227086139e-05 0.000157577184733693 0.000573083425217242
4.5 700 0.000118835836676615 0.000273847000000001 0.000998867016046343
4.75 700 0.000176842196419909 0.000443600757284092 0.00155893129397921
5 700 0.000252720269913169 0.000651179255763187 0.00226531324861108
5.25 700 0.000341639235454063 0.000897520469632065 0.00308484058312737
5.5 700 0.000482377460673865 0.00129264 0.00438122254021582
5.75 700 0.000688337201733573 0.00189954 0.00627321005960575
6 700 0.000964741537647432 0.00276022 0.00877830905979334
6.25 700 0.00132907826513239 0.00393124665646439 0.0120505456714746
6.5 700 0.00180711812175261 0.00549985666047999 0.0162822671305818
6.75 700 0.00241921587779303 0.00754341999599003 0.0216388967398231
7 700 0.00320644420686314 0.0102263666655802 0.0285290483994711
7.25 700 0.0042369497117109 0.0135802758724593 0.0375932327706959
7.5 700 0.00555544 0.0179937428935937 0.0478897285513743
7.75 700 0.00716892 0.0236491695799574 0.0620065342167319
3 1000 1.21489138391204e-07 3.5310500000001e-07 1.77699168220331e-06
3.25 1000 3.23812724534216e-07 9.84818000000025e-07 4.8757452570291e-06
3.5 1000 8.5422852184537e-07 2.62944000000004e-06 1.26245434982647e-05
3.75 1000 2.1430722277936e-06 6.59307000000001e-06 3.0880858325457e-05
4 1000 4.96038502943184e-06 1.38042890295291e-05 6.87590182014714e-05
4.25 1000 1.00639097888867e-05 2.65753e-05 0.000136082784198863
4.5 1000 1.83112168775178e-05 4.69182831638922e-05 0.00023877258648536
4.75 1000 2.96966766531638e-05 7.85187444354923e-05 0.00037578315531861
5 1000 4.51508200734555e-05 0.000118555702650303 0.000551761362594952
5.25 1000 6.70745390186034e-05 0.000170400525339809 0.000760898400285211
5.5 1000 0.00010260181181936 0.000261187998621851 0.00109669342034096
5.75 1000 0.000158638290362083 0.000395031100577669 0.00159628650446599
6 1000 0.000235667247138714 0.000594285000000002 0.00227325953828961
6.25 1000 0.000342467232876655 0.000887452000000004 0.00317725883817816
6.5 1000 0.000487309870208049 0.00132819666614384 0.00437007777918341
6.75 1000 0.000677979406290227 0.00193428833324358 0.00590861112647148
7 1000 0.000930159927926087 0.00276469666662648 0.00791932746115801
7.25 1000 0.00126829985583963 0.00383222903022533 0.010600821401209
7.5 1000 0.00171163 0.00532938516040414 0.013794471273955
7.75 1000 0.00226887 0.00727824738876081 0.0181196919899518
