Var1 Var2 Var3 Var4 Var5
3 0 2.96519e-06 5.33020923188211e-06 7.66759999999999e-06
3.25 0 6.10738e-06 1.13044e-05 1.54774e-05
3.5 0 1.25648e-05 2.39569e-05 3.11896e-05
3.75 0 2.60463e-05 4.81629e-05 6.32574e-05
4 0 5.38322e-05 9.56906e-05 0.000128297
4.25 0 0.000110411 0.000188219 0.000262994
4.5 0 0.000223052 0.000363199 0.000527186
4.75 0 0.000457582 0.000726235169123632 0.00106536
5 0 0.000914917 0.00147992446089626 0.0021468
5.25 0 0.00173011 0.0030171 0.00497662
5.5 0 0.00316103 0.00598885 0.010242
5.75 0 0.00600061 0.0104185 0.0178847
6 0 0.0108111 0.0181127463246587 0.0270748
6.25 0 0.0178784 0.0302397727289772 0.0381652
6.5 0 0.0272395 0.0469429 0.0547027
6.75 0 0.0385378 0.0684129 0.0812568
7 0 0.0516354 0.0992004 0.122439
7.25 0 0.0643599580725373 0.135574 0.174957
7.5 0 0.0734098 0.168335 0.226775
7.75 0 0.0792775 0.193861 0.270436
3 2 2.94686e-06 5.22252320557598e-06 7.48761e-06
3.25 2 6.07154e-06 1.10486e-05 1.51228e-05
3.5 2 1.24946e-05 2.34272e-05 3.04923e-05
3.75 2 2.5857e-05 4.70603e-05 6.17622e-05
4 2 5.33493e-05 9.3375e-05 0.000125092
4.25 2 0.000109378 0.000183769 0.000256454
4.5 2 0.000220907 0.000354865 0.000514291
4.75 2 0.000453487 0.000718719302303237 0.00104094
5 2 0.000907439 0.00146541589598486 0.00209927
5.25 2 0.00173792 0.00296972 0.00488244
5.5 2 0.00320307 0.00590433 0.0100581
5.75 2 0.00617656 0.0104516 0.0178761
6 2 0.0113592 0.0190033848720235 0.0278942
6.25 2 0.018968 0.0320565735468457 0.040103
6.5 2 0.0288685 0.049584 0.0577675
6.75 2 0.0405201 0.071865 0.085355
7 2 0.0532855 0.102356 0.126337
7.25 2 0.064830621384744 0.136576 0.176248
7.5 2 0.07305 0.167518 0.225675
7.75 2 0.0786908 0.192432 0.268443
3 5 2.83525e-06 4.66278529510063e-06 6.66675e-06
3.25 5 5.83955e-06 9.85881e-06 1.34756e-05
3.5 5 1.20071e-05 2.09105e-05 2.71854e-05
3.75 5 2.4746e-05 4.20062e-05 5.49269e-05
4 5 5.08725e-05 8.32864999999999e-05 0.000111008
4.25 5 0.000104807 0.000165239 0.000229195
4.5 5 0.000213121 0.000330956794781917 0.000464105
4.75 5 0.000437256 0.000688193586052824 0.000942485
5 5 0.000874939 0.00140152017240689 0.00190108
5.25 5 0.00168734 0.00275546446618239 0.00428942
5.5 5 0.00318146 0.00527018805942685 0.00879328
5.75 5 0.00630786 0.0105177738920692 0.0162262
6 5 0.011781 0.0195720307564771 0.0266859
6.25 5 0.0194524 0.0327447633329576 0.0394637
6.5 5 0.0292587 0.0495105 0.0576223
6.75 5 0.0406288 0.0717457325969398 0.0852058
7 5 0.0523216 0.100439 0.123983
7.25 5 0.0625882379222445 0.131898 0.170202
7.5 5 0.0703996 0.161474 0.217549
7.75 5 0.0762099 0.186386 0.260014
3 10 2.39627e-06 3.37471e-06 4.77465e-06
3.25 10 4.91984e-06 7.16145297221999e-06 9.6458e-06
3.5 10 1.00786e-05 1.51094925843307e-05 1.94469e-05
3.75 10 2.06768e-05 3.09609764048053e-05 3.92532e-05
4 10 4.23359e-05 6.37167644229901e-05 7.92249e-05
4.25 10 8.84667000000001e-05 0.000133950532226948 0.000166641
4.5 10 0.000182606 0.000278624869286771 0.00034449
4.75 10 0.000373402 0.000575791198474077 0.000702495
5 10 0.000747234 0.00116898951893281 0.00141829
5.25 10 0.00148338 0.00235984531391043 0.00309991
5.5 10 0.00286358 0.00461545090168328 0.00627629
5.75 10 0.00549771 0.00893844779903977 0.0114998
6 10 0.0100086 0.0163084783499938 0.0195682
6.25 10 0.0166821 0.0269395 0.0311825
6.5 10 0.0254405 0.0416971 0.0483923
6.75 10 0.0353603 0.0618389 0.0733968
7 10 0.0454058 0.087038 0.107476
7.25 10 0.0551261 0.116307 0.150069
7.5 10 0.0631577 0.144967 0.195354
7.75 10 0.0695884 0.170258 0.23753
3 20 1.45189e-06 1.76733e-06 2.34458e-06
3.25 20 2.98246e-06 3.73659e-06 4.73773e-06
3.5 20 6.08591e-06 7.8185e-06 9.55486000000001e-06
3.75 20 1.25131e-05 1.64824e-05 1.94222e-05
4 20 2.57363e-05 3.46418e-05 3.94916e-05
4.25 20 5.3564e-05 7.21329396651551e-05 8.30091e-05
4.5 20 0.000110526 0.0001497621509999 0.000172502
4.75 20 0.000226956 0.000309263 0.000355816
5 20 0.000457787 0.000633013 0.000724515
5.25 20 0.000919424 0.00132377 0.00151935
5.5 20 0.00179588 0.00264981 0.00304608
5.75 20 0.00345642 0.0050794 0.00580979
6 20 0.00631429 0.00921997 0.0105343
6.25 20 0.0106402 0.0158373 0.0180933
6.5 20 0.0165901 0.0261731 0.0302085
6.75 20 0.0234353 0.0404851 0.048014
7 20 0.0311554 0.0596511 0.0737701
7.25 20 0.0395534 0.0837645855803139 0.108316
7.5 20 0.0475985882263543 0.109474 0.147622
7.75 20 0.0548306400145432 0.134255 0.187337
3 30 9.23238e-07 1.11216e-06 1.36439e-06
3.25 30 1.91596e-06 2.32744188387419e-06 2.77638e-06
3.5 30 3.92851e-06 4.83727713799149e-06 5.63874e-06
3.75 30 8.06249e-06 1.01578771604402e-05 1.15103e-05
4 30 1.65885e-05 2.11757e-05 2.39235e-05
4.25 30 3.44815e-05 4.44226e-05 4.93113e-05
4.5 30 7.12919e-05 9.24342000000001e-05 0.000102179
4.75 30 0.000148429 0.000193364 0.000214056
5 30 0.000304208 0.000398437495532801 0.000442604
5.25 30 0.000619711 0.000827 0.000925839
5.5 30 0.00122764 0.00167077 0.00187361
5.75 30 0.00234346 0.00320781 0.00360586
6 30 0.00425764 0.00591477 0.00666453
6.25 30 0.00721953 0.0104389 0.0118225
6.5 30 0.0113716 0.017694290124983 0.0203704
6.75 30 0.0163967 0.0282075 0.033497
7 30 0.0224139 0.0430856 0.0532442
7.25 30 0.029153575512864 0.0619498315439724 0.0801983
7.5 30 0.0361831613742192 0.0833855 0.112517
7.75 30 0.0432400039847367 0.106041 0.147986
3 40 6.62206e-07 7.85866402144768e-07 9.5621e-07
3.25 40 1.38396e-06 1.61723e-06 1.95713e-06
3.5 40 2.83683284457472e-06 3.36246e-06 3.93473e-06
3.75 40 5.86823e-06 7.07352000000001e-06 8.09319000000001e-06
4 40 1.21943e-05 1.51586e-05 1.69973e-05
4.25 40 2.53415e-05 3.17708e-05 3.50083e-05
4.5 40 5.25001e-05 6.60087e-05 7.21071e-05
4.75 40 0.000109506 0.000138071 0.000151403
5 40 0.000225045 0.000285008 0.000313756
5.25 40 0.000460667 0.000592327 0.000655043
5.5 40 0.000916886000000001 0.00119915 0.00132946
5.75 40 0.00175376 0.00232214 0.0025844
6 40 0.00319278 0.00433084 0.00484521
6.25 40 0.00539761 0.00769348 0.00868624
6.5 40 0.00850515 0.0131731 0.0151423
6.75 40 0.0124555 0.0214989 0.0254689
7 40 0.0172536564440953 0.0333037032330227 0.0412088
7.25 40 0.0227042553971587 0.0483515769056916 0.0626866
7.5 40 0.0286463620987062 0.0661306 0.0893205
7.75 40 0.0350943451795225 0.0860824 0.120179
3 50 5.18415315644582e-07 6.09946e-07 7.25363502404313e-07
3.25 50 1.06824454990779e-06 1.26202e-06 1.47352091098516e-06
3.5 50 2.17279e-06 2.59933e-06 3.002712751711e-06
3.75 50 4.51472e-06 5.47475e-06 6.22082717133166e-06
4 50 9.43902000000001e-06 1.15705e-05 1.30632085251245e-05
4.25 50 1.95865e-05 2.42041e-05 2.70132e-05
4.5 50 4.06734991477932e-05 5.04506e-05 5.55755374086812e-05
4.75 50 8.53912e-05 0.000106055589580358 0.000116851027460203
5 50 0.000176255947403298 0.000220187893725245 0.00024259718621006
5.25 50 0.000363768737361072 0.000457976 0.000505108034063045
5.5 50 0.000727462780703761 0.000930073 0.001026978261014
5.75 50 0.00139401208175337 0.00181393 0.00201216365092219
6 50 0.0025437 0.00341463032024828 0.00381856853468964
6.25 50 0.0042983 0.0061386739669721 0.00692787298395393
6.5 50 0.00678990999999999 0.0105833997581361 0.0122743093979173
6.75 50 0.00999934818420606 0.0173929 0.021094185852904
7 50 0.0139224814507332 0.0270736000000001 0.0348978495361921
7.25 50 0.0184889588157965 0.0396964000000002 0.0546653856301941
7.5 50 0.023704 0.0550892000000003 0.0809118929263435
7.75 50 0.0295073 0.0728757000000006 0.113629657551178
3 70 3.46077e-07 4.69608e-07 6.40336122092076e-07
3.25 70 7.15228999999999e-07 9.74162320358153e-07 1.30901285809477e-06
3.5 70 1.47102787637648e-06 1.99591779203998e-06 2.65842258362386e-06
3.75 70 3.02483672971061e-06 4.10778095622199e-06 5.45378217317349e-06
4 70 6.28837190415647e-06 8.5079e-06 1.12928535773435e-05
4.25 70 1.32616038617348e-05 1.80289598764251e-05 2.4017670449757e-05
4.5 70 2.78957857045991e-05 3.81708000000001e-05 5.12058928461526e-05
4.75 70 5.87896603958739e-05 8.04754000000001e-05 0.000108970040625606
5 70 0.000122294674665418 0.000167834 0.000229064270978695
5.25 70 0.000253432429303272 0.000350298 0.00047967077819571
5.5 70 0.000510037232229965 0.000707700580904137 0.000981126453517128
5.75 70 0.000975425305785935 0.00137047654601881 0.00192592473053292
6 70 0.00177617520314244 0.00252829 0.0036600483623839
6.25 70 0.00302878132583983 0.00435413000000019 0.00672408427535492
6.5 70 0.00482481409829271 0.0075540300000005 0.012034872368357
6.75 70 0.00714919390663104 0.0124655000000012 0.0207597818541211
7 70 0.0100322981233971 0.0195620000000029 0.0344038855603702
7.25 70 0.0135474213565822 0.0291594000000054 0.0543214803196192
7.5 70 0.0176945 0.041219100000006 0.0809639154757464
7.75 70 0.0224539 0.055551000000009 0.114469120878068
3 100 2.3113878764556e-07 3.98735108871794e-07 5.74827013398054e-07
3.25 100 4.78400114576458e-07 8.08952000000007e-07 1.16909498041388e-06
3.5 100 9.97638794333895e-07 1.62413000000004e-06 2.37786048594709e-06
3.75 100 2.08504221262898e-06 3.30371000000014e-06 4.8918998252266e-06
4 100 4.32024683277554e-06 6.81965000000038e-06 1.02219532524274e-05
4.25 100 9.3894381024463e-06 1.4359600000001e-05 2.18699370891871e-05
4.5 100 2.04491379338644e-05 3.04009000000026e-05 4.72750367506753e-05
4.75 100 4.43625259820205e-05 6.43335000000056e-05 0.000101945312216502
5 100 9.35719610503014e-05 0.000134845000000013 0.000216551008460003
5.25 100 0.000195920241226603 0.000282347000000027 0.000458670185763662
5.5 100 0.000398755845931453 0.000578190000000055 0.000948256995134924
5.75 100 0.000771884571439402 0.0011359200000001 0.00187969215685333
6 100 0.00141981062254336 0.00216064000000015 0.00360502463606807
6.25 100 0.00244810318952014 0.00398259000000013 0.00669677653963408
6.5 100 0.00393555393544047 0.00689409016956758 0.0120893395226543
6.75 100 0.00590072191359764 0.0104369936492975 0.0210410159429649
7 100 0.00839030766240264 0.0166093000000004 0.0350966637227905
7.25 100 0.011454302363102 0.0250279000000017 0.0554717089097983
7.5 100 0.0151547677354395 0.0358931000000029 0.0827687126137573
7.75 100 0.0195429393403961 0.049139100000005 0.117058665782478
3 130 1.90918830704268e-07 3.31281823421359e-07 4.78580662735485e-07
3.25 130 3.9490492421602e-07 6.64580000000011e-07 9.72122671287289e-07
3.5 130 8.15104838570155e-07 1.32706000000004e-06 1.9670297256672e-06
3.75 130 1.70922837776957e-06 2.70285000000013e-06 4.05435666683142e-06
4 130 3.63419859625276e-06 5.61851000000033e-06 8.51227956655637e-06
4.25 130 7.72388812834765e-06 1.19103000000009e-05 1.82276196445259e-05
4.5 130 1.70376095936414e-05 2.54873000000022e-05 3.9348681122555e-05
4.75 130 3.74129788850457e-05 5.45237000000054e-05 8.57072832017937e-05
5 130 8.0612202892695e-05 0.000115544000000011 0.000184578553253269
5.25 130 0.000170579274706869 0.000244236000000024 0.00039469587835284
5.5 130 0.000350507707808044 0.00050454300000005 0.000823986508357871
5.75 130 0.000684374172309164 0.00100052000000009 0.00164977840017788
6 130 0.00126631587015687 0.00191963000000014 0.00319317331941469
6.25 130 0.00219351755831118 0.00356989000000011 0.00598616701617369
6.5 130 0.00353766793088768 0.00621242612887813 0.0108872692946074
6.75 130 0.00533020718936932 0.00948309 0.0190955583292633
7 130 0.00761176465840787 0.0151912000000003 0.0320272205712016
7.25 130 0.0104269016879411 0.0229648000000015 0.0507971963400477
7.5 130 0.0138833 0.0330616000000026 0.0760849478527479
7.75 130 0.0180094835743621 0.0455799000000045 0.108347809162985
3 200 1.39039434024045e-07 2.36312000000005e-07 3.54586257804779e-07
3.25 200 2.87898170776072e-07 4.76364000000016e-07 7.18328635601323e-07
3.5 200 5.8671060950079e-07 9.56347000000046e-07 1.44989544011333e-06
3.75 200 1.20721820948801e-06 1.93129000000012e-06 2.96316967533384e-06
4 200 2.59471259800226e-06 4.0271700000003e-06 6.2457576324232e-06
4.25 200 5.7661536070646e-06 8.70631000000074e-06 1.36101499527805e-05
4.5 200 1.29859437123666e-05 1.9132100000002e-05 3.0096704334254e-05
4.75 200 2.86858322508204e-05 4.20506000000048e-05 6.64357000354732e-05
5 200 6.38959188664089e-05 9.1545600000011e-05 0.000145101972831164
5.25 200 0.000139952607284182 0.000196848000000024 0.000315585760763719
5.5 200 0.000293769238207695 0.000413054000000047 0.000669753769349005
5.75 200 0.000586325977329603 0.000841332000000086 0.00137862009657031
6 200 0.00110204286846607 0.00165627000000013 0.00273923155226108
6.25 200 0.001909363577531 0.00312058000000009 0.00520155430377385
6.5 200 0.00307005384788567 0.00543146823621733 0.00953188862460452
6.75 200 0.00461821330809378 0.00836379752497245 0.0167949109153027
7 200 0.00658897216051164 0.0134430000000002 0.0281990719478952
7.25 200 0.00904667060766728 0.0203394000000011 0.0447865712451701
7.5 200 0.0120650586565037 0.0293161000000031 0.0671452390997992
7.75 200 0.0159134531796499 0.0408848000000037 0.0966747602135846
3 300 8.28901187131511e-08 1.37731000000006e-07 2.15434989281318e-07
3.25 300 1.70861188209661e-07 2.80118000000015e-07 4.39229393163093e-07
3.5 300 3.53925412114684e-07 5.67672000000037e-07 8.90675149560501e-07
3.75 300 7.33566091442917e-07 1.14954000000009e-06 1.81643519490631e-06
4 300 1.58270142312766e-06 2.44606000000023e-06 3.89086202733016e-06
4.25 300 3.58871839811238e-06 5.49282000000054e-06 8.78043171823297e-06
4.5 300 8.48486903253543e-06 1.26692000000015e-05 2.03100223838367e-05
4.75 300 2.00410572725424e-05 2.92587000000034e-05 4.70117926832295e-05
5 300 4.66362502812577e-05 6.68520000000081e-05 0.000107570673166883
5.25 300 0.000105725997154973 0.000150354000000019 0.000242007297991835
5.5 300 0.000234500499485428 0.00032831600000004 0.000527914445652657
5.75 300 0.000486395914632013 0.000692340000000074 0.00112361594731455
6 300 0.000934271333224454 0.00140256000000011 0.00229868881846702
6.25 300 0.00165873168772792 0.00272987000000007 0.00450965111569628
6.5 300 0.0027169818228394 0.0048625613098161 0.00847457162719
6.75 300 0.00410019162036764 0.0075566116600273 0.0150404748840129
7 300 0.0058580310802787 0.0121988063455191 0.0253301525116385
7.25 300 0.00811822756572829 0.0195377868237755 0.0406012350292586
7.5 300 0.0109333418831206 0.0270573000000015 0.0613698751244717
7.75 300 0.0145134653951978 0.0379110000000029 0.0887527364062688
3 500 1.52324593888418e-08 2.34903000000018e-08 3.84848303595924e-08
3.25 500 4.01140926680844e-08 6.15396000000051e-08 1.0087729283415e-07
3.5 500 1.04794246327441e-07 1.59847000000014e-07 2.61489116483429e-07
3.75 500 2.70602347714839e-07 4.10258000000039e-07 6.71757819919757e-07
4 500 6.56606073021968e-07 9.89384000000102e-07 1.6234111294857e-06
4.25 500 1.49082188589954e-06 2.23345000000025e-06 3.67084779065396e-06
4.5 500 3.25593558991213e-06 4.85179000000057e-06 7.97271245160059e-06
4.75 500 7.07938321590179e-06 1.04145000000013e-05 1.7105509671918e-05
5 500 1.52382772238479e-05 2.23722000000028e-05 3.67114008572204e-05
5.25 500 3.34477670558752e-05 4.83522000000061e-05 7.92045226010508e-05
5.5 500 7.46770326040451e-05 0.000106422000000013 0.000173791257949992
5.75 500 0.000166999148522866 0.000238947000000025 0.000387912369878452
6 500 0.000358642249795567 0.000545539000000038 0.000878371447743217
6.25 500 0.00074106436457751 0.00124554000000002 0.00202099301044638
6.5 500 0.00143565047261183 0.00260869813855589 0.00451791912246973
6.75 500 0.0025883105063798 0.00493704 0.00961116248634261
7 500 0.00428213033759236 0.00917751676354828 0.0187670777017471
7.25 500 0.0065192901687975 0.0154673 0.0330404247428746
7.5 500 0.00935026247379713 0.0239055000000007 0.0531243160316952
7.75 500 0.012856737267736 0.0346343000000017 0.0794337745370227
3 700 8.06356277751379e-09 1.19597000000012e-08 2.00191213872619e-08
3.25 700 2.13578160023175e-08 3.1593200000003e-08 5.28804544378503e-08
3.5 700 5.62084682877548e-08 8.28895000000086e-08 1.38513106782709e-07
3.75 700 1.46455275792476e-07 2.15249000000022e-07 3.5910563590018e-07
4 700 3.59132566384378e-07 5.26006000000057e-07 8.77833773193548e-07
4.25 700 8.25139944688557e-07 1.20445000000014e-06 2.01036025508532e-06
4.5 700 1.82509304937526e-06 2.65627000000032e-06 4.42999292930401e-06
4.75 700 3.98492624437498e-06 5.79078000000071e-06 9.64267851373611e-06
5 700 8.68252162161641e-06 1.26336000000016e-05 2.09955325945945e-05
5.25 700 1.90238820876435e-05 2.77212000000034e-05 4.59420084978438e-05
5.5 700 4.22594185329627e-05 6.19080000000073e-05 0.000102158000332467
5.75 700 9.66875210011534e-05 0.000140879000000014 0.000230769022086011
6 700 0.000211060091145186 0.000325450000000018 0.000526125460485777
6.25 700 0.000436180247437343 0.000748017332904068 0.00119618771986279
6.5 700 0.000845583146548802 0.00155434413022974 0.00269194766653693
6.75 700 0.00152902449517616 0.00301409843370644 0.00575569755551226
7 700 0.00253864971167933 0.00563023338870749 0.0112836302888039
7.25 700 0.00387988478378958 0.00946608850254421 0.0198954919316567
7.5 700 0.00559813139459079 0.014761 0.0321639566550419
7.75 700 0.00773266653619595 0.0214642000000005 0.0482693335808929
3 1000 3.72247162035804e-09 5.38214000000055e-09 9.14211080176773e-09
3.25 1000 9.91494418593304e-09 1.42919000000015e-08 2.42683667320003e-08
3.5 1000 2.62656101273121e-08 3.7750200000004e-08 6.4070736980555e-08
3.75 1000 6.88991422355306e-08 9.88430000000106e-08 1.67421334995716e-07
4 1000 1.70350362820253e-07 2.43927000000027e-07 4.1266975737696e-07
4.25 1000 3.95223711252153e-07 5.64932000000064e-07 9.55336665160755e-07
4.5 1000 8.83759929839677e-07 1.26203000000015e-06 2.13267720044581e-06
4.75 1000 1.95313884539431e-06 2.78992000000033e-06 4.70552843030609e-06
5 1000 4.30205740205795e-06 6.17707000000072e-06 1.03922578934647e-05
5.25 1000 9.46969249143619e-06 1.37585000000016e-05 2.30654190095581e-05
5.5 1000 2.09395555272465e-05 3.11794000000034e-05 5.19864975062662e-05
5.75 1000 4.71370513951228e-05 7.19203000000055e-05 0.000118841365184042
6 1000 0.000108881942278159 0.000168093000000006 0.000273619017581396
6.25 1000 0.000230533037134708 0.000374912666577019 0.000621594431438136
6.5 1000 0.000448733043886883 0.000794922101462705 0.00137677383656346
6.75 1000 0.00081300603713534 0.00153435000000002 0.00295892311221095
7 1000 0.00135244006751876 0.0029133013768895 0.00582636214423388
7.25 1000 0.00207221003375955 0.0050498956281512 0.0103355711579264
7.5 1000 0.00299460411308642 0.00786135 0.0167441838800417
7.75 1000 0.00415477880131242 0.0114799 0.0252373468543843
