Var1 Var2 Var3 Var4 Var5 Var6 Var7
3 0 0.00131238 0.00146865 0.00207828 0.00231637566633295 0.00262481
3.25 0 0.00264949066730116 0.00294806 0.00411597307299186 0.00456618 0.00513036
3.5 0 0.00525031 0.00596048 0.00829428 0.0091501 0.0101072
3.75 0 0.0102086 0.0120375 0.0165774 0.0182875 0.0199108
4 0 0.0194948 0.0244074 0.0311141 0.0366273 0.0394315
4.25 0 0.0358889 0.0490067 0.0567899575082661 0.0730489 0.0790179
4.5 0 0.0631586 0.0926091290463704 0.114857420640199 0.140988 0.15773
4.75 0 0.106016 0.172012 0.227219075484746 0.261232 0.305486
5 0 0.168105 0.307292 0.425219155076292 0.463191 0.569589
5.25 0 0.253694 0.512385 0.743381622040202 0.909568 1.17572
5.5 0 0.347953 0.75865 1.1457278867271 1.50573 2.0301
5.75 0 0.470798 1.08579 1.69199807426006 2.02687 2.82186
6 0 0.594426 1.42851 2.16458 2.30924 3.28931
6.25 0 0.719093 1.78265 2.3146 2.57308 3.55126
6.5 0 0.857125 2.17717 2.49953 2.77365 3.87632
6.75 0 1.01743 2.64575 2.93769 3.12674 4.45705
7 0 1.17739342123841 3.17099 3.40277 3.61076 5.19861
7.25 0 1.32168042676147 3.63005217079967 3.86003545512064 4.08304 5.93059
7.5 0 1.40758931473136 3.91448688299801 4.16412 4.39472 6.4353
7.75 0 1.44839563529303 4.04964351960419 4.3257 4.56501 6.74107
3 2 0.0013069 0.00146236 0.00204284 0.00227720974448842 0.00257928
3.25 2 0.00263969077460222 0.00293664 0.0040490451755717 0.00449132 0.00504519
3.5 2 0.00522616183143353 0.00594088 0.00816324 0.00900597 0.00994652000000001
3.75 2 0.0101684 0.0119892 0.0163096 0.0179908 0.0195857
4 2 0.019399 0.0242917 0.0305971 0.0360172 0.0387727
4.25 2 0.0356747 0.0487126 0.0564420445029495 0.0717827 0.0776327
4.5 2 0.0627111 0.0932999256396189 0.114021384049996 0.138461 0.154875
4.75 2 0.105265 0.170792 0.225587578337326 0.256726 0.300168
5 2 0.167014 0.305231 0.422208232378464 0.453981771302003 0.559869
5.25 2 0.25436 0.513721 0.745253073218643 0.895013 1.15668
5.5 2 0.353531 0.770787 1.16394676126146 1.4899 2.00836
5.75 2 0.486905 1.12288 1.74960166900123 2.03840354447589 2.84378
6 2 0.627274 1.50732 2.244 2.39442 3.40993
6.25 2 0.775365 1.92192 2.47387 2.74969 3.79484
6.5 2 0.931666 2.36627 2.70601393834312 3.00426 4.19836
6.75 2 1.08822 2.8325 3.14081 3.34392 4.73622385097544
7 2 1.22557576013019 3.30089 3.54248 3.75776 5.41054
7.25 2 1.34216584114173 3.68585724991195 3.91945548115596 4.14589 6.02202
7.5 2 1.4063137316335 3.90904366326393 4.1715 4.40258 6.44715
7.75 2 1.44193662934207 4.05523291513811 4.31603 4.55477 6.72608
3 5 0.00127048 0.00142092 0.00187622 0.00209303039262174 0.00236557
3.25 5 0.00255988284780815 0.00284757 0.00371122275488192 0.00411855 0.00462187
3.5 5 0.00506259 0.00574419 0.00746997 0.00824341 0.00909756
3.75 5 0.00981354 0.0115671 0.0149176 0.0164498 0.0178996
4 5 0.0186841 0.0233868 0.0279594 0.0329057 0.035426
4.25 5 0.0343389 0.0468946 0.054265150639108 0.0657225787350129 0.0710157
4.5 5 0.060425 0.0874526 0.109835070571372 0.127196 0.142155
4.75 5 0.101149 0.164108 0.216556440344601 0.235907 0.275608
5 5 0.160299 0.292944 0.387336 0.417917 0.513439
5.25 5 0.248754 0.502347 0.728431401647377 0.809717 1.04557
5.5 5 0.357989 0.780369 1.177866769141 1.35731 1.8279
5.75 5 0.506193 1.16703 1.7813821068384 1.91926 2.66925
6 5 0.663623 1.59396 2.22473 2.42088 3.35645
6.25 5 0.819121 2.02927 2.51765 2.79609 3.85812
6.5 5 0.967761733855191 2.45937 2.77930522686133 3.07494 4.29621
6.75 5 1.10004 2.87399 3.17039 3.37625 4.79734579716671
7 5 1.21272731495457 3.26667 3.50734 3.71432 5.34951
7.25 5 1.3064180660231 3.58548693889394 3.81693603284387 4.03282 5.85929
7.5 5 1.36545706964386 3.80522346819761 4.04819 4.27241 6.25784
7.75 5 1.40699208733012 3.93156742932168 4.20021 4.43252 6.5471
3 10 0.00111144 0.00124122 0.00146771 0.00163479 0.00183378
3.25 10 0.00221321203833055 0.00246045 0.00287041 0.00317385 0.00355245
3.5 10 0.00433021 0.00490622 0.0056966 0.00629256 0.00693096
3.75 10 0.00836849 0.00985335 0.011396 0.0125535 0.013642
4 10 0.0158823 0.0198661 0.0226053021805496 0.0251139 0.0270962
4.25 10 0.0291898781374402 0.0382608729622491 0.046077424969124 0.0504132633725175 0.0544861
4.5 10 0.0515666 0.073805 0.0904778663313294 0.0985521 0.109828
4.75 10 0.0857661 0.139097 0.169823 0.182728 0.212956
5 10 0.135537 0.247625 0.30388 0.325991 0.395867
5.25 10 0.212637 0.429237 0.559489 0.600095 0.772883
5.5 10 0.309624 0.674502 0.914498 0.979826 1.31586
5.75 10 0.435889 1.00395 1.31818 1.46344 1.93874
6 10 0.568394 1.36337 1.68462 1.8686 2.53386
6.25 10 0.705637 1.74515 2.01909 2.23709 3.08486
6.5 10 0.83887 2.12535 2.4015137380961 2.5708 3.58933
6.75 10 0.953295 2.48956 2.70988 2.88993 4.12653
7 10 1.05670389379275 2.84602 3.04427522653591 3.22575 4.65028
7.25 10 1.15576675015703 3.16789860507125 3.37283745322093 3.56299 5.18098
7.5 10 1.23119898200546 3.41224775027166 3.64324 3.84538 5.63655
7.75 10 1.28629442548383 3.60962626090122 3.84293 4.05543 5.99435
3 20 0.000712089 0.000792218 0.00083671 0.000912066790618077 0.00101203
3.25 20 0.00140457651758039 0.00155944 0.00163372 0.00177841 0.0019544
3.5 20 0.00273413 0.00306613 0.00325428377156666 0.00353584 0.00380039
3.75 20 0.00526193 0.00598497497274749 0.00648664370038041 0.00697208510370729 0.0074901
4 20 0.00993985 0.0117808 0.0131942 0.0140264260850703 0.015008
4.25 20 0.0180639 0.0230274 0.0262683 0.0278204739710013 0.0297385
4.5 20 0.0315215 0.0450711 0.0510602 0.0541245 0.0597161
4.75 20 0.0528718 0.0856746 0.0969276378456813 0.105846196804754 0.117649
5 20 0.0842346403431881 0.154026 0.173749779357838 0.189237 0.221411
5.25 20 0.133618 0.269279 0.307891660871286 0.33928 0.417147
5.5 20 0.196347 0.426786 0.492842813107863 0.544294 0.697755
5.75 20 0.268809 0.617268 0.703081555445845 0.770514 1.01973
6 20 0.344772 0.823765 0.924839333626358 1.0029 1.35812
6.25 20 0.429414 1.05716 1.17268 1.25486 1.7509
6.5 20 0.514452 1.31524 1.42587 1.52632 2.1645
6.75 20 0.612639074040177 1.60514 1.73305 1.83018 2.6227
7 20 0.716092564007156 1.91778036772323 2.04723682046763 2.1663 3.1328
7.25 20 0.822601109625691 2.23902109292563 2.38418261014585 2.51904 3.67353
7.5 20 0.920884315566654 2.52798398039971 2.70393 2.85353 4.19375
7.75 20 1.00470874260762 2.77709861144341 2.98626 3.15131 4.66603
3 30 0.000460663310780795 0.000494459 0.000530396 0.000560077 0.000616837
3.25 30 0.000898335703285513 0.000980208 0.00104375 0.00110879 0.00120452
3.5 30 0.00175967 0.00191347 0.0020688047860775 0.00218639718788054 0.00236853
3.75 30 0.00337505 0.00379384 0.00410234438033386 0.00433114071796146 0.0046855
4 30 0.00634029 0.00740016 0.0082484 0.00866162 0.00924022536549035
4.25 30 0.0115032 0.0147362 0.0163275 0.0171279 0.0184259188912304
4.5 30 0.0200396 0.0288447 0.0317887 0.0341957 0.03694896218814
4.75 30 0.0334669 0.0547421 0.0600124 0.0648874 0.0731526700070144
5 30 0.0533619 0.0983849 0.10755 0.116096 0.137799163583683
5.25 30 0.0857449 0.172432 0.19102 0.205925 0.258244
5.5 30 0.126636 0.27453 0.306 0.329589 0.427619
5.75 30 0.172329 0.395365 0.435501 0.468816 0.634444
6 30 0.218897 0.528678 0.57477 0.618554 0.84748749934341
6.25 30 0.274048 0.684445 0.743571 0.790365 1.11196018930987
6.5 30 0.338077 0.864268 0.928395652474627 0.986426 1.40587
6.75 30 0.412191269737609 1.07386959415226 1.14924833552608 1.21748 1.75266
7 30 0.495947284008379 1.31678524805881 1.40606345693713 1.48625 2.15838
7.25 30 0.588220788464272 1.58691144029996 1.69260647241871 1.78688 2.61607
7.5 30 0.682185933621665 1.85754128473421 1.99279 2.1029 3.09998
7.75 30 0.77490446141616 2.13306750357094 2.28807 2.41433 3.58775
3 40 0.000320446 0.00034498 0.000367523729367127 0.000385908 0.000423767
3.25 40 0.000626557 0.000674089 0.000718937496177207 0.000758327 0.000819427
3.5 40 0.0012132 0.0013399629929444 0.00141256 0.00150769 0.00160012
3.75 40 0.00231477 0.00260318 0.00280477 0.00299768 0.00317402
4 40 0.00433139 0.00515643 0.00565894 0.00594736434475102 0.00636044
4.25 40 0.00785254 0.0102521 0.011346 0.0117665 0.0127371269023727
4.5 40 0.0136973 0.0200511 0.0220883724325527 0.0233843 0.0256207874452958
4.75 40 0.022905 0.0379791 0.0413240685034267 0.0441765 0.0506727
5 40 0.0365605 0.0682145 0.0740527763703022 0.0790526 0.0953513
5.25 40 0.0583989 0.119698 0.131318 0.139642 0.17685
5.5 40 0.0868753 0.191063 0.209424 0.223492 0.294899
5.75 40 0.11859 0.277098 0.303472 0.321492 0.435782103584482
6 40 0.153802 0.373828 0.403863045843122 0.430042 0.598458
6.25 40 0.19405 0.484455554422415 0.521015445588599 0.553653 0.783952
6.5 40 0.241007 0.614210887668316 0.658804647662808 0.698344 1.00075
6.75 40 0.296922 0.770295490491252 0.8244872937715 0.872229 1.26209
7 40 0.362193 0.955100461681539 1.02080567986043 1.07837 1.57326427787503
7.25 40 0.436916 1.1596633067422 1.24979993269882 1.31916 1.94003
7.5 40 0.518312 1.40056592330792 1.50532 1.58837 2.35392
7.75 40 0.603685 1.6548258872777 1.77944 1.8775 2.80333
3 50 0.000241282383666384 0.000258218 0.000276359859333737 0.000292032 0.000319941
3.25 50 0.000469931832818004 0.00050601531182664 0.000543798 0.000572605 0.000619697
3.5 50 0.000919644234681019 0.00100050493253095 0.00107424 0.00112849097957822 0.00121681
3.75 50 0.00175230711098982 0.00197296309719876 0.00212728 0.00224422972607501 0.00240628
4 50 0.00327427302236859 0.00385592100147959 0.00422574 0.00447723599028555 0.00476618343079351
4.25 50 0.00592619253464443 0.00765522890664251 0.0083506 0.00887479 0.00950653886999546
4.5 50 0.0103259563654493 0.014961553946069 0.016262 0.0174273269663841 0.0191175441240241
4.75 50 0.0172394187792702 0.0283054145250658 0.0306741 0.0330444161915981 0.0376652709229812
5 50 0.0274926358539677 0.0507971924958816 0.0549543 0.0591428778600562 0.0708728718303836
5.25 50 0.0438784331361339 0.0892392 0.096952 0.103721817025929 0.130902
5.5 50 0.0652007471930828 0.142683 0.155287 0.165582720005968 0.218298
5.75 50 0.0897509264993406 0.207554 0.224805 0.239588191874888 0.325858
6 50 0.116722407013746 0.28075128031044 0.30277 0.323338154812548 0.448606
6.25 50 0.147118207998246 0.364708977192338 0.391390000000001 0.419960876260803 0.591296
6.5 50 0.182412121922984 0.464856 0.499025000000001 0.536789425567544 0.762234777728677
6.75 50 0.22734326064137 0.587916467737609 0.635983 0.683738357348396 0.974596616515847
7 50 0.283642909105616 0.737465067015796 0.800108000000001 0.868497050194596 1.22962588702192
7.25 50 0.34640374671417 0.916714116591768 1.00875 1.09902772216298 1.56229737362067
7.5 50 0.418663350039319 1.12248 1.23903 1.37577200507932 1.9701
7.75 50 0.497301536026794 1.3515 1.51005 1.70296 2.45211
3 70 0.000153095838658141 0.000169716309558254 0.00020728 0.000242907485476157 0.000268967351430727
3.25 70 0.000297998 0.000334361094401059 0.000401493000000001 0.000479305994342948 0.00052549660910316
3.5 70 0.000591561 0.000662334545643679 0.000782494000000001 0.000947612170825369 0.00103191745089025
3.75 70 0.00112943 0.00130481020565268 0.00150874493559602 0.00187199689585457 0.00202621581213576
4 70 0.00209864 0.00259537495708417 0.00295517 0.00370828762279995 0.00403487384522401
4.25 70 0.00379462 0.00512112734720094 0.00557221 0.00733646080625433 0.00812766600719302
4.5 70 0.00660846 0.00956831732464157 0.0107513 0.0142982761886483 0.0160747426616913
4.75 70 0.0110368 0.0178180518448652 0.0211127 0.0270024789144313 0.0317283161025245
5 70 0.0176347 0.0320409810201728 0.0384229 0.048481888460798 0.0599082998760764
5.25 70 0.0281859 0.056527510223612 0.0677987000000015 0.0854518178228235 0.110825937490837
5.5 70 0.0420413 0.090839905656817 0.108893000000006 0.137341816126761 0.18534994122198
5.75 70 0.0579931 0.13212179568631 0.157840000000012 0.199815252550925 0.277320863511217
6 70 0.0757345 0.179139381784616 0.213327000000003 0.272709 0.383869381911144
6.25 70 0.0964494 0.234551740274161 0.278517000000004 0.361747 0.510562881912639
6.5 70 0.121313 0.301592035353676 0.357275000000006 0.469434 0.665351801068206
6.75 70 0.151590668409971 0.384109582356509 0.454209000000008 0.602186 0.858650313105284
7 70 0.188908047188854 0.486671103719761 0.57483100000001 0.767875 1.1037910192004
7.25 70 0.234014373632292 0.613226950749106 0.723983000000014 0.973489 1.41397457862364
7.5 70 0.287018408635883 0.764197 0.902438000000012 1.22082 1.79616
7.75 70 0.348610728999748 0.941109 1.11207000000002 1.51265 2.25978
3 100 9.40668547515323e-05 0.000106526168491969 0.000150270000000009 0.000205468522706673 0.000229842020475319
3.25 100 0.000186463579737779 0.000208205485006683 0.000292198000000018 0.000404799563729411 0.000447142974395552
3.5 100 0.000361459742770168 0.000414282209420571 0.000572261000000031 0.000800036347262097 0.000880553014919885
3.75 100 0.000685982956879131 0.000802356934123795 0.00112499000000004 0.00158120736580847 0.00173297959941884
4 100 0.00128984779836135 0.00157745642723522 0.00222387484697318 0.00312167173692659 0.00342136008405017
4.25 100 0.00233081946733286 0.00312734076728369 0.00419574803059055 0.00617107208678621 0.00684748519442917
4.5 100 0.00405607166565197 0.00612555715152077 0.00779541136319763 0.0120198288095132 0.0137505198798828
4.75 100 0.00679265262949678 0.0116164983100824 0.0141316280736526 0.0227685340290378 0.0267302921593943
5 100 0.0109080068151549 0.020525766177138 0.025311122475052 0.0410650659054731 0.0507059373430951
5.25 100 0.0174942711527428 0.0361045532703594 0.0452334749586754 0.0725710325191024 0.0940686669377355
5.5 100 0.0262049363147899 0.0551535660727942 0.0741066930586889 0.116946200254766 0.157898945544448
5.75 100 0.0362458302747575 0.080242867158002 0.111447430696859 0.170339437999544 0.237195198842809
6 100 0.0475348098552078 0.109125347113247 0.152393105715554 0.231693583428227 0.329790848295624
6.25 100 0.0609838072230118 0.143852048360615 0.20075792513908 0.305338962338374 0.441387763683351
6.5 100 0.0773479137255152 0.186436276361658 0.260085808662765 0.395648257559201 0.578444316535559
6.75 100 0.0976286019421399 0.239739239453845 0.334386788376458 0.508706931096719 0.750395440412433
7 100 0.122977060315878 0.307190563764408 0.428565000000002 0.651811292189911 0.968880506018955
7.25 100 0.154465900661295 0.392171065219965 0.547199000000005 0.832171853203688 1.24562186741827
7.5 100 0.192712 0.496615051069371 0.693592000000008 1.05449 1.58997
7.75 100 0.238706 0.624038714153118 0.872207000000013 1.32544 2.00953
3 130 7.06832212276502e-05 8.1228185914167e-05 0.000115914000000005 0.000155678153594879 0.000177022477160109
3.25 130 0.000139492460686985 0.00016036663786089 0.000225167000000008 0.000306263155225716 0.000345991966123496
3.5 130 0.00027375012878567 0.000314270677007668 0.000440404000000016 0.000603608454857627 0.000679106008726925
3.75 130 0.000518099353593298 0.000616029175456871 0.000867182000000014 0.00119192972598633 0.00133560790928708
4 130 0.000999534654146412 0.00118119969469283 0.00165679305969172 0.0023567078598159 0.00263794498787117
4.25 130 0.00180117861528113 0.00233212804700035 0.00318542141266955 0.004655970124252 0.00527210954965539
4.5 130 0.0031291154147849 0.00466678829764263 0.00587281982111698 0.0090689717882055 0.0106169360963634
4.75 130 0.00524738704439148 0.00876817859926808 0.0106764353354504 0.0172183038763554 0.0202161645966279
5 130 0.00844816069407425 0.0155820396153616 0.0192379026275433 0.031172988769449 0.0384599554309008
5.25 130 0.013558076436516 0.0274180296815545 0.035177811385445 0.0551759937181717 0.0714624750543896
5.5 130 0.020348515877976 0.0420629238299222 0.0568306480945734 0.089146859289003 0.120261838968484
5.75 130 0.0282943064450924 0.0612824147825822 0.0838897287902492 0.130600663241206 0.181688432756949
6 130 0.037337907629448 0.0838571775296436 0.117447474900026 0.178794979912179 0.254225631615632
6.25 130 0.0481800058013043 0.110492439100127 0.158158406030761 0.237003772857638 0.342192685070279
6.5 130 0.0614740670331199 0.144043151042869 0.207604525600023 0.30888108913045 0.450966253774924
6.75 130 0.0781458083387496 0.186478964669669 0.268671358446374 0.399815982836733 0.588865057017301
7 130 0.0991213599580597 0.240524488130707 0.346485033573779 0.515641671139731 0.76509972918176
7.25 130 0.125248147051081 0.308962082990731 0.444767806642053 0.662364613505187 0.988826438411307
7.5 130 0.157271 0.392341305923943 0.56697 0.843566 1.26848
7.75 130 0.196418 0.496793863897512 0.71825 1.06834 1.61645
3 200 3.91576691931049e-05 4.52943305024843e-05 6.90336000000006e-05 8.93030053477726e-05 0.000107452633934293
3.25 200 7.69812131800531e-05 8.8920791272287e-05 0.000134059000000001 0.000175006551337696 0.000209459945949582
3.5 200 0.000150420617561047 0.000175649921745568 0.000259291062159768 0.000343831371166461 0.00040912151735237
3.75 200 0.000298675913344697 0.000345327331387164 0.00049856004297944 0.000682001429835994 0.000807618456356015
4 200 0.000555711540066795 0.000677608902050125 0.000975079375343131 0.00135148684039703 0.0015943686659008
4.25 200 0.00100395762803872 0.0013429742049595 0.00180749000000002 0.00266096159558535 0.00312882900147062
4.5 200 0.0017394196923071 0.00258445327310318 0.00343106322199112 0.00516473176526772 0.00610821123960413
4.75 200 0.002916222206263 0.00490558257973931 0.00619246 0.00980528671235515 0.0120411931583381
5 200 0.00471383262901955 0.00889765953594016 0.0109885276274883 0.0178048431092467 0.0219554124591488
5.25 200 0.00760154538362328 0.0152969464421217 0.0204071675894269 0.0316385636476586 0.0408670074109715
5.5 200 0.0115011335823076 0.0242601425231788 0.0345330548821637 0.0513985053234607 0.0691789860811467
5.75 200 0.0162603484064702 0.0360382749929154 0.0513112824102697 0.0764148190486175 0.10592881595687
6 200 0.0218210808956178 0.0500908726494147 0.0712558999807309 0.106160308537225 0.150310467238005
6.25 200 0.0284652063606522 0.0664984374514608 0.0952777142557147 0.141930126292436 0.203900384822324
6.5 200 0.0367046915484012 0.0873865604784854 0.125123499413256 0.186497469195 0.27069297511011
6.75 200 0.0470797988736376 0.113826373518658 0.163014375562042 0.243075335741361 0.355581189627828
7 200 0.0602402364081298 0.147772914638039 0.21165411325255 0.315696897526795 0.464850259823221
7.25 200 0.0766877906979311 0.190917222681339 0.273403275351819 0.407852569534731 0.604194055861078
7.5 200 0.0967052544904985 0.244382549641205 0.351323 0.524096 0.781011
7.75 200 0.122620030299799 0.312947739375507 0.450317 0.671703 1.00696
3 300 1.83948686381597e-05 2.24581074366512e-05 3.42331958945438e-05 4.45615622227023e-05 5.78566326127306e-05
3.25 300 3.65126157013061e-05 4.44307485862456e-05 6.75578112461365e-05 8.78836903216109e-05 0.000113548490898194
3.5 300 7.18717129477104e-05 8.77508367965623e-05 0.000132333084155712 0.000173626269482476 0.000223248368636978
3.75 300 0.000141742893015118 0.000173593877930205 0.000253645623815581 0.000343140340934626 0.00043918750925259
4 300 0.00027867495818194 0.000338437530738994 0.000498017420759521 0.000676681363478173 0.000862565411422517
4.25 300 0.000496982952931643 0.000661222392176046 0.00096627265508134 0.00132228288965784 0.00167988049488768
4.5 300 0.000854746733446869 0.00127471250895677 0.00170968764868433 0.00254947241402405 0.00322965682632168
4.75 300 0.00143525041228031 0.00242159937637079 0.00307602000000004 0.00484512608645013 0.00612233618687493
5 300 0.00233505979550971 0.00442122313121106 0.00581002929723344 0.00885644973981767 0.0114481006080419
5.25 300 0.00380770373986674 0.0076258573224592 0.0102408832886759 0.0158973490808851 0.0210404178494215
5.5 300 0.00583371683141542 0.0123358108375869 0.0175285908722151 0.026156392834992 0.0350829213744507
5.75 300 0.00834144536404513 0.0185442461834399 0.026968117190691 0.0392984022483792 0.0543070032828161
6 300 0.0113243763439537 0.0260467640627224 0.0381378798485755 0.0551642443563462 0.0778318524256317
6.25 300 0.0149182357898652 0.0351322114333136 0.0521124860743845 0.0743654060370591 0.106399248550013
6.5 300 0.0194164738282322 0.0464085768827211 0.0696693498930224 0.0984485629310892 0.142207288337481
6.75 300 0.0252220302270882 0.0610019108248272 0.0921807697808694 0.129670035635614 0.188637606444165
7 300 0.0326647855472985 0.0800464357129898 0.121351684533681 0.170081322604775 0.248829326825382
7.25 300 0.0419344 0.104527559134435 0.158292559470704 0.221130747622 0.325160093421569
7.5 300 0.0535551 0.133362864327105 0.205394949440529 0.286136 0.422902
7.75 300 0.0684706 0.170622827393793 0.265377387457231 0.370918 0.551093
3 500 1.46447596025644e-06 2.00694020851031e-06 2.96157773450434e-06 3.99219452306989e-06 6.0079743034468e-06
3.25 500 4.06684974072619e-06 5.56904837993059e-06 8.18275000000002e-06 1.10340337425931e-05 1.65566939189474e-05
3.5 500 1.10688745468415e-05 1.50805835156887e-05 2.21860467048085e-05 2.98552081656793e-05 4.4653692274098e-05
3.75 500 2.86977000374286e-05 3.91668997967425e-05 5.8347977538654e-05 7.83155239055384e-05 0.000116724615431786
4 500 7.19344528159633e-05 9.80147029032579e-05 0.000144403203581795 0.00019603594301394 0.000291138538919598
4.25 500 0.00016872632938584 0.000229839382575277 0.000338052250607292 0.00045972706877763 0.000680345975194433
4.5 500 0.00033193885602748 0.000491186091885287 0.000682514986816567 0.000982678479854807 0.00144942931643192
4.75 500 0.000555312805417958 0.000927168938881001 0.00128839 0.00185998550942367 0.00273453266403912
5 500 0.000834363126499715 0.00156011760598738 0.00221704989005283 0.00313811543358002 0.00459876609486866
5.25 500 0.00112078492421011 0.00222432086356652 0.00325703277543832 0.00463712506151536 0.006773794786881
5.5 500 0.00148035449494727 0.00297090640618136 0.00462777424155424 0.00657280784387468 0.00957089494978136
5.75 500 0.00198578530338003 0.00406249379900345 0.00663661869976826 0.00925620634717306 0.0134350559555733
6 500 0.00270573739120674 0.00565335776603405 0.00926221945066894 0.0130275416269093 0.019223108095438
6.25 500 0.00370499740407929 0.00789709647716338 0.013012628856255 0.0182336210948851 0.0272054230921744
6.5 500 0.00503893326157383 0.0109400882570481 0.0181043316980413 0.0251884905859198 0.0378561993982021
6.75 500 0.00675920078242779 0.0148941823796524 0.024579719858467 0.0342030947972175 0.0514139514602545
7 500 0.00896092078463875 0.0198429339469893 0.032975194876523 0.0458333684615615 0.068799659297546
7.25 500 0.0118079458272415 0.0266912352989089 0.0440320794429913 0.0610261005976794 0.0914975356096403
7.5 500 0.0153969 0.0349678978872312 0.0581391385705599 0.080446 0.119651192602671
7.75 500 0.0197234 0.0453913484311872 0.0755161098903436 0.104275 0.155239156088345
3 700 4.51055926526863e-07 6.94563083474487e-07 9.53848000000157e-07 1.38611682615598e-06 2.40993894068026e-06
3.25 700 1.25349968698975e-06 1.92940946330904e-06 2.65060000000037e-06 3.842590006752e-06 6.65773852137703e-06
3.5 700 3.39576651125232e-06 5.22560072301341e-06 7.2341600000006e-06 1.03715891427067e-05 1.80057693451817e-05
3.75 700 8.87879950228702e-06 1.36334887026062e-05 1.92327000000005e-05 2.7264865549299e-05 4.72073926220457e-05
4 700 2.23140949225571e-05 3.42105789623011e-05 4.85188874390818e-05 6.84265698369194e-05 0.000118107308495987
4.25 700 5.25895147069406e-05 8.0474020110513e-05 0.000112394665678243 0.000160956018755132 0.000276840530075872
4.5 700 0.000112962543782986 0.000172588640269827 0.000233708538931845 0.00034526895862987 0.000591579060449218
4.75 700 0.000197285744932496 0.000327376857201858 0.00042921379675774 0.000656063614093808 0.00111946419745152
5 700 0.000297998659211458 0.000552599135132521 0.000732968662081665 0.00111166110329399 0.00188843653022413
5.25 700 0.000402677694056025 0.000790475518263083 0.00109310864540321 0.00165072197109676 0.00279040623154793
5.5 700 0.000535419187239028 0.00107089528092285 0.0015662287286734 0.00235280915037693 0.00395598593413742
5.75 700 0.000723344520862931 0.00144684816242003 0.00227216041087391 0.00333367904148037 0.00557302920555013
6 700 0.000993113603791011 0.0019863931525964 0.00322676194782949 0.00472427395256944 0.0078502283688815
6.25 700 0.00137074539810685 0.00274165482530384 0.0045186737027928 0.00666126412217786 0.011001291557061
6.5 700 0.00187972623451574 0.0038155658840901 0.00633489205433937 0.00927421414787587 0.0152252233423734
6.75 700 0.00254322957472576 0.00523407517452308 0.00873102795916799 0.0126964474657861 0.0207254504564927
7 700 0.00340234040963984 0.00696143226160372 0.0118749274933937 0.0171585597053213 0.0278643457886529
7.25 700 0.00452623578938489 0.00931908089782536 0.0160456935706983 0.0230496863131308 0.0372574364476693
7.5 700 0.0059636 0.0124141876910369 0.0214635 0.0306708 0.0493745
7.75 700 0.00772386 0.0162749410821078 0.0282284 0.0401514 0.0644093
3 1000 9.03515165303622e-08 1.65306562429432e-07 2.01659000000009e-07 3.46282090672264e-07 7.1454992145503e-07
3.25 1000 2.51230845469688e-07 4.58839642038555e-07 5.60522000000023e-07 9.55181400529728e-07 1.97722288679942e-06
3.5 1000 6.81478387095761e-07 1.23886151391827e-06 1.53044000000006e-06 2.58477235171896e-06 5.35832465197345e-06
3.75 1000 1.78587645834411e-06 3.25893183315439e-06 4.07139000000013e-06 6.84880414145202e-06 1.40833000948183e-05
4 1000 4.50137948531572e-06 8.19995126276128e-06 1.04114000000002e-05 1.70807779326942e-05 3.53367002494482e-05
4.25 1000 1.0652699789202e-05 1.93556483246479e-05 2.51887000000003e-05 4.08561475476502e-05 8.30932193095317e-05
4.5 1000 2.30403912326459e-05 4.1709997858014e-05 5.4169233194685e-05 8.80016640323944e-05 0.000178197466620371
4.75 1000 4.42633740975957e-05 7.97194594745733e-05 9.71290241144975e-05 0.000169255920711963 0.000338538428938697
5 1000 7.40123004771568e-05 0.000136071277871889 0.000165374110458251 0.000286768586799557 0.000573580942321382
5.25 1000 0.000101416623203032 0.000202143007962582 0.000247792985118827 0.000428809290538425 0.000851687612547702
5.5 1000 0.000136856580249369 0.000273734753097441 0.000356784000000002 0.000614613627585819 0.00121412373220013
5.75 1000 0.000188000122305366 0.000376024141393308 0.000512958000000006 0.000878391678258849 0.00172099466600971
6 1000 0.000262815330182964 0.000525665575112889 0.000750147000000009 0.00125744986362157 0.00244073831190926
6.25 1000 0.000369652039159964 0.000739340343813273 0.00109536000000001 0.00181458865554547 0.00344555784664343
6.5 1000 0.000516679955789356 0.00106111923821564 0.00158257000000002 0.00254223569070141 0.00480509513758999
6.75 1000 0.000712475081931933 0.00147014754172009 0.00224972000000002 0.00350412667117767 0.00659404009176861
7 1000 0.000971143248880979 0.00200416159268358 0.00315530000000002 0.00490895134226229 0.00893880822377156
7.25 1000 0.00131597916543159 0.00270688798170915 0.00439281000000002 0.00662528567114866 0.0120545682238029
7.5 1000 0.00176546 0.0036538 0.00604731 0.00886501 0.0161181
7.75 1000 0.00232793 0.004769 0.0081748 0.0117611 0.0212252
