Var1 Var2 Var3 Var4 Var5
3 0 8.00975e-06 1.38092209013391e-05 1.93451e-05
3.25 0 1.66514e-05 2.92947e-05 3.92457e-05
3.5 0 3.45946e-05 6.23111e-05 7.95834999999999e-05
3.75 0 7.23937e-05 0.000127227 0.000162341
4 0 0.000151182 0.000255745 0.000330322
4.25 0 0.000314129 0.000510407 0.000681854
4.5 0 0.000642911 0.000999818 0.00137823
4.75 0 0.00132613 0.00197476710562745 0.00279023
5 0 0.00266481 0.00402129168231316 0.00561152
5.25 0 0.005052 0.0083765 0.0127153
5.5 0 0.00919895 0.01665 0.0258079
5.75 0 0.0168794 0.0285596149518764 0.0450822
6 0 0.028444 0.0476812442906042 0.0695549
6.25 0 0.0429032 0.0799312463815272 0.100146
6.5 0 0.0597811 0.11932 0.144012
6.75 0 0.0791503 0.165016 0.208409
7 0 0.101048 0.22403 0.296357
7.25 0 0.121571737749232 0.287885 0.394164
7.5 0 0.134962 0.337956 0.478597
7.75 0 0.142745 0.372718 0.54008
3 2 7.96594000000001e-06 1.35033077778458e-05 1.89051e-05
3.25 2 1.65704e-05 2.86597e-05 3.8383e-05
3.5 2 3.44373e-05 6.0998e-05 7.78862e-05
3.75 2 7.19281e-05 0.000124458 0.00015865
4 2 0.000149932 0.000249886 0.000322331
4.25 2 0.000311469 0.000499064 0.000665624
4.5 2 0.000637435 0.000978644 0.00134646
4.75 2 0.00131573 0.00195662143142529 0.0027307
5 2 0.00264553 0.00398648091836683 0.00549701
5.25 2 0.00506729 0.00824327 0.0124757
5.5 2 0.00929949 0.0163993 0.0253445
5.75 2 0.0173011 0.0285592 0.0449844
6 2 0.0297304 0.0498141523919957 0.0714283
6.25 2 0.0454206 0.0846214157310275 0.105129
6.5 2 0.0635004 0.126351 0.152501
6.75 2 0.083481 0.173892 0.219629
7 2 0.104444 0.231490793762997 0.30628
7.25 2 0.12268 0.290507 0.397743
7.5 2 0.13447 0.336731 0.476881
7.75 2 0.141818 0.370303 0.53658
3 5 7.71054e-06 1.21385017996408e-05 1.69452e-05
3.25 5 1.60427e-05 2.57511e-05 3.44354e-05
3.5 5 3.33108e-05 5.48352e-05 6.99267e-05
3.75 5 6.9288e-05 0.000112002 0.000142126
4 5 0.000143915 0.000224804 0.000288174
4.25 5 0.000300422 0.000452963 0.000599598
4.5 5 0.000618866 0.000904839700773127 0.00122514
4.75 5 0.00127503 0.00188370437225164 0.00249181
5 5 0.00255938 0.00382981686482244 0.00501545
5.25 5 0.00493458 0.00746972932339518 0.0110772
5.5 5 0.00923568 0.0146821 0.0223997
5.75 5 0.0175475 0.027627612697853 0.0410288
6 5 0.0305677 0.0511381954859577 0.0683824
6.25 5 0.0465879 0.0868013359855714 0.104043
6.5 5 0.0646653 0.126919 0.153202
6.75 5 0.0839617 0.174193 0.220054
7 5 0.102707 0.227514 0.301012
7.25 5 0.118561 0.280590421249623 0.384575
7.5 5 0.12968 0.324778 0.460004
7.75 5 0.137499 0.359045 0.520246
3 10 6.67275e-06 9.16833e-06 1.24951e-05
3.25 10 1.38538e-05 1.92573251030562e-05 2.53697e-05
3.5 10 2.86389e-05 4.08745585802556e-05 5.14714e-05
3.75 10 5.93103e-05 8.47294883170379e-05 0.000104605
4 10 0.00012268 0.000175366381453775 0.000212358
4.25 10 0.000259301 0.000371200658533481 0.000448731
4.5 10 0.000540862 0.000777894903881539 0.000934915
4.75 10 0.00110623 0.0016048293534448 0.00190528
5 10 0.00221002 0.00324411338914559 0.00383177
5.25 10 0.00434413 0.00645714038888646 0.00818671
5.5 10 0.00824051 0.012432477246225 0.0163002
5.75 10 0.0152665 0.0237967268406332 0.0298753
6 10 0.0261073 0.0434891696160604 0.0516028
6.25 10 0.0400126 0.0716564 0.083526
6.5 10 0.0561308 0.107054 0.129267
6.75 10 0.0728632 0.149786 0.189336
7 10 0.0891816 0.197259435961285 0.261047
7.25 10 0.104421 0.247368510756872 0.339355
7.5 10 0.116497 0.291886 0.413506
7.75 10 0.125765 0.328469 0.475879
3 20 4.33722e-06 5.19552e-06 6.69548e-06
3.25 20 8.98501e-06 1.09589e-05 1.35772e-05
3.5 20 1.84639e-05 2.30293169305745e-05 2.75156e-05
3.75 20 3.82785e-05 4.86633e-05 5.62827e-05
4 20 7.93984000000001e-05 0.000102581 0.000115272
4.25 20 0.000166122 0.000214761 0.000241818
4.5 20 0.000344208 0.000445553833623277 0.000504102
4.75 20 0.000703015 0.000918822056600308 0.0010357
5 20 0.00140611 0.00185827 0.0020961
5.25 20 0.00277089 0.00381827 0.00431173
5.5 20 0.0052675 0.0075221 0.0084986
5.75 20 0.00961868 0.0141544 0.0159366
6 20 0.0162758 0.0251979 0.0286461
6.25 20 0.0251971 0.0422617 0.0491737
6.5 20 0.0360935 0.0666827 0.08059
6.75 20 0.0481182 0.0978227 0.123829
7 20 0.0613971 0.135764 0.179633
7.25 20 0.075205 0.178659290301938 0.245654766119238
7.5 20 0.0880720547138829 0.220918 0.312921
7.75 20 0.0993173411818103 0.259395 0.37562
3 30 2.91331e-06 3.45175e-06 4.16573e-06
3.25 30 6.08658e-06 7.24269e-06 8.50521e-06
3.5 30 1.2559e-05 1.51104905402078e-05 1.73493e-05
3.75 30 2.59001e-05 3.1677642798411e-05 3.54469e-05
4 30 5.35207e-05 6.61318e-05 7.38498000000001e-05
4.25 30 0.000111419 0.000138744 0.000152792
4.5 30 0.000230395 0.000288839 0.000315357
4.75 30 0.000474071 0.000598408 0.000654575
5 30 0.00095608 0.00122062 0.00133803
5.25 30 0.00189405 0.00247529827203954 0.00273767
5.5 30 0.00361593 0.00488229 0.00541923
5.75 30 0.00651108 0.00913216 0.0101964
6 30 0.0109264 0.0163741 0.0185314
6.25 30 0.0170169 0.027920884333825 0.0325435
6.5 30 0.0246808 0.0451307 0.054653
6.75 30 0.0336077 0.0681148 0.0863788
7 30 0.043966 0.0975295622786661 0.129192
7.25 30 0.0553278339582424 0.13169298784807 0.18115
7.5 30 0.0669634013055489 0.168037 0.237925
7.75 30 0.0784395585511131 0.204796 0.296328
3 40 2.17134e-06 2.53564423094882e-06 3.03595e-06
3.25 40 4.52914e-06 5.22018e-06 6.22677e-06
3.5 40 9.34439208249199e-06 1.08644e-05 1.2552e-05
3.75 40 1.93625e-05 2.28227e-05 2.57786e-05
4 40 4.02597e-05 4.86571e-05 5.40135999999999e-05
4.25 40 8.34267e-05 0.000101585028848447 0.000111308
4.5 40 0.000172069 0.000210895 0.000227816
4.75 40 0.000353327 0.000435716 0.000472432
5 40 0.000711509 0.000885583 0.000964944
5.25 40 0.00140986 0.00179233 0.00196747
5.5 40 0.00269 0.00353234 0.00389698
5.75 40 0.0048432 0.00664702 0.00739818
6 40 0.00814743 0.0120255 0.0136113
6.25 40 0.0126756 0.020657 0.0240719
6.5 40 0.0184379 0.0336796 0.0407633
6.75 40 0.0254032 0.0516662069088537 0.0654821
7 40 0.0336334356085088 0.0747742107596045 0.0991107
7.25 40 0.0429407515496343 0.102235329155045 0.140585
7.5 40 0.0529195621571884 0.132821 0.187932
7.75 40 0.0635734952807435 0.165918 0.239821
3 50 1.71234237091241e-06 1.98679e-06 2.33397910381977e-06
3.25 50 3.544137854337e-06 4.10971e-06 4.73988408798171e-06
3.5 50 7.20845e-06 8.46777e-06 9.65577036703579e-06
3.75 50 1.49796e-05 1.77889e-05 1.99920142015307e-05
4 50 3.12738e-05 3.74651e-05 4.18477078309705e-05
4.25 50 6.46605618858022e-05 7.8017e-05 8.62475074750348e-05
4.5 50 0.000133772848943204 0.00016196452717195 0.00017718203974993
4.75 50 0.000276273 0.000336561866478568 0.00036665700471016
5 50 0.000558750806301304 0.00068668927458873 0.000750327146554441
5.25 50 0.0011140697161766 0.00139242 0.00152541000945968
5.5 50 0.00213157938479803 0.00275093 0.00302551251317697
5.75 50 0.00384581622811378 0.00521466 0.00579559553310452
6 50 0.00649479958655273 0.00951625915295146 0.0107906703213018
6.25 50 0.0101108 0.0165004493726686 0.0192645972643998
6.5 50 0.0147304724633675 0.026984 0.0330706879951709
6.75 50 0.0203532996393324 0.0418735 0.0540399510982133
7 50 0.0270916495834993 0.0609711000000001 0.0835918124227109
7.25 50 0.0349181471971176 0.0842107000000004 0.122176067489657
7.5 50 0.0437428 0.111075000000001 0.169712974117685
7.75 50 0.0534632 0.141202000000001 0.22636619925989
3 70 1.14869e-06 1.55093e-06 2.07826124373421e-06
3.25 70 2.37595e-06 3.17322000000001e-06 4.2445330316274e-06
3.5 70 4.87731536905851e-06 6.50597246999758e-06 8.63113714963515e-06
3.75 70 1.00579093314087e-05 1.33241e-05 1.76607835540059e-05
4 70 2.08628268447381e-05 2.75776000000001e-05 3.64664587708408e-05
4.25 70 4.36512859148584e-05 5.81195000000001e-05 7.67829483311883e-05
4.5 70 9.11579589914441e-05 0.000122491000000001 0.000162475684733961
4.75 70 0.000188698045521713 0.000255336000000002 0.000340524973212814
5 70 0.000383681910853734 0.000522278000000004 0.000703643175484705
5.25 70 0.000769789988661986 0.00105149 0.00144124796392169
5.5 70 0.00148394656945211 0.00206294 0.00288448609542266
5.75 70 0.00267659493568811 0.003819 0.00554482725718459
6 70 0.00451282043802028 0.00673666000000025 0.010350769454464
6.25 70 0.00707501604711801 0.0117070000000008 0.018684514999829
6.5 70 0.0104113824905332 0.0193058000000019 0.0323639327449565
6.75 70 0.0144935441439434 0.0299404000000046 0.0530266996108681
7 70 0.0194636614688887 0.0439602000000084 0.0821498979176028
7.25 70 0.0254830079521332 0.0616557000000136 0.120863729867075
7.5 70 0.0325321 0.0828421000000134 0.16903561896641
7.75 70 0.0405972 0.107490000000019 0.227687615176322
3 100 7.71130899308858e-07 1.29166000000003e-06 1.87666186300635e-06
3.25 100 1.58715024824101e-06 2.5977900000001e-06 3.81261367433233e-06
3.5 100 3.30373577709436e-06 5.21076000000027e-06 7.74789768270859e-06
3.75 100 6.89293576056195e-06 1.05634000000006e-05 1.58817093606177e-05
4 100 1.42261197680147e-05 2.16830000000017e-05 3.29813967340568e-05
4.25 100 3.03092076839394e-05 4.52781000000044e-05 6.96899633919286e-05
4.5 100 6.53924798405204e-05 9.51765000000102e-05 0.000149225343721182
4.75 100 0.000139340439339295 0.000198890000000023 0.00031646704882876
5 100 0.000290757697074052 0.000410860000000043 0.000661446883140504
5.25 100 0.00059024979438359 0.000843631000000085 0.00137209154753341
5.5 100 0.00115140432151579 0.00169198000000015 0.00277721810009405
5.75 100 0.00209699133776412 0.00325786000000018 0.005396580176241
6 100 0.00356289805537671 0.00608927000000001 0.0101660126264321
6.25 100 0.00565343228074207 0.00995201977980901 0.0185623868446015
6.5 100 0.00840303164892997 0.015907126592595 0.0324098130605145
6.75 100 0.0118458256491183 0.0249866000000009 0.0534839035407158
7 100 0.0161224158647208 0.0371756000000026 0.0833332921127384
7.25 100 0.0213887054013392 0.0528033000000053 0.122912858413954
7.5 100 0.0276610826213526 0.0720692000000072 0.172149316461127
7.75 100 0.0350791735959011 0.0950003000000108 0.231711217505573
3 130 6.35680626236606e-07 1.06610000000003e-06 1.56388197202366e-06
3.25 130 1.30965591967496e-06 2.13314000000007e-06 3.16812577440313e-06
3.5 130 2.69291351045797e-06 4.25588000000024e-06 6.40521897156965e-06
3.75 130 5.61416684840491e-06 8.6170500000006e-06 1.31097860476539e-05
4 130 1.18579445380082e-05 1.77404000000015e-05 2.72581582991475e-05
4.25 130 2.4911449281997e-05 3.72597000000034e-05 5.77456714646137e-05
4.5 130 5.38237794560891e-05 7.90695000000086e-05 0.000123340472321244
4.75 130 0.000116331325854705 0.000167282000000019 0.000264112117125466
5 130 0.00024764219078282 0.000349993000000041 0.00056029741229771
5.25 130 0.000509189952097244 0.000726469000000075 0.00117494963750328
5.5 130 0.0010025583620844 0.00147232000000013 0.00240527031005652
5.75 130 0.00184033261333186 0.00286540000000016 0.00472584232358534
6 130 0.00314575683275248 0.00539765499397655 0.00898710977810245
6.25 130 0.00502323970420978 0.00888377921556396 0.0165584451616856
6.5 130 0.00750608980918329 0.0142503622236798 0.0291097084198946
6.75 130 0.010649915863537 0.0226945000000005 0.0483745563327787
7 130 0.0145788101268501 0.0339544000000022 0.0758009924893308
7.25 130 0.0194267033758762 0.0484160000000045 0.112233775455439
7.5 130 0.0252489660249267 0.0663656000000063 0.158265596161753
7.75 130 0.032270648032207 0.0881033000000078 0.213882835779476
3 200 4.46409641363731e-07 7.33726000000033e-07 1.11585588046372e-06
3.25 200 9.18644235630341e-07 1.47233000000009e-06 2.25102334126697e-06
3.5 200 1.86527952256967e-06 2.94477000000021e-06 4.52332570479747e-06
3.75 200 3.79155359027322e-06 5.92261000000049e-06 9.19702463480559e-06
4 200 8.04395820358248e-06 1.22342000000011e-05 1.91821699345887e-05
4.25 200 1.7643052605284e-05 2.62062000000026e-05 4.14039613408307e-05
4.5 200 3.92346388535897e-05 5.71979000000062e-05 9.07343223409248e-05
4.75 200 8.59635822252405e-05 0.000124661000000015 0.000198474312451324
5 200 0.000188252457453885 0.000268797000000034 0.000428524600685999
5.25 200 0.000404596777978633 0.000571775000000067 0.000915753123872539
5.5 200 0.000810031849272354 0.00118519000000011 0.00191772010948115
5.75 200 0.00152593593828222 0.00238798000000012 0.00390075277688823
6 200 0.0026638780312165 0.00458660616656108 0.0076402584400936
6.25 200 0.00426627928091702 0.0076292297903389 0.0142004700650116
6.5 200 0.00638228921441461 0.0123932626135857 0.0250752480851224
6.75 200 0.00908604742622225 0.0198328000000002 0.0418259668282269
7 200 0.0124797047260838 0.0297326000000014 0.065698235204563
7.25 200 0.016694801350369 0.0424731000000033 0.0974342328377387
7.5 200 0.0218233947020856 0.0584085000000047 0.137373085614067
7.75 200 0.0283263313658578 0.0785481000000073 0.189046024418412
3 300 2.55311839004157e-07 4.12918000000026e-07 6.52220964375464e-07
3.25 300 5.24055027602361e-07 8.3844500000006e-07 1.32788002496255e-06
3.5 300 1.07733255991064e-06 1.69741000000013e-06 2.68924220226133e-06
3.75 300 2.21497618844355e-06 3.4206700000003e-06 5.45212760657092e-06
4 300 4.73238248171713e-06 7.18329000000072e-06 1.15161768739668e-05
4.25 300 1.05944708495032e-05 1.59740000000017e-05 2.57244348290627e-05
4.5 300 2.4634949931195e-05 3.66229000000045e-05 5.90998222047624e-05
4.75 300 5.77444901072466e-05 8.42981000000107e-05 0.000136192907964804
5 300 0.000133631704180853 0.000191891000000022 0.000309961278347325
5.25 300 0.000298602438738922 0.000428738000000047 0.000690854190534023
5.5 300 0.00063064654900521 0.00092863100000008 0.00148748461616392
5.75 300 0.00122557256493924 0.00194252000000009 0.00312750884307948
6 300 0.00219009354391438 0.00379364994070287 0.00630579726517039
6.25 300 0.00359857418547527 0.00653638494905243 0.0120733674392516
6.5 300 0.00549579432073099 0.0109013578154322 0.0218006025138522
6.75 300 0.00788089324072761 0.017518098176749 0.0366497959822914
7 300 0.0108844020255221 0.0266116000000006 0.0578296891871381
7.25 300 0.0147267010127786 0.038392500000002 0.086609324024149
7.5 300 0.0194651440894096 0.0532872000000048 0.12320998328731
7.75 300 0.0254930034438082 0.0721653000000052 0.170179790760813
3 500 3.53288028037772e-08 5.43204000000041e-08 8.93089060050165e-08
3.25 500 9.36390417732423e-08 1.43283000000012e-07 2.35786818955369e-07
3.5 500 2.46401347347421e-07 3.75060000000033e-07 6.1609133017437e-07
3.75 500 6.44334868820157e-07 9.75505000000091e-07 1.60252655154024e-06
4 500 1.59860115883481e-06 2.40783000000024e-06 3.96247180935164e-06
4.25 500 3.70156144985287e-06 5.55116000000057e-06 9.14960900849466e-06
4.5 500 8.20862261779122e-06 1.22822000000014e-05 2.02415012679976e-05
4.75 500 1.79115092682145e-05 2.67797000000029e-05 4.40866429153316e-05
5 500 3.89954711403485e-05 5.83711000000064e-05 9.58811548092456e-05
5.25 500 8.59995277904199e-05 0.000127859000000012 0.000209066175362179
5.5 500 0.000189350229524401 0.000283157000000019 0.000458982327662108
5.75 500 0.000388355344303149 0.000628585000000015 0.0010028983983077
6 500 0.00075428951984539 0.00128906832880317 0.00217447410405549
6.25 500 0.00136943070889803 0.00253764917876747 0.00462830391013945
6.5 500 0.00230153060764963 0.00461525000000001 0.00922906138713409
6.75 500 0.00361852348520688 0.00841501202793428 0.0170389674457248
7 500 0.00534403899069495 0.0135557137685315 0.0287595110473232
7.25 500 0.00749469463965592 0.0204293 0.0446181674294154
7.5 500 0.0101922 0.0290562000000006 0.0650334801409425
7.75 500 0.0135122 0.0397732000000013 0.0907638052074686
3 700 1.80216138398787e-08 2.71759000000021e-08 4.5517972616369e-08
3.25 700 4.80978364563196e-08 7.22197000000058e-08 1.20963368832994e-07
3.5 700 1.27442304721831e-07 1.90742000000016e-07 3.19141379361271e-07
3.75 700 3.36004986495659e-07 5.01253000000044e-07 8.36808104575486e-07
4 700 8.41499785192343e-07 1.25165000000011e-06 2.09018300304729e-06
4.25 700 1.9685923250714e-06 2.92205000000027e-06 4.880734847121e-06
4.5 700 4.41206450704292e-06 6.55120000000064e-06 1.09361287773286e-05
4.75 700 9.7005991619414e-06 1.44786000000014e-05 2.41194856967994e-05
5 700 2.11257276044019e-05 3.19843000000029e-05 5.31011304481709e-05
5.25 700 4.59360078068487e-05 7.09580000000058e-05 0.000117106541438718
5.5 700 0.000101047590828918 0.000158958000000007 0.000259616918249191
5.75 700 0.000223382124900316 0.000354707665864819 0.000571748969508901
6 700 0.000435602185666274 0.00071098055467231 0.0012312763172122
6.25 700 0.00079352524643399 0.0014401581867462 0.00258133087832136
6.5 700 0.00133792027006898 0.0026735821145328 0.00516977635413338
6.75 700 0.0021105102025549 0.00479068113526867 0.00958066649195452
7 700 0.00312858013503765 0.00789136975871096 0.0162287251102737
7.25 700 0.00440643003375959 0.0118358712563173 0.025196618763341
7.5 700 0.00600486592171473 0.0169018 0.0369809945541877
7.75 700 0.00800642669068103 0.0233977 0.0518447878993267
3 1000 7.62364347700764e-09 1.17710000000008e-08 1.99832190683338e-08
3.25 1000 2.041540945205e-08 3.1437900000002e-08 5.33558747069421e-08
3.5 1000 5.44634243053312e-08 8.35625000000057e-08 1.41756241010538e-07
3.75 1000 1.44946064139104e-07 2.21304000000015e-07 3.74940947623081e-07
4 1000 3.6749016203567e-07 5.5768600000004e-07 9.42844698292954e-07
4.25 1000 8.69171351079204e-07 1.31578000000008e-06 2.2232745614199e-06
4.5 1000 1.96876074267047e-06 2.9843800000002e-06 5.03790205211648e-06
4.75 1000 4.37521155286155e-06 6.67773000000044e-06 1.12453593841923e-05
5 1000 9.62565324076327e-06 1.49376000000009e-05 2.5044864435146e-05
5.25 1000 2.09142087769597e-05 3.35394000000012e-05 5.58259974980848e-05
5.5 1000 4.52616126020812e-05 7.59497000000004e-05 0.000124917231824388
5.75 1000 9.97303626233532e-05 0.00016025 0.000277200594332387
6 1000 0.000210588377325681 0.000346779239013737 0.000600576723394107
6.25 1000 0.000385995334089627 0.000680169000000002 0.001237139022537
6.5 1000 0.000654488319729463 0.00122502000000003 0.00242928257627424
6.75 1000 0.00103817985583089 0.00226038774994854 0.00452099416105531
7 1000 0.00154780006751882 0.00384497397137961 0.0076895867336901
7.25 1000 0.0021920030229762 0.0058901742512738 0.0119897915059164
7.5 1000 0.0030144561203198 0.00844739 0.0176783070103643
7.75 1000 0.00404708478663921 0.0116735 0.0249097998995583
