Var1 Var2 Var3 Var4 Var5 Var6 Var7
3 0 1.497467039686e-06 1.7666e-06 2.6951e-06 3.2056311557447e-06 3.97597e-06
3.25 0 3.18899e-06 3.72097e-06 5.74054e-06 6.72755e-06 8.00022e-06
3.5 0 6.84932e-06 7.81748e-06 1.2155e-05 1.39227e-05 1.60749e-05
3.75 0 1.41989765167667e-05 1.65288e-05 2.57803e-05 2.89106e-05 3.2533e-05
4 0 2.87459442743998e-05 3.4788e-05 5.40920999999999e-05 5.95322000000001e-05 6.58092413909796e-05
4.25 0 5.77896404503912e-05 7.23874e-05 0.000111455 0.000122730330926295 0.000134542157221409
4.5 0 0.00011476870475296 0.000148289 0.000224079 0.00024951876494626 0.000269213262554489
4.75 0 0.000232560057617926 0.00030934 0.000454087 0.000498953 0.000544213052978141
5 0 0.000460728869005037 0.00063084 0.000916573 0.000990789 0.00109920695913126
5.25 0 0.000865843149508398 0.00122112 0.00213192 0.00228077 0.00257625081152045
5.5 0 0.00156729814554388 0.00226969 0.00441483 0.00468294 0.00538629479383473
5.75 0 0.00297055732427217 0.00439181 0.00781645 0.00821813 0.00959820431569971
6 0 0.00540428456920813 0.00798329 0.0120089 0.0124949 0.0147037666807317
6.25 0 0.00928748266523233 0.0135428 0.0171472 0.0176345 0.0206841467064868
6.5 0 0.0150231098010803 0.0219893984767928 0.0248412 0.0253443 0.0291481381222694
6.75 0 0.0225490043457081 0.034715 0.0364355 0.040064 0.0425493305718434
7 0 0.0317548926906307 0.0535662 0.0543426 0.0631422 0.0645521092386299
7.25 0 0.0409706 0.0772417048963526 0.0774362 0.0946844 0.0953351
7.5 0 0.0479383 0.100109 0.100414 0.128552 0.129349
7.75 0 0.0526759 0.119733 0.120143 0.160498 0.161597
3 2 1.48848237092333e-06 1.75569e-06 2.63588e-06 3.16362e-06 3.88798e-06
3.25 2 3.17002e-06 3.69886e-06 5.61680999999999e-06 6.58293e-06 7.82681000000001e-06
3.5 2 6.80906e-06 7.77167e-06 1.18971e-05 1.36283e-05 1.5732e-05
3.75 2 1.40979650992197e-05 1.6406e-05 2.52017e-05 2.82631e-05 3.17993e-05
4 2 2.84963153943754e-05 3.44713e-05 5.28264e-05 5.81279000000001e-05 6.42443710496515e-05
4.25 2 5.72559117881931e-05 7.16846e-05 0.000108817 0.000119787776837426 0.000131326442754251
4.5 2 0.000113663115431766 0.000146775 0.000218836 0.000243591817734478 0.000262836139745574
4.75 2 0.000230413047915129 0.000306263 0.000444032 0.000487756 0.000531977771570479
5 2 0.000456748107351494 0.00062484 0.000896843 0.000969166 0.00107504990570816
5.25 2 0.000870221553995732 0.00122595 0.00209529 0.00224077 0.00253023032571924
5.5 2 0.0015903373143582 0.00230025 0.00434632 0.00460852 0.00529773448962414
5.75 2 0.00306739242338634 0.00452892 0.00784271 0.00824295 0.00960627972875997
6 2 0.00570261155763065 0.00841362 0.0124269 0.0129271 0.0151977859008103
6.25 2 0.0098972257026668 0.0144192 0.0180946 0.0186067 0.0218122808974496
6.5 2 0.0159504688565765 0.0233667 0.0262738 0.0268883 0.0308182682293161
6.75 2 0.0236754466733781 0.0364451 0.038212 0.0420546 0.044617490602218
7 2 0.0327445933871966 0.0552372 0.0560248 0.0651108 0.0665494479624063
7.25 2 0.0412152 0.0776833487185092 0.0779053 0.0952589 0.0959108
7.5 2 0.0476633 0.0995386 0.0998416 0.127821 0.128615
7.75 2 0.0522595 0.118789 0.119196 0.159233 0.160326
3 5 1.43083322795554e-06 1.68611e-06 2.35924e-06 2.83273e-06 3.47744e-06
3.25 5 3.04236e-06 3.54997e-06 5.02847e-06 5.89569e-06 7.00292e-06
3.5 5 6.52735e-06 7.45034e-06 1.06514e-05 1.22056e-05 1.40781e-05
3.75 5 1.34781753978516e-05 1.5658e-05 2.24973e-05 2.52381e-05 2.83747e-05
4 5 2.71365961514889e-05 3.27613e-05 4.7052e-05 5.17861e-05 5.71833704144295e-05
4.25 5 5.47355541704351e-05 6.83726e-05 9.75226e-05 0.000107176460974272 0.000117565922377201
4.5 5 0.000109312490685082 0.000140741 0.000197855 0.000219851719682895 0.000237309694034167
4.75 5 0.00022140499510676 0.000293223 0.000402679 0.000441656 0.000481589227267765
5 5 0.000438908195292118 0.000597734 0.000813508 0.000877859 0.000972983540719341
5.25 5 0.000842905197390252 0.00118106 0.00184683 0.00197181 0.00222279939554053
5.5 5 0.00157886888528361 0.00226988 0.00381627 0.00403955 0.00463153210032112
5.75 5 0.00314909414084047 0.0046189 0.00717653 0.007532 0.00876170104125081
6 5 0.00596914945899778 0.0087534 0.0120044 0.0124755 0.0146214320150973
6.25 5 0.010192583813781 0.0147847 0.0178635 0.0183594 0.0214583034216484
6.5 5 0.0161541694136122 0.0236137 0.0261523 0.0271298 0.0306165754238972
6.75 5 0.0237020601313171 0.036471 0.0380567 0.0420544 0.0444073692820756
7 5 0.0321258852323565 0.0542024 0.0549099 0.0638791 0.0652162135471562
7.25 5 0.0397626 0.0749888781049252 0.0751922 0.0919436 0.0925578
7.5 5 0.0459344 0.0959481 0.096242 0.123218 0.123994
7.75 5 0.050583 0.114991 0.115386 0.154149 0.155217
3 10 1.20033393710937e-06 1.41035e-06 1.72637e-06 2.04624e-06 2.50431e-06
3.25 10 2.5356e-06 2.95897e-06 3.62204e-06 4.25218e-06 5.03761e-06
3.5 10 5.41669e-06 6.18384e-06 7.65968e-06 8.78777999999999e-06 1.01129e-05
3.75 10 1.11757903673564e-05 1.29141e-05 1.61306e-05 1.81145e-05 2.03259e-05
4 10 2.23873555608702e-05 2.6858e-05 3.36821e-05 3.71035e-05 4.08650304474115e-05
4.25 10 4.57560240222621e-05 5.6723e-05 7.10315e-05 7.77415135093996e-05 8.54008496444551e-05
4.5 10 9.26427440704501e-05 0.00011817 0.000147009 0.000162539608142255 0.000175660665010779
4.75 10 0.000187042083823466 0.000244975 0.000300503 0.000328237 0.000357686356278968
5 10 0.000370974539152816 0.000498358 0.000607904 0.000653496 0.000722642513793977
5.25 10 0.000735682428689165 0.00101409 0.00134179 0.00142667 0.00160091756334885
5.5 10 0.00141855674015935 0.0020025 0.00274617 0.00289479 0.00329576169527607
5.75 10 0.00273070097048583 0.00392774 0.00508787 0.00532088 0.00613541813228935
6 10 0.00502379700904488 0.00723859 0.00872176 0.00904091 0.0105012870634121
6.25 10 0.00871162744278753 0.0124794 0.0141854 0.014432 0.016700445940698
6.5 10 0.0140406192199019 0.0203967 0.0218632 0.023327 0.0254792297070436
6.75 10 0.0206713636124875 0.031754 0.0327539 0.036493616698764 0.0381479570085983
7 10 0.027894817657963 0.0470892 0.0475543 0.0554692 0.0564770994987315
7.25 10 0.0350259 0.0661150467360331 0.0663212 0.081107 0.0816101
7.5 10 0.0411556302238682 0.0860938 0.0863606 0.110586 0.111314
7.75 10 0.0461358 0.104923 0.105285 0.140671 0.141678
3 20 7.03898e-07 8.21586e-07 8.64052999999999e-07 9.96766e-07 1.21145e-06
3.25 20 1.47607e-06 1.71455e-06 1.83797e-06 2.0653e-06 2.43222e-06
3.5 20 3.11055e-06 3.551693151545e-06 3.91689e-06 4.25631e-06 4.87314e-06
3.75 20 6.41812e-06 7.41819379809904e-06 8.22357e-06 8.80088e-06 9.83219e-06
4 20 1.3051e-05 1.54199345456793e-05 1.68622e-05 1.8138e-05 1.98563687711349e-05
4.25 20 2.67253973513768e-05 3.24618e-05 3.52118e-05 3.78435e-05 4.14336114718099e-05
4.5 20 5.41277701749429e-05 6.74091e-05 7.31547e-05 7.94461e-05 8.55973062713574e-05
4.75 20 0.000109881913794252 0.000139804 0.000151214 0.000162926908606786 0.000176186279069456
5 20 0.000219993524211753 0.000285425 0.000308434 0.000328638 0.000358463266352053
5.25 20 0.000442684760983824 0.000585746 0.000653142 0.000683436 0.000759440668249266
5.5 20 0.00086809964848011 0.00117134 0.00132186 0.00137321 0.00154074306085783
5.75 20 0.00169403893721236 0.00231657090330383 0.00258443 0.00265617 0.00299067889747696
6 20 0.00317151041002828 0.00438795 0.00473499 0.00492744 0.00549507825418877
6.25 20 0.00556837925518634 0.00775665 0.00815116 0.00874921 0.00943860874962582
6.5 20 0.00921215799338321 0.0132007 0.0135834 0.0149393 0.0156703605535998
6.75 20 0.0137435448783789 0.0210484 0.0213356 0.0240602545876043 0.0247524926725646
7 20 0.0190814 0.0323035 0.0324465 0.0380138 0.0385065
7.25 20 0.0250691 0.0474628 0.0476142 0.0582482 0.058683
7.5 20 0.0309551 0.0648556 0.065065 0.0833643 0.0839928
7.75 20 0.0362923 0.0826486 0.082939 0.110856 0.111739
3 30 4.28398e-07 4.64646e-07 5.20715e-07 5.65757e-07 6.73671e-07
3.25 30 8.89244253248455e-07 9.89494e-07 1.09305e-06 1.19316e-06 1.37202e-06
3.5 30 1.85408e-06 2.09549e-06 2.27864e-06 2.45233e-06 2.76336e-06
3.75 30 3.77222e-06 4.39894e-06 4.74402e-06 5.02773e-06 5.57471e-06
4 30 7.69547000000001e-06 9.20974381803208e-06 9.95369e-06 1.04958e-05 1.12799e-05
4.25 30 1.58693e-05 1.96231286856578e-05 2.10001456928163e-05 2.16675968753987e-05 2.35526e-05
4.5 30 3.27266e-05 4.07706820162695e-05 4.30919e-05 4.50575667533591e-05 4.879e-05
4.75 30 6.81751e-05 8.58431000000001e-05 8.95986000000001e-05 9.47644000000001e-05 0.000101968760600527
5 30 0.00014021 0.000177973 0.000185415 0.000194108 0.000210593414756742
5.25 30 0.000290028550408053 0.000370892 0.000391944 0.000407102 0.000445098772735794
5.5 30 0.000581077643438952 0.000755503 0.000802443 0.000830033 0.000912743204743611
5.75 30 0.0011336207336572 0.00149914 0.00157105 0.00164553 0.0017923562047282
6 30 0.00212767918958707 0.00285219 0.00294872 0.00315752 0.00337348812007939
6.25 30 0.00378146036843065 0.0051577 0.00526933 0.00574781 0.00603155998939917
6.5 30 0.00632944783479964 0.00898527 0.00909435 0.010062039605128 0.0104196627848468
6.75 30 0.00962447 0.0147341843554239 0.0148295 0.0168131 0.0171382
7 30 0.0137521 0.0233707323328988 0.0234654 0.0275087 0.0277707
7.25 30 0.0185278 0.0351868 0.0353062 0.0432039 0.0436005
7.5 30 0.0235398 0.0494577 0.0496246 0.0636209 0.0641827
7.75 30 0.0286284 0.0653061 0.065541 0.0876368 0.0884336000000001
3 40 2.97003e-07 3.13613759191242e-07 3.59904717924638e-07 3.82184e-07 4.49219563190804e-07
3.25 40 6.14608e-07 6.63466e-07 7.49508000000001e-07 7.92221e-07 9.0645339344893e-07
3.5 40 1.26898e-06 1.39798e-06 1.53377e-06 1.65363e-06 1.83410454082544e-06
3.75 40 2.62131e-06 2.97794e-06 3.24738e-06 3.4392e-06 3.75438e-06
4 40 5.43778e-06 6.34504e-06 6.79049e-06 7.17127e-06 7.75437e-06
4.25 40 1.12793e-05 1.34557604049345e-05 1.429152260817e-05 1.49481e-05 1.60876e-05
4.5 40 2.32991e-05 2.82694495718868e-05 2.97098645335767e-05 3.13013e-05 3.33689e-05
4.75 40 4.86227e-05 5.99087552489931e-05 6.24847e-05 6.50984e-05 7.00759000000001e-05
5 40 0.000100348 0.000125324616946527 0.00012984 0.000135632 0.000145492
5.25 40 0.000209391 0.000264447488052089 0.000271731 0.00028616 0.000307221255855664
5.5 40 0.000426558 0.00054376 0.00055966 0.000586379 0.000632568426417952
5.75 40 0.000839995 0.00108803 0.00111265 0.0011831 0.00125998
6 40 0.00159028 0.00209417 0.00212822 0.00229629 0.00241177
6.25 40 0.00282525 0.00380506198664524 0.0038545 0.00421155 0.00436613
6.5 40 0.00473463 0.00668015056028866 0.00674609 0.007473 0.00765536
6.75 40 0.00733183 0.011234735321367 0.0113027 0.0127977 0.0129818
7 40 0.0106549 0.0181617 0.0182385 0.0213578 0.0216102
7.25 40 0.0144733 0.0275659 0.0276739 0.0338737 0.0342367
7.5 40 0.0186672 0.0393183 0.0394563 0.0506057 0.0511244
7.75 40 0.0232444 0.0530911 0.053286 0.0712535 0.07199
3 50 2.26776114513642e-07 2.40074749687309e-07 2.70822280908297e-07 2.91899881096577e-07 3.38680753945097e-07
3.25 50 4.74610836202085e-07 5.013693180274e-07 5.61753186788324e-07 5.99691542309838e-07 6.85619496691927e-07
3.5 50 9.72687429285638e-07 1.04936826459533e-06 1.15575540775469e-06 1.23111718143791e-06 1.38063744207609e-06
3.75 50 2.02869325272383e-06 2.24412293807682e-06 2.4301630391346e-06 2.59038741887427e-06 2.83238941497804e-06
4 50 4.22167437527879e-06 4.82166695576045e-06 5.15899106327387e-06 5.49131884815812e-06 5.85538565942303e-06
4.25 50 8.715127991614e-06 1.0214573879279e-05 1.08236e-05 1.14116105808939e-05 1.22182313438398e-05
4.5 50 1.7993983568985e-05 2.15492592470925e-05 2.25787900635665e-05 2.37320559925566e-05 2.53953122660792e-05
4.75 50 3.78739399224402e-05 4.58744253670888e-05 4.76460374620678e-05 4.96995877807806e-05 5.34864352885137e-05
5 50 7.86506959851573e-05 9.62505787075318e-05 9.93323176357541e-05 0.000103415 0.000111138
5.25 50 0.000164392917863357 0.000203878403854677 0.000209608335317532 0.000219511910460413 0.000234418528163289
5.5 50 0.00033641 0.000423571675640893 0.000433206727044018 0.000456608725170128 0.000484125430117832
5.75 50 0.000666208732911075 0.000851809210135156 0.000867601875242938 0.000923588127619699 0.000970689
6 50 0.00127165209095815 0.00165415 0.00167874146703184 0.00180149175397981 0.00187648485339458
6.25 50 0.00226905 0.00301998 0.00306993426456096 0.00331785394949774 0.00344660324645932
6.5 50 0.00384303870621046 0.0053334948944759 0.00545745885719989 0.00591926021619375 0.00615765238642402
6.75 50 0.00607677777151168 0.00904046 0.0093627155919262 0.0102514622002074 0.0107303687414628
7 50 0.00902193216406693 0.0147083 0.0154642333955655 0.0172734247495982 0.0182891850436392
7.25 50 0.012599979096109 0.0225518 0.0241732519321461 0.0277069113645311 0.0298412853593187
7.5 50 0.0168788 0.0326452 0.035815875396199 0.0420367016724355 0.0463097
7.75 50 0.0219046 0.0447202 0.0504012989164685 0.060022025583547 0.0679674
3 70 1.51763e-07 1.85789e-07 2.26807623151716e-07 2.48989990309776e-07 2.82311439508349e-07
3.25 70 3.20892809361886e-07 3.83499927542583e-07 4.71167008860987e-07 5.25908573703059e-07 5.77368086682541e-07
3.5 70 6.74377532853874e-07 7.87797789389629e-07 9.82268361577932e-07 1.09449151053238e-06 1.19538261466433e-06
3.75 70 1.42093e-06 1.64972e-06 2.07746929169791e-06 2.26474515372732e-06 2.49464947032566e-06
4 70 3.01668e-06 3.45313120245229e-06 4.40019955836723e-06 4.73432956570493e-06 5.23920946851793e-06
4.25 70 6.50652e-06 7.28338000000001e-06 9.41703336914969e-06 1.01744920287422e-05 1.09362002403507e-05
4.5 70 1.399e-05 1.53752e-05 2.01576172488754e-05 2.16385496439738e-05 2.28948481847106e-05
4.75 70 3.01847e-05 3.28054e-05 4.3336373827658e-05 4.61364662308308e-05 4.8811070275842e-05
5 70 6.42916e-05 6.88600000000001e-05 9.20432608127293e-05 9.70259785648133e-05 0.000103289279666149
5.25 70 0.000137276 0.000145772 0.000196115553799755 0.000205032849914714 0.000219538417871332
5.5 70 0.000286667 0.000302157 0.000408872957226612 0.00042455103244669 0.000457282073474351
5.75 70 0.000576932 0.000602609 0.000820361021562423 0.000847055966989059 0.000918200478637765
6 70 0.00112001 0.00116009 0.00158991918512861 0.00163311784183414 0.00178321062209792
6.25 70 0.00208196 0.00213942 0.002955545624683 0.00301859844140539 0.00332404814909866
6.5 70 0.0037413 0.00380312065212715 0.00532266138588036 0.00540402117557964 0.00602209509006937
6.75 70 0.00599498216281714 0.00647349 0.00918072487507784 0.00927799243851225 0.0105613496176329
7 70 0.00890259749453753 0.0106258 0.015210855473103 0.0153293572900712 0.0180594560173486
7.25 70 0.0125454860641236 0.0165943 0.024015736643912 0.0241743460654537 0.0297719780099443
7.5 70 0.0169481 0.0244787 0.0358865 0.0361188 0.0465954115022334
7.75 70 0.022106 0.0340941 0.0507455 0.0510916 0.0687040525854552
3 100 1.04074472663335e-07 1.26206412952807e-07 1.999588600278e-07 2.2380767508594e-07 2.55157767863404e-07
3.25 100 2.17204934026526e-07 2.61638517425581e-07 4.18910803508443e-07 4.65135590221652e-07 5.27594106689911e-07
3.5 100 4.45798781256443e-07 5.40189234568118e-07 8.71611172467299e-07 9.52485671450522e-07 1.08401374819371e-06
3.75 100 9.50332142499022e-07 1.12787456516274e-06 1.82289469297241e-06 1.97402023629873e-06 2.24761899821164e-06
4 100 2.02385765016294e-06 2.38778549566185e-06 3.89479400859551e-06 4.16002941805153e-06 4.71957705520415e-06
4.25 100 4.3183264587495e-06 5.1566432481392e-06 8.49123292177795e-06 9.07175687143026e-06 1.00515103678733e-05
4.5 100 9.42259275443568e-06 1.11523825865227e-05 1.85319702743774e-05 1.98585224066271e-05 2.12879903797175e-05
4.75 100 2.02354404862782e-05 2.41625599005141e-05 4.04391806720548e-05 4.32452485057475e-05 4.5418174511162e-05
5 100 4.35808881728787e-05 5.17746712233722e-05 8.71293513335678e-05 9.2070722647687e-05 9.76600151898457e-05
5.25 100 9.40514795414784e-05 0.000111246003364289 0.000188096967353322 0.000196962010242867 0.000210316751060472
5.5 100 0.000198447882622348 0.000233850022002372 0.0003968829735564 0.000412394051132439 0.000443268052845168
5.75 100 0.00040259514842341 0.000472769860401113 0.000805169910165599 0.000831165970977893 0.000899877058431176
6 100 0.000787993006642985 0.000922397311686251 0.00157596416370988 0.00161711137966439 0.00176467504487017
6.25 100 0.0014787306721254 0.0017255240629305 0.00295741983572227 0.00301666402285115 0.00332110791291593
6.5 100 0.00268176187063586 0.00312051493424823 0.00536348079070916 0.0054412100644946 0.00606494535420067
6.75 100 0.00466707835792826 0.00542025343898823 0.00933447175012635 0.00943216504986527 0.0107453670946961
7 100 0.0077834175706323 0.00906050472788542 0.0155670637074089 0.0156906481840585 0.0185112176213217
7.25 100 0.0122784346729985 0.0141783158189686 0.0245568739053331 0.0247247685147366 0.0305065120333559
7.5 100 0.0173122 0.0211935 0.0367083 0.0369545 0.0477567080782568
7.75 100 0.0226203 0.0300086 0.0519586233034099 0.0523409 0.0705056173223192
3 130 8.44838470041512e-08 1.03218901223402e-07 1.62690404737162e-07 1.81695466409707e-07 2.06104675197308e-07
3.25 130 1.76986168412765e-07 2.11510456919556e-07 3.35226170237126e-07 3.7730905712794e-07 4.21405293243913e-07
3.5 130 3.59835450748938e-07 4.34335219348736e-07 6.95753829969742e-07 7.78578972553873e-07 8.58395568124449e-07
3.75 130 7.65548707770858e-07 9.0960052542576e-07 1.47275277106671e-06 1.61593924770214e-06 1.78534987517292e-06
4 130 1.65824182590218e-06 1.94377545851492e-06 3.17972596470976e-06 3.45268897652316e-06 3.79222723755357e-06
4.25 130 3.60033324130998e-06 4.24048190806245e-06 6.9994660535464e-06 7.52023025674139e-06 8.22496113614797e-06
4.5 130 7.84258310867507e-06 9.29444607390952e-06 1.5478534157762e-05 1.64726316131037e-05 1.79037216471445e-05
4.75 130 1.72960033571681e-05 2.03840947320062e-05 3.41874156754884e-05 3.63662976284397e-05 3.86103149469248e-05
5 130 3.73223530823381e-05 4.42237322677613e-05 7.45870159782045e-05 7.84992192679552e-05 8.38782345949377e-05
5.25 130 8.13814421955028e-05 9.6063192451647e-05 0.000162706258016673 0.00016977333323706 0.000182313184267143
5.5 130 0.00017332396871184 0.000203885469514211 0.000346638285181874 0.000359107619602558 0.000387468724583612
5.75 130 0.000355115660325083 0.00041638068147942 0.000710218530986967 0.000731264028322008 0.000793796520540416
6 130 0.000701570154247484 0.000819773133292355 0.00140314579217997 0.00143594798717908 0.00156904953422749
6.25 130 0.00132554199133681 0.00154568719805401 0.00265122338882792 0.00270084605641661 0.00297458942275036
6.5 130 0.00241876378435461 0.0028136831978741 0.00483774308966886 0.00490572042491847 0.00546917277423555
6.75 130 0.00424112280327795 0.00492438438200462 0.00848242849335009 0.0085731667369869 0.00974908496310522
7 130 0.0071069349788779 0.00827913477963716 0.0142140550505926 0.0143392463751792 0.0168970243647578
7.25 130 0.011242924766575 0.0129824865676205 0.02248591593774 0.0226627291860929 0.0279488811844231
7.5 130 0.015877 0.0194795 0.0337101058435295 0.0339934 0.0439538443080927
7.75 130 0.020907 0.0277796 0.0480756794871804 0.0484752 0.0653160140050307
3 200 6.05243911470195e-08 7.47747641052618e-08 1.18629076181169e-07 1.29530809219631e-07 1.51811567411016e-07
3.25 200 1.25608400112835e-07 1.54909565356731e-07 2.4645285944591e-07 2.69730932859594e-07 3.0987150042626e-07
3.5 200 2.62244882411434e-07 3.14752145002896e-07 5.12518170049441e-07 5.59893366688176e-07 6.29611321348564e-07
3.75 200 5.50351599335377e-07 6.53818826044565e-07 1.07444580636654e-06 1.1715183869141e-06 1.28914736050643e-06
4 200 1.19232278465932e-06 1.40765298889959e-06 2.33329291988643e-06 2.53749866017664e-06 2.73177434309532e-06
4.25 200 2.63470717358012e-06 3.13826733863028e-06 5.23078737270607e-06 5.62129421448338e-06 6.00708876943154e-06
4.5 200 6.01506749763637e-06 7.08119300022535e-06 1.18757439385053e-05 1.26214802342824e-05 1.34420439617548e-05
4.75 200 1.35866020065173e-05 1.5976577061375e-05 2.69463347953413e-05 2.83826975130179e-05 3.02080962415107e-05
5 200 3.04032156996945e-05 3.56563791082703e-05 6.04286448378387e-05 6.30507083220816e-05 6.70824672513682e-05
5.25 200 6.69211408786838e-05 7.86329300646906e-05 0.000133741308962721 0.000138536446253312 0.000147021315188066
5.5 200 0.000144415400465243 0.000169249621584686 0.000288693178661352 0.000300398934062543 0.000316129667311207
5.75 200 0.000301739704778913 0.000352950518750847 0.000603519606745933 0.000624779327614104 0.000660924858909069
6 200 0.000607948936053644 0.000709267612934284 0.00121596199459034 0.00125079203350412 0.00133389373744174
6.25 200 0.00116369921813668 0.00135483219827833 0.0023274667785709 0.0023815754837432 0.00256798198721572
6.5 200 0.00213823516373119 0.00248534847586056 0.00427657229254265 0.00435690957077067 0.00478181338773544
6.75 200 0.00375870714712526 0.0043721005588628 0.00751752737227228 0.00763472833842542 0.00862106895383416
7 200 0.00629058476616298 0.00730811252441593 0.0125812275290923 0.0127521937705958 0.0149914028867088
7.25 200 0.00996698842074522 0.0115090146275653 0.0199340347817743 0.0201828645937963 0.0248891044141573
7.5 200 0.013976 0.0172817 0.029872353298492 0.0302904 0.0391504469109972
7.75 200 0.0186473 0.0249041 0.0430489545727349 0.0436404 0.0587837854226075
3 300 3.75529732955519e-08 4.57156463623113e-08 7.44917720788461e-08 7.91840830782092e-08 9.55290131922911e-08
3.25 300 7.84423436427336e-08 9.51810316615689e-08 1.55189173778917e-07 1.6487975915308e-07 1.95572418122752e-07
3.5 300 1.63736963925249e-07 1.9784641940013e-07 3.22488132341584e-07 3.4274608057393e-07 3.9873063398298e-07
3.75 300 3.44030748378917e-07 4.08479306548118e-07 6.74597959866358e-07 7.1720115613379e-07 8.16965506885418e-07
4 300 7.56702318428711e-07 8.90340189118381e-07 1.48999044061559e-06 1.58522022452839e-06 1.76680486752646e-06
4.25 300 1.75559836046339e-06 2.06102076206444e-06 3.46263233010634e-06 3.66465403489426e-06 4.02174012137147e-06
4.5 300 4.11485515430129e-06 4.86666198330367e-06 8.21967597091101e-06 8.61786825186113e-06 9.3861664968267e-06
4.75 300 9.73989598673569e-06 1.14749373292942e-05 1.93748014588473e-05 2.02740747107013e-05 2.18047611763777e-05
5 300 2.27605268291196e-05 2.67282491316209e-05 4.54247093230961e-05 4.70639993843081e-05 5.00707383237036e-05
5.25 300 5.26797881598813e-05 6.14403365119751e-05 0.000104832548991633 0.000107885997570852 0.00011394844237735
5.5 300 0.000117653825340876 0.00013717977564919 0.000234823037568177 0.000240323594971368 0.000253923113558378
5.75 300 0.000252959869599301 0.000295039036714943 0.000505822021670192 0.000517006744320295 0.000545527748118813
6 300 0.000522011202131355 0.000607908198584139 0.00104404752715798 0.00107811117075023 0.00113014216896967
6.25 300 0.00102850436299257 0.0011963222470623 0.00205704723683124 0.00212032864318672 0.00224613091673005
6.5 300 0.00193363733547776 0.00224613767303161 0.00386732115152056 0.00396620802586458 0.00429422277590296
6.75 300 0.00341655733612495 0.00397330275834469 0.00683317115433852 0.00698485391770126 0.00781109001397665
7 300 0.00572138386925258 0.00663813034578648 0.0114427695623991 0.011672905740852 0.0136286480445201
7.25 300 0.00913785396271927 0.0105515573138793 0.0182756347817534 0.0186207234454819 0.0228417896664436
7.5 300 0.0128756 0.0159531 0.0275250458717166 0.0281341 0.0361913035674335
7.75 300 0.0172583 0.0230617 0.0397915195652892 0.0406547 0.0544865811507382
3 500 8.84034209688638e-09 1.05749795024444e-08 1.76212963665094e-08 1.82599493632271e-08 2.20837198041257e-08
3.25 500 2.33370635654555e-08 2.76895119861759e-08 4.64531782694759e-08 4.79352193587029e-08 5.76315081116418e-08
3.5 500 6.12117366414852e-08 7.24942871538116e-08 1.21561348502687e-07 1.2555909713954e-07 1.49005461080065e-07
3.75 500 1.57548545585152e-07 1.86627420688149e-07 3.12643021447352e-07 3.23272426151691e-07 3.77864652764873e-07
4 500 3.78902918678756e-07 4.47255310727488e-07 7.51233992142484e-07 7.784885963745e-07 8.94512714522225e-07
4.25 500 8.60356877702826e-07 9.98194543061353e-07 1.69387181160227e-06 1.75992107186718e-06 1.98622827986048e-06
4.5 500 1.86340847833954e-06 2.1707169016051e-06 3.68467491591652e-06 3.81643442639696e-06 4.26316126869831e-06
4.75 500 4.02823213322925e-06 4.66365508379442e-06 7.93417746285864e-06 8.18668847096463e-06 9.05146563315866e-06
5 500 8.57020820344868e-06 1.00182910381937e-05 1.7133665114594e-05 1.7558075006085e-05 1.91359644900242e-05
5.25 500 1.84561521779799e-05 2.15376226033458e-05 3.65606758694467e-05 3.76837749592133e-05 4.05925807778193e-05
5.5 500 4.03846685454655e-05 4.7056341553426e-05 8.00092169016733e-05 8.22119498440127e-05 8.76146898873836e-05
5.75 500 9.03368134657368e-05 0.000105123578070022 0.000180028176516099 0.000183425499993777 0.000193609377052708
6 500 0.000206483177424586 0.000240055700417379 0.000412927897367937 0.000418414500460156 0.000441020483937856
6.25 500 0.000477653120458817 0.000554850420321405 0.000955314839443561 0.000971825448633724 0.001030252424599
6.5 500 0.00109315445790331 0.00126904741674161 0.00218632202775745 0.00227007178310652 0.00240701906925118
6.75 500 0.00242791544864435 0.00282654171049229 0.00485583550629339 0.00502497464071011 0.00552128828802253
7 500 0.00501193693469551 0.00583353692251162 0.0100239231877993 0.0103506822969102 0.01190174764432
7.25 500 0.00927069245528608 0.0107846 0.0186794115939745 0.0192624411486262 0.0233027562312211
7.5 500 0.0147983 0.018262 0.0313908248070931 0.0325898 0.0413704617981197
7.75 500 0.0213341 0.0283676 0.0487645292588118 0.0505941 0.0669400166226855
3 700 4.74142575459973e-09 5.64669444151982e-09 9.4679226559181e-09 9.70157808349718e-09 1.16126047811848e-08
3.25 700 1.25561839534232e-08 1.48757118390186e-08 2.5051834470118e-08 2.55701756116732e-08 3.05446678613104e-08
3.5 700 3.30665365942225e-08 3.89043966167665e-08 6.59005929866313e-08 6.72243696165289e-08 7.97403708051806e-08
3.75 700 8.57559529829042e-08 1.00588058769457e-07 1.70613424261308e-07 1.74222463690589e-07 2.0454881683356e-07
4 700 2.08400676466273e-07 2.44240080363747e-07 4.13707106911559e-07 4.23054403166106e-07 4.90692117581738e-07
4.25 700 4.75408578502515e-07 5.52642809521879e-07 9.42694309972602e-07 9.66350757791473e-07 1.10528688041199e-06
4.5 700 1.05192199800057e-06 1.21634192302792e-06 2.07552427863227e-06 2.12865148022127e-06 2.40661355915572e-06
4.75 700 2.28739050004373e-06 2.6488525069073e-06 4.52523211310498e-06 4.63485430590794e-06 5.18870145801788e-06
5 700 5.00262894588125e-06 5.77781144674457e-06 9.8677409287556e-06 1.01047332764872e-05 1.11573253888568e-05
5.25 700 1.0841229081418e-05 1.26057821679497e-05 2.15480760065764e-05 2.20105250263828e-05 2.40401946464203e-05
5.5 700 2.40343201164788e-05 2.79614314582204e-05 4.77293874748367e-05 4.87758250535571e-05 5.26722903270197e-05
5.75 700 5.45191700181288e-05 6.33715717452519e-05 0.000106877842899657 0.00011045100015673 0.000118053924986686
6 700 0.00012617118367982 0.000146581438327871 0.000249395751292221 0.000255300750369088 0.00027048240082397
6.25 700 0.000294525203072785 0.000342370578639485 0.00058927837646342 0.00059600175076777 0.000631581154969571
6.5 700 0.000680092832717903 0.000789297195554365 0.00136018811561672 0.00138783465612672 0.001489572305147
6.75 700 0.0015188324766711 0.00176780149321587 0.0030376815938332 0.00318090703351181 0.00344135261173271
7 700 0.00314800247669115 0.00366778781825667 0.00629603159392051 0.00657837468914716 0.00745606965102048
7.25 700 0.0057703 0.00679597146279185 0.0116368160328277 0.0122808 0.014640996771376
7.5 700 0.00939934 0.0115427 0.0197672213818402 0.0208369 0.0260990300100621
7.75 700 0.013601 0.0179861 0.0308049019032999 0.0324434 0.0423589946703992
3 1000 2.26242894089504e-09 2.66255547510333e-09 4.52231720886137e-09 4.59632656332606e-09 5.43121915075919e-09
3.25 1000 6.00125329817204e-09 7.05593384277549e-09 1.19916118007873e-08 1.21688286358127e-08 1.43596992597838e-08
3.5 1000 1.5845578518318e-08 1.85802382899683e-08 3.16455856166051e-08 3.20426188519741e-08 3.77408817194378e-08
3.75 1000 4.12402690190542e-08 4.81033822858732e-08 8.23024577133653e-08 8.33043196655118e-08 9.76319688045779e-08
4 1000 1.00726635379848e-07 1.17436035369551e-07 2.00786674616468e-07 2.03404390601644e-07 2.36583569907078e-07
4.25 1000 2.31354511038526e-07 2.69642734626253e-07 4.61369637568805e-07 4.67966378863531e-07 5.39284021559793e-07
4.5 1000 5.15785864528981e-07 5.97704925934542e-07 1.02574670093048e-06 1.04252475781635e-06 1.18867898256096e-06
4.75 1000 1.14054982122644e-06 1.31829028582642e-06 2.26199420651677e-06 2.30027656202836e-06 2.5989154318696e-06
5 1000 2.5099750695175e-06 2.91221790881451e-06 4.99560271203362e-06 5.07870178047855e-06 5.68098852600854e-06
5.25 1000 5.54581819057677e-06 6.44608457282003e-06 1.10515379739897e-05 1.12559164349828e-05 1.24354602838097e-05
5.5 1000 1.24839570092326e-05 1.45027174086375e-05 2.48390777527293e-05 2.53759042227983e-05 2.76760450264682e-05
5.75 1000 2.86883856703032e-05 3.33158806658731e-05 5.69227952085644e-05 5.80137500791101e-05 6.29516813093239e-05
6 1000 6.71795011110722e-05 7.79851771356984e-05 0.000130240798267597 0.000135746750154447 0.000146139197433512
6.25 1000 0.000157450985963182 0.000183936526245084 0.000310848007288375 0.000320082000299041 0.00034245962425612
6.5 1000 0.000366500923395863 0.000427247656675088 0.000734066776997941 0.000743328750505581 0.000802449780568
6.75 1000 0.000826975594406264 0.00096233648595402 0.00165395231878799 0.00170031674619549 0.00186675009132972
7 1000 0.0017217504953406 0.00200571956365314 0.0034435111593987 0.00366040234457694 0.00406594403484535
7.25 1000 0.00310852296038011 0.00373160113639884 0.0064633223187972 0.00685906411486714 0.00802564850080109
7.5 1000 0.00507825 0.00636218 0.0108355813810018 0.0116792 0.0143497144245976
7.75 1000 0.00757999 0.00995321 0.0172395 0.0182518 0.0233997389992854
