Var1 Var2 Var3 Var4 Var5
3 0 9.49443e-05 0.000146868 0.00019233
3.25 0 0.000203761 0.000311707 0.000393478
3.5 0 0.000437334 0.000662426 0.000807252
3.75 0 0.000933319249593932 0.00139743 0.00165199
4 0 0.00197930038985597 0.00293043 0.00337482
4.25 0 0.00417265287188529 0.00606479 0.00686507954983425
4.5 0 0.00867898250070987 0.0123484 0.0139025
4.75 0 0.0178611194543656 0.0247429 0.0278005
5 0 0.0357261159729076 0.0491345 0.0554616
5.25 0 0.0676869459639019 0.108709 0.124758
5.5 0 0.119706835057239 0.214433095261484 0.254104
5.75 0 0.196112 0.353368 0.437069
6 0 0.240831 0.484416 0.629449
6.25 0 0.268369 0.601678 0.803186
6.5 0 0.296361 0.710907 0.98552
6.75 0 0.336494 0.848261 1.21015
7 0 0.390087 1.02021 1.4798974832994
7.25 0 0.439482656303005 1.18263 1.75264
7.5 0 0.470481 1.294 1.9419
7.75 0 0.4855 1.35989 2.06189
3 2 9.45567e-05 0.000144342 0.000188927
3.25 2 0.000203028 0.000306576 0.000386805
3.5 2 0.000435939 0.000651973 0.000794161
3.75 2 0.000928910331632183 0.00137371 0.0016233
4 2 0.0019668916562307 0.00287754 0.00331275
4.25 2 0.00414416271681692 0.00595504 0.00673906558224628
4.5 2 0.00862116336859502 0.0121268 0.013649
4.75 2 0.0177306755124538 0.0243192 0.0273181
5 2 0.0354718567546419 0.048303 0.0545182
5.25 2 0.0676731430689706 0.106745 0.122507
5.5 2 0.121081156800665 0.211342 0.250208
5.75 2 0.196135 0.353544 0.437373
6 2 0.247533 0.498046 0.64725
6.25 2 0.283727 0.636192 0.849392
6.5 2 0.317463 0.759487010570544 1.05585
6.75 2 0.356891 0.899678 1.28358
7 2 0.404006 1.0566 1.53273314369113
7.25 2 0.444432 1.19539 1.77162
7.5 2 0.469331 1.29076 1.93713
7.75 2 0.48257 1.35164 2.04942
3 5 9.23563e-05 0.000133092 0.000173794
3.25 5 0.000198012 0.000282625 0.000355747
3.5 5 0.000424306 0.000600509 0.000729959
3.75 5 0.000900298505164278 0.00126179 0.00148833
4 5 0.00189671663375365 0.00263755 0.0030307
4.25 5 0.00400338828517385 0.00547574 0.00618916804585305
4.5 5 0.00834546103631397 0.0112048 0.0125938
4.75 5 0.0170885288564726 0.0224488 0.025193
5 5 0.0339917838651077 0.0444545 0.0501537
5.25 5 0.0658850440556362 0.0964543 0.110712
5.5 5 0.119012 0.190479 0.225655
5.75 5 0.181114 0.327041 0.404921
6 5 0.239645 0.482185221337613 0.627912
6.25 5 0.284463 0.638242 0.852717
6.5 5 0.322082 0.770801643914187 1.07196
6.75 5 0.358803 0.904508 1.29086
7 5 0.397636 1.03982 1.50798287689176
7.25 5 0.43026 1.1571 1.71280136910522
7.5 5 0.453244 1.24633 1.87064
7.75 5 0.468126 1.31099 1.98796
3 10 8.22491e-05 0.000106661 0.000136817
3.25 10 0.000174924 0.000222755 0.000278634
3.5 10 0.000371562 0.000470326 0.000568599
3.75 10 0.00078353322195775 0.000985095999999999 0.00115638
4 10 0.00164040871662992 0.00205388 0.00235075
4.25 10 0.00346528156716908 0.00429123 0.00482891823739335
4.5 10 0.00723964836175561 0.00885021 0.00991330999999999
4.75 10 0.0145099 0.0176512 0.0197616
5 10 0.0266751 0.0347189 0.0391289
5.25 10 0.0505058 0.0722847 0.0829937
5.5 10 0.0863816 0.13882 0.164692
5.75 10 0.132057 0.23944 0.296998
6 10 0.181084 0.372759 0.476825
6.25 10 0.227655 0.511569 0.684758
6.5 10 0.269469 0.646978 0.898624
6.75 10 0.306496 0.772632 1.10368
7 10 0.344483 0.900601 1.30879521136812
7.25 10 0.379341 1.01964 1.51214
7.5 10 0.407433 1.11975 1.6813
7.75 10 0.428102 1.19832 1.81766
3 20 5.59e-05 6.46475e-05 8.00104e-05
3.25 20 0.000117335 0.00013497 0.000161633
3.5 20 0.000245863 0.000283609 0.00032705
3.75 20 0.000514013 0.000588677 0.00066517
4 20 0.00106555539031329 0.00121164140630413 0.00135645640453093
4.25 20 0.00218087 0.00249153 0.00275795121349553
4.5 20 0.00432624 0.00508933 0.00559829
4.75 20 0.00832237 0.0102387 0.0112905
5 20 0.01536 0.0202529 0.0225573
5.25 20 0.0279651 0.0406092 0.0462277
5.5 20 0.0468884 0.0772081 0.0902073
5.75 20 0.0709966 0.131779 0.161241
6 20 0.0988258 0.204241 0.262499
6.25 20 0.129165027505977 0.292487 0.393131
6.5 20 0.162293 0.389994 0.543514
6.75 20 0.198235 0.49952 0.710351044411543
7 20 0.235174 0.612840596894232 0.895114276594851
7.25 20 0.272463 0.731083 1.08604
7.5 20 0.306798 0.841632 1.26537
7.75 20 0.336601 0.940582 1.42824
3 30 3.79873e-05 4.36241e-05 5.09193e-05
3.25 30 7.97647000000001e-05 9.05595e-05 0.000103271
3.5 30 0.000165264658019694 0.000187832 0.000209694
3.75 30 0.000341123 0.000385949 0.00042371
4 30 0.000695541 0.000794031 0.000866585
4.25 30 0.00138831 0.00161877 0.00176472
4.5 30 0.00275264 0.00331282 0.00354254
4.75 30 0.00530566 0.00662838 0.00717833
5 30 0.00979531 0.01306 0.0143931
5.25 30 0.0176159 0.0258659 0.0292228
5.5 30 0.029408 0.0485161 0.0568837
5.75 30 0.0445535 0.0828762 0.1018
6 30 0.0626664 0.129743 0.167403
6.25 30 0.0842067 0.189919 0.255758
6.5 30 0.108884 0.261664 0.362369964825784
6.75 30 0.13581 0.341885 0.488804488070849
7 30 0.165918 0.43239 0.632179839703358
7.25 30 0.19828 0.530841 0.789506
7.5 30 0.231222 0.632783 0.953072
7.75 30 0.263594 0.734857 1.11758
3 40 2.8355e-05 3.22163e-05 3.67529e-05
3.25 40 5.88432395459302e-05 6.57908493033183e-05 7.43664e-05
3.5 40 0.000121873 0.000135159 0.000150539
3.75 40 0.000247568 0.000278811 0.000305234
4 40 0.000501324 0.000568862 0.000619515
4.25 40 0.00100219 0.00116106 0.00125405
4.5 40 0.00198083 0.0023527013461857 0.00251859525454023
4.75 40 0.00380418 0.00473533 0.00507776943312506
5 40 0.0069939 0.00934607 0.0101741022508161
5.25 40 0.0124372 0.0182613 0.0205783
5.5 40 0.0207262 0.0341953 0.0400363
5.75 40 0.0317516 0.059093 0.0724835
6 40 0.0455044 0.0943064 0.12093
6.25 40 0.0616717 0.139074 0.185863611606921
6.5 40 0.0798014 0.19165 0.266813314366199
6.75 40 0.100694 0.253137 0.36297
7 40 0.124536 0.323899 0.475143
7.25 40 0.151247 0.403939 0.602381
7.5 40 0.180159 0.491856 0.742396
7.75 40 0.210818 0.58659 0.893978
3 50 2.21011691262556e-05 2.49355538108719e-05 2.87625e-05
3.25 50 4.54959039368507e-05 5.11494786393169e-05 5.73314e-05
3.5 50 9.35940894744785e-05 0.000104297412581356 0.000114509229540278
3.75 50 0.000190601894985571 0.000213517 0.000232785522806058
4 50 0.000384845867911581 0.000436122835553678 0.000473967301500673
4.25 50 0.000769463865210306 0.000887308821532224 0.000961287042065595
4.5 50 0.00152271045395585 0.00180412316116858 0.00193679314638607
4.75 50 0.00293284635313245 0.00363350365392372 0.00390970809941471
5 50 0.00540637495650668 0.00719118 0.00784588841577192
5.25 50 0.00961493819190971 0.0140960818611129 0.0158137960128554
5.5 50 0.0159954103352 0.0263702680210072 0.0307307656377212
5.75 50 0.0247045312300799 0.045942510118114 0.05609726861039
6 50 0.0356474504793596 0.0737780072904166 0.094594877141445
6.25 50 0.0485227683031041 0.109306075885681 0.146377327767771
6.5 50 0.0635734219999721 0.152326679344753 0.211320814913759
6.75 50 0.081651102685152 0.205084135945523 0.29153813594231
7 50 0.103434824842257 0.268204838440518 0.389302833562082
7.25 50 0.129678240599672 0.345377746134005 0.508279224782221
7.5 50 0.160463924953406 0.437259360669671 0.650553
7.75 50 0.196597 0.54579620947454 0.819061
3 70 1.48391307035655e-05 2.12237237114289e-05 2.51299682134239e-05
3.25 70 3.0626e-05 4.38497428606122e-05 5.06430499448598e-05
3.5 70 6.30567371922095e-05 9.04092490500883e-05 0.000101945573216086
3.75 70 0.000128192 0.000182893495484532 0.000204810520771156
4 70 0.000262509 0.000375107710570975 0.00041177211969368
4.25 70 0.000539845 0.000769151450098863 0.000835733959998156
4.5 70 0.00111243 0.00157839522723747 0.00172243106560418
4.75 70 0.00226611 0.00320957494443445 0.00352657271399287
5 70 0.00453254 0.00640977886986041 0.00714428039955498
5.25 70 0.00888126411179108 0.0127104849074698 0.0145419572842859
5.5 70 0.0149144900902598 0.0240251952939856 0.0285215716018106
5.75 70 0.0230710187910945 0.0419674570394797 0.0522251515480419
6 70 0.0333425989800424 0.0675316563991851 0.0882550244084907
6.25 70 0.0457677282683309 0.100912338785434 0.137798725418416
6.5 70 0.060461277617774 0.141966219420131 0.200793500927642
6.75 70 0.0778759974373818 0.194791 0.277761928476942
7 70 0.0989205521848776 0.256524300010702 0.371841384678769
7.25 70 0.124749806678179 0.332099749454772 0.488246461842346
7.5 70 0.155650154385352 0.423571780706306 0.629737
7.75 70 0.192476561222494 0.534838182057119 0.800883
3 100 1.01394928466574e-05 1.90472856182308e-05 2.22944352414198e-05
3.25 100 2.06191165337366e-05 3.88257767289143e-05 4.48612772246994e-05
3.5 100 4.18280115893104e-05 7.91968585380616e-05 9.04280178880115e-05
3.75 100 8.48154083163128e-05 0.000161159847546557 0.000181847894502445
4 100 0.000171409807629667 0.00032813751743251 0.000365868252145722
4.25 100 0.000351670686874324 0.000675666727127085 0.000745840549098632
4.5 100 0.000726184733173266 0.00140308791301063 0.0015424550584156
4.75 100 0.00148717534283812 0.00289326861268272 0.00320219660910815
5 100 0.00300171237274633 0.00586075172748568 0.00652508403676884
5.25 100 0.00600258272912645 0.0117486934728989 0.013425104059474
5.5 100 0.0114301204362134 0.0224046027867764 0.0265998715429257
5.75 100 0.0200381948350324 0.0392972960801824 0.0489067124806201
6 100 0.0314159675961536 0.063597848060785 0.0831413201286872
6.25 100 0.0435363092503239 0.0958910472777236 0.131015208778101
6.5 100 0.0579441359479131 0.135850770939121 0.192239622075135
6.75 100 0.0751129741414788 0.184233477702651 0.267533110134478
7 100 0.0959373653289212 0.243320435238735 0.35997227485397
7.25 100 0.121449613327771 0.316223386786295 0.474290677325733
7.5 100 0.152171 0.404978 0.613954
7.75 100 0.188288209950486 0.511671 0.782651
3 130 8.10949212299872e-06 1.52776675129732e-05 1.81129075738185e-05
3.25 130 1.64148904305128e-05 3.08638966361363e-05 3.64259115731726e-05
3.5 130 3.31900702250592e-05 6.28341392631032e-05 7.30205358779981e-05
3.75 130 6.71034047985943e-05 0.000127896017635429 0.000146475307413392
4 130 0.00013566626023401 0.000260347041812636 0.000294210085942548
4.25 130 0.000279621085204662 0.000538665143927833 0.000601413979085809
4.5 130 0.000581790508459214 0.0011265662007335 0.00125231211866584
4.75 130 0.00120901191663642 0.00235195550429265 0.00261908144329896
5 130 0.00246049657197774 0.00482359008602105 0.00536324930560702
5.25 130 0.00496329953724638 0.00974907375633068 0.0111195241288897
5.5 130 0.00952212690046434 0.0187252415871843 0.022205082344639
5.75 130 0.0168411970848555 0.0331375356008168 0.0412083021118998
6 130 0.0265827288027427 0.0539357400270645 0.0704695950528242
6.25 130 0.0372333970260384 0.0819011294594529 0.111843896128316
6.5 130 0.0498932862041967 0.116796821539588 0.165188791637094
6.75 130 0.0651488390876841 0.159499442356096 0.231471239954522
7 130 0.0837844716187857 0.212026594282335 0.313433222319056
7.25 130 0.10662012933734 0.276888743051913 0.414902200328791
7.5 130 0.133850864698715 0.356386 0.539684
7.75 130 0.16775 0.453585 0.692908
3 200 5.20429670990332e-06 9.87617170214037e-06 1.20191990982297e-05
3.25 200 1.04944516712914e-05 1.99554275006732e-05 2.40170574918454e-05
3.5 200 2.11124678540575e-05 4.03354519996923e-05 4.79499159329901e-05
3.75 200 4.29558473193886e-05 8.23746938435261e-05 9.65613821401414e-05
4 200 8.73789831883624e-05 0.000168594368537975 0.000195109618936142
4.25 200 0.000182488040945652 0.000352815539762237 0.000403307289093429
4.5 200 0.000388294255701843 0.00075230822077396 0.000851528897756752
4.75 200 0.000819753132369287 0.00160366503753358 0.00179786990656148
5 200 0.00170851395146034 0.00336088447328195 0.00376399223297749
5.25 200 0.00351192631124597 0.00690768696064816 0.00784976981824784
5.5 200 0.00683935520927034 0.0134596498224159 0.0159212881399481
5.75 200 0.0124885235360543 0.0244508521777872 0.0303453674460211
6 200 0.0200314454559746 0.0407312811495683 0.0531132235094903
6.25 200 0.0285249901418521 0.0622863382425426 0.0848696820662287
6.5 200 0.0384920228242753 0.0893331680955184 0.126007612218302
6.75 200 0.0506699197729889 0.12280052102608 0.177623891354678
7 200 0.0656714196976839 0.164208782380703 0.241763807797466
7.25 200 0.0841190678744437 0.21549181156848 0.321339230932731
7.5 200 0.106405363051658 0.278056458836199 0.420436
7.75 200 0.134744202706377 0.358491485819922 0.546508
3 300 2.90857652104038e-06 5.58040015776174e-06 6.99266604848564e-06
3.25 300 5.91852575689176e-06 1.13971679783753e-05 1.41250410895488e-05
3.5 300 1.20600638718115e-05 2.32763482639349e-05 2.85178148841826e-05
3.75 300 2.45151236961542e-05 4.74487566991489e-05 5.74131764147201e-05
4 300 5.01881532843323e-05 9.71476540546601e-05 0.00011616625093077
4.25 300 0.000106400199864432 0.000206329398651706 0.000244233641754679
4.5 300 0.000232892642252802 0.000452755137907332 0.00053002777488591
4.75 300 0.00051034542134727 0.000997196839073977 0.00116041155609041
5 300 0.00111098376283997 0.00216506221841173 0.00250413312195244
5.25 300 0.00233779215307858 0.00460797663110036 0.0053062422629167
5.5 300 0.00468892755526731 0.009231518990659 0.0108802167532088
5.75 300 0.00872880781835565 0.0171507298878013 0.0212177550093454
6 300 0.0143215366986039 0.0291093936476399 0.0378431049967697
6.25 300 0.0209321260301286 0.0453541719903793 0.0616043107299261
6.5 300 0.0287328905561045 0.0660761404694123 0.0928826865747046
6.75 300 0.038277784098157 0.0917623273823023 0.132212084643792
7 300 0.0501389646676871 0.123790811559848 0.181430100150676
7.25 300 0.0649144097380903 0.163882463755073 0.243101115472561
7.5 300 0.0829782847799398 0.213240394784493 0.320607
7.75 300 0.106266611256943 0.278083147169313 0.420595
3 500 2.54261161326102e-07 5.07450368254599e-07 6.67066378519153e-07
3.25 500 6.89815153862571e-07 1.37504465421316e-06 1.79537271953955e-06
3.5 500 1.8594688109739e-06 3.7001590786402e-06 4.79334483054065e-06
3.75 500 4.97602080910534e-06 9.89151607987675e-06 1.27061835961076e-05
4 500 1.31425489100886e-05 2.60082370815639e-05 3.31140159762172e-05
4.25 500 3.29482463627835e-05 6.46243363846209e-05 8.17412179285652e-05
4.5 500 7.69606492104874e-05 0.000151669290356553 0.000191009835698019
4.75 500 0.000172314644388401 0.000340289432391499 0.00042618296030842
5 500 0.000370302401829787 0.000726224162496742 0.0009096782096378
5.25 500 0.0007382147937505 0.00145629778416057 0.00181529666209549
5.5 500 0.00138875078976836 0.00275930765429639 0.00339333874337183
5.75 500 0.00240739520366704 0.00481439286243926 0.00597371874864167
6 500 0.00389251664594896 0.00786441735473071 0.0101878691870446
6.25 500 0.00554925930002297 0.012160566639752 0.0164580184470727
6.5 500 0.00789314300837308 0.017977689832232 0.0251737807821041
6.75 500 0.0108405290666839 0.0257001756349324 0.0368701823384865
7 500 0.0146645129345826 0.0357420996263917 0.0521308969493174
7.25 500 0.0195804161338002 0.0487006691453557 0.071839211548055
7.5 500 0.0257425086488449 0.0653093176756489 0.0971423
7.75 500 0.0333781985503204 0.0859369 0.128643
3 700 1.13853703307334e-07 2.27705964281499e-07 3.14626079116748e-07
3.25 700 3.09130993219303e-07 6.18257033187697e-07 8.51236013627067e-07
3.5 700 8.34070982622556e-07 1.66813475532774e-06 2.28655855436863e-06
3.75 700 2.23752403967529e-06 4.4749779585992e-06 6.10222322690829e-06
4 700 5.90531010219305e-06 1.18100249128547e-05 1.60163022686306e-05
4.25 700 1.47643171968684e-05 2.94831449101955e-05 3.98131859177959e-05
4.5 700 3.49191931077108e-05 6.95020189232142e-05 9.36373136993816e-05
4.75 700 7.87704572768717e-05 0.000156007363851241 0.000210114309071963
5 700 0.000169576270933897 0.000336148835794564 0.000450658533683177
5.25 700 0.000338846045418471 0.00066107612048422 0.000902933290754929
5.5 700 0.000625824493571205 0.00125561445089721 0.00169361224225233
5.75 700 0.00107098879870744 0.00223892352521467 0.00295344921212364
6 700 0.00175794535250186 0.00368459535513637 0.00483943935353803
6.25 700 0.00265000383064426 0.0057175358994095 0.00771821062037714
6.5 700 0.00367696995681652 0.00848489747746401 0.0118485853946284
6.75 700 0.00515510286084744 0.012180068227268 0.0174219607817752
7 700 0.0070386719959734 0.0170181121525514 0.0247395738564477
7.25 700 0.00945886290702202 0.0232506288088453 0.0342579492382225
7.5 700 0.0125269009550142 0.0313806564952682 0.0465789
7.75 700 0.0163766767919791 0.0415783462978814 0.0620693
3 1000 4.01694995396152e-08 8.03385052574035e-08 1.20995718984574e-07
3.25 1000 1.09159645849175e-07 2.18318104834381e-07 3.28390350967862e-07
3.5 1000 2.94892055609447e-07 5.89783074442043e-07 8.85600130034454e-07
3.75 1000 7.92448521029055e-07 1.58489235846116e-06 2.37451883329781e-06
4 1000 2.09627619028155e-06 4.19243198609104e-06 6.26420859574911e-06
4.25 1000 5.25560578837401e-06 1.04984474196301e-05 1.56550930014579e-05
4.5 1000 1.24700174276507e-05 2.48297814363896e-05 3.70118418154389e-05
4.75 1000 2.82290004091235e-05 5.59963470351508e-05 8.34735942670633e-05
5 1000 5.81316645840795e-05 0.000121297011075955 0.000179856781557814
5.25 1000 0.000119462172149466 0.000245531210071576 0.000361843886663815
5.5 1000 0.000221125408183887 0.00046213588132303 0.000681266604073898
5.75 1000 0.000364048603386522 0.00081445735264696 0.00119224866022169
6 1000 0.00058882489828244 0.00133417895289996 0.00195576154754682
6.25 1000 0.000920368510624964 0.00210003274523773 0.00303820985774923
6.5 1000 0.0013686610353904 0.00313442537827913 0.00451538154898568
6.75 1000 0.00190458985611184 0.00452499360508046 0.00652228528326846
7 1000 0.00260968263536699 0.00636118779178795 0.00923728399581145
7.25 1000 0.00353475794590382 0.00877313000000001 0.0128295
7.5 1000 0.00473672803695011 0.0119257 0.0175654
7.75 1000 0.00627040558491532 0.0159275 0.0235863
