Var1 Var2 Var3 Var4 Var5
3 0 0.00623272 0.00992412367445642 0.0131941
3.25 0 0.0121418 0.0191918 0.0249935
3.5 0 0.0238173 0.0373619 0.0478454
3.75 0 0.0461008070064582 0.072173 0.0913291
4 0 0.0884142 0.136805 0.174059
4.25 0 0.158746 0.251165 0.334102
4.5 0 0.248647 0.442244 0.617953
4.75 0 0.379925 0.752295 1.08873
5 0 0.570454 1.21369 1.82562
5.25 0 0.959076 2.12475 3.32812
5.5 0 1.31595 3.02857 4.84456
5.75 0 1.50749 3.57241 5.80114
6 0 1.53852 3.76702 6.1288
6.25 0 1.51992 4.15316 6.22785
6.5 0 1.54891353361831 4.31583 6.52963
6.75 0 1.70627 4.7963 7.34275
7 0 1.9019842167931 5.42066 8.3689
7.25 0 2.09076 6.0094 9.35507
7.5 0 2.18963 6.35356 9.97189
7.75 0 2.21588 6.48606 10.2613
3 2 0.00620536 0.00974927790326821 0.0129585
3.25 2 0.0120937 0.0188638 0.024563
3.5 2 0.0237304 0.0367415 0.0470474
3.75 2 0.0459014476931344 0.0709463 0.0897738
4 2 0.0875352 0.134435 0.171038
4.25 2 0.155879 0.246662 0.328103
4.5 2 0.22918265959997 0.4342 0.606692
4.75 2 0.3733 0.739429 1.06979
5 2 0.560864 1.19366 1.79497
5.25 2 0.945974 2.0958 3.28256
5.5 2 1.30754 3.00918 4.81313
5.75 2 1.52917 3.62355 5.88354
6 2 1.61059 3.94431 6.41457
6.25 2 1.54804239713006 4.49538 6.74169
6.5 2 1.71106098890075 4.75378 7.19265
6.75 2 1.85875 5.22442 7.99895
7 2 2.02214 5.7505 8.87886
7.25 2 2.16527 6.22296 9.68828
7.5 2 2.23573 6.48687 10.182
7.75 2 2.25144 6.58988 10.4262
3 5 0.00601769 0.0089184257139593 0.0118403
3.25 5 0.0116981 0.0172199 0.0224083
3.5 5 0.0228146109394576 0.0334595 0.0428295
3.75 5 0.0441696526967537 0.0645656 0.081685
4 5 0.0839636483500098 0.122357 0.155649741352198
4.25 5 0.142051 0.224935 0.299159
4.5 5 0.223382 0.398951 0.555462
4.75 5 0.342079 0.678754 0.980623
5 5 0.51423 1.09615 1.64597
5.25 5 0.857557 1.92171 2.97549
5.5 5 1.12903590244956 2.76667 4.42339
5.75 5 1.36934534409235 3.48898 5.60493
6 5 1.6163 4.11555 6.43115
6.25 5 1.71161 4.66923 7.00549
6.5 5 1.79444 4.97151 7.5248
6.75 5 1.91995 5.39124 8.25857
7 5 2.04612 5.81483 8.98227
7.25 5 2.15658 6.19492 9.64846
7.5 5 2.22031 6.43979 10.1118
7.75 5 2.23875 6.55099 10.3682
3 10 0.00520157 0.00694817 0.00904648
3.25 10 0.0100037 0.01307 0.0169782
3.5 10 0.0193478 0.0251531 0.032165
3.75 10 0.0369300988084191 0.0485483 0.0613888
4 10 0.0659333 0.0921771 0.117412591347633
4.25 10 0.107484 0.173415 0.226715
4.5 10 0.170374 0.308874 0.424205
4.75 10 0.261998 0.54394 0.751769
5 10 0.394419 0.916141 1.26309
5.25 10 0.633309 1.48851 2.19712
5.5 10 0.869896 2.08228 3.19754
5.75 10 1.01053513006096 2.79238 4.10691
6 10 1.24014 3.30834 4.92285
6.25 10 1.39434 3.78928 5.69325
6.5 10 1.55288 4.28805 6.44613118199142
6.75 10 1.68752 4.72579 7.25094
7 10 1.82568 5.17724 8.00934
7.25 10 1.95758 5.61404 8.75573
7.5 10 2.05207 5.94448 9.34563
7.75 10 2.10172 6.1444 9.73606
3 20 0.00322058 0.0038584 0.00481879
3.25 20 0.00616214 0.00729286 0.00903463999999999
3.5 20 0.0116991 0.0142008 0.0170827
3.75 20 0.0209094 0.0281145 0.0326151
4 20 0.0353318 0.0542718 0.0633136
4.25 20 0.0576094 0.10114 0.120243
4.5 20 0.0918472 0.180572 0.225143715946767
4.75 20 0.143849 0.310308 0.406075301362177
5 20 0.21945 0.507605 0.691156932705427
5.25 20 0.333773 0.811434 1.1585
5.5 20 0.451244 1.13707 1.65707
5.75 20 0.561234 1.45134 2.13144
6 20 0.678733 1.78575081628301 2.63384360235545
6.25 20 0.803986 2.16549 3.26362566986831
6.5 20 0.941231 2.57701 3.94449
6.75 20 1.09198 3.03492 4.68185
7 20 1.25387 3.52578837589824 5.49324
7.25 20 1.41745202523138 4.0447 6.33818
7.5 20 1.56218 4.50669 7.11701
7.75 20 1.67834 4.89107 7.78299
3 30 0.0020264 0.00240239 0.0028484
3.25 30 0.00387909 0.00457392950085323 0.00535752
3.5 30 0.00722129 0.00876647 0.0101536
3.75 30 0.0125622 0.0168518 0.0197614
4 30 0.021143 0.0324489765726934 0.0379620394932019
4.25 30 0.0344461 0.0602042 0.0726669760880623
4.5 30 0.0548799 0.107529 0.136712162114078
4.75 30 0.0861763 0.185319 0.2475840435465
5 30 0.131826 0.303768 0.422480076182786
5.25 30 0.20245 0.489963 0.692809981778596
5.5 30 0.273929 0.68639 0.983966618422426
5.75 30 0.340843 0.876362 1.28735664925739
6 30 0.414449 1.08779 1.6336028569935
6.25 30 0.502918 1.34369 2.0257070158278
6.5 30 0.60598 1.64571 2.53803
6.75 30 0.72619 2.00254 3.1116
7 30 0.862799 2.41369 3.77846
7.25 30 1.01126 2.86693 4.52173
7.5 30 1.15909 3.32645 5.28602
7.75 30 1.29726 3.76467 6.0268
3 40 0.0013873 0.00162497 0.00189171
3.25 40 0.00263363 0.00309247880562324 0.00356313
3.5 40 0.00481501 0.00590615 0.00687378
3.75 40 0.00835296 0.011399306339833 0.0134183
4 40 0.0140292 0.0216251 0.0254379126731186
4.25 40 0.0228681 0.0398929 0.0487535531124109
4.5 40 0.036496 0.0713535 0.0917659656966396
4.75 40 0.0574785 0.123286 0.166389218177169
5 40 0.0877814 0.201656 0.283108325868067
5.25 40 0.134339 0.323901 0.464142428090658
5.5 40 0.182019 0.44973739539305 0.661180575458729
5.75 40 0.228939 0.585442 0.870311577013119
6 40 0.282235 0.736239 1.11349006102856
6.25 40 0.346441 0.919435 1.41058379315495
6.5 40 0.423449 1.14187 1.77564673841163
6.75 40 0.515065 1.41028 2.2091
7 40 0.621425 1.72665 2.72018646954257
7.25 40 0.742312503075885 2.0916 3.32374
7.5 40 0.872635 2.49192 3.98974
7.75 40 1.00558 2.90839 4.69221
3 50 0.00102016138601838 0.00119690964304239 0.00140614739941551
3.25 50 0.0019294636079309 0.00228682162589334 0.00267755947244394
3.5 50 0.00353190958948896 0.00437305285146603 0.00508397
3.75 50 0.00611440226412255 0.00833488246431849 0.00981717
4 50 0.0102509065631946 0.0157714051754145 0.0187991513408705
4.25 50 0.0167067584139281 0.0291417477782972 0.0361234247583098
4.5 50 0.0266758879715001 0.0520108540720126 0.0679267092757764
4.75 50 0.0418999620929258 0.0896234992424102 0.122586064468757
5 50 0.0640861982072267 0.146792033751466 0.208626328264485
5.25 50 0.0972144091525458 0.23352914779004 0.343060143150921
5.5 50 0.131339042466773 0.326218606758064 0.490096
5.75 50 0.166048061012098 0.422844825968957 0.643663
6 50 0.20661025106646 0.536714110044613 0.822998503246358
6.25 50 0.256527311897509 0.678072956514477 1.0429938388794
6.5 50 0.318629132676037 0.856043178992298 1.31624649556167
6.75 50 0.39643589229111 1.08202143735527 1.65777436194599
7 50 0.492783510945954 1.36585026874789 2.07795491751989
7.25 50 0.610039981475158 1.71562734526176 2.59645406945613
7.5 50 0.746858 2.10835270866828 3.23315729973582
7.75 50 0.898473577520665 2.56782100369812 3.97609
3 70 0.000638958679761989 0.000928746107984562 0.00114356311686837
3.25 70 0.00122482 0.00176576448409813 0.00216581566295628
3.5 70 0.00230534 0.00340479770175806 0.0041175864781439
3.75 70 0.00439079 0.00637968116466752 0.00779208990813572
4 70 0.00815128 0.0121597722537777 0.0147583932513348
4.25 70 0.0137978012372754 0.022448771355825 0.0284794530754999
4.5 70 0.0220034038625643 0.0402690096230457 0.0534434263827628
4.75 70 0.0345245190580101 0.0693548425252702 0.0964240956122439
5 70 0.0527706211366448 0.116272 0.16400638697369
5.25 70 0.0800367745249639 0.188001858613235 0.268628241441398
5.5 70 0.108467258177224 0.263725938999883 0.38410333648052
5.75 70 0.137843882082156 0.343147646080009 0.50659820139203
6 70 0.172521270883948 0.437975953619524 0.653157758623077
6.25 70 0.216478628695078 0.558756237721699 0.839782216730186
6.5 70 0.271743919832714 0.713695 1.07794842481112
6.75 70 0.340674418285255 0.908417 1.38080729350011
7 70 0.426576570824865 1.15359595808537 1.76610554949492
7.25 70 0.532100374841198 1.46138358942821 2.24929956296774
7.5 70 0.653765349281495 1.83406 2.83682
7.75 70 0.800309747863459 2.27702 3.53741
3 100 0.000396246968334234 0.00072512770777113 0.000916640783980498
3.25 100 0.000755986583085516 0.00137948584368205 0.00173665204689138
3.5 100 0.00143135271905884 0.00262681516557855 0.0033033631778842
3.75 100 0.00271080414203902 0.00494893444383461 0.00624373202040457
4 100 0.00501730139422129 0.00930152033660214 0.0117092536106527
4.25 100 0.00922046832249821 0.0171010061720857 0.0225336340277963
4.5 100 0.0155299636197971 0.0305426869444686 0.04214556786351
4.75 100 0.0259550637637959 0.0524852778615447 0.0754238169384532
5 100 0.0412796655195203 0.0858016600169287 0.128059615104947
5.25 100 0.0624577993388292 0.136396992503865 0.209255516759419
5.5 100 0.084862718907956 0.191507633189834 0.299423915653892
5.75 100 0.108250831175066 0.250890573084871 0.396804372932402
6 100 0.136621349667755 0.322862421132855 0.515275669706015
6.25 100 0.172842373321291 0.415395309732334 0.667630044006129
6.5 100 0.218707491880036 0.534009497479218 0.86346516896317
6.75 100 0.276417445146789 0.68528380156554 1.11471073350686
7 100 0.348667779226727 0.877468945378703 1.43605017397662
7.25 100 0.437693445097948 1.11764025114966 1.84070816140017
7.5 100 0.544869 1.41078 2.33845
7.75 100 0.673176 1.76549 2.94547
3 130 0.000284304790753451 0.000514616134130253 0.000677561658924989
3.25 130 0.000538472624928614 0.000963042843016408 0.00127931215402808
3.5 130 0.00101486440114517 0.001832891892769 0.00242933238719109
3.75 130 0.00190978489444712 0.00346958058204772 0.0045842846925317
4 130 0.00362652508578499 0.00648770370045276 0.00855860986346679
4.25 130 0.00657183902811171 0.0119014296562084 0.0162221627528665
4.5 130 0.0108690921302023 0.0211743785120669 0.0299689491247069
4.75 130 0.0181353473047421 0.0363091312227096 0.0527664720826361
5 130 0.0289105980127366 0.0592981356383159 0.0894183854470463
5.25 130 0.0435834663083811 0.093863024027161 0.145471036716658
5.5 130 0.0591189354439467 0.131709749980397 0.207940409525937
5.75 130 0.0759911164892892 0.173264509037439 0.277124535195991
6 130 0.0967333271427997 0.224723284688755 0.362760510805716
6.25 130 0.123375360374584 0.291274810409793 0.473561297415048
6.5 130 0.157481795954197 0.377465857776171 0.617470237936137
6.75 130 0.200979644290138 0.488905249760301 0.804515409412875
7 130 0.255855195727193 0.631857638990636 1.04562299071977
7.25 130 0.323848162613206 0.811715364652694 1.35110853961039
7.5 130 0.405092039626015 1.03388 1.73085
7.75 130 0.504882435649266 1.30666 2.20011
3 200 0.000135208958812047 0.000253961847214502 0.00036707357862677
3.25 200 0.000255103727142876 0.000476594524563662 0.000689071295576935
3.5 200 0.00047803462322962 0.000900100671438298 0.00129523957354548
3.75 200 0.000909477035982975 0.00170204286579795 0.00243712807736168
4 200 0.00169897746432442 0.00316897443012102 0.00452819075495305
4.25 200 0.00306394078836244 0.00576672500827288 0.00829057219981836
4.5 200 0.00518374066550973 0.0101770194944451 0.0148430028216594
4.75 200 0.00842809984271978 0.0172878955855442 0.0259022573074296
5 200 0.0134844964523224 0.0279469194299776 0.0426896463799737
5.25 200 0.0204634028593719 0.043872179017524 0.0679312039419024
5.5 200 0.0279409166743992 0.061548205829129 0.0966427506228241
5.75 200 0.036262530597041 0.081649514993348 0.1298062445747
6 200 0.0468448294989223 0.107243705053241 0.17191275413513
6.25 200 0.0607199139414132 0.140948208795975 0.227328917857097
6.5 200 0.0788538792868287 0.185410207333406 0.300536143663465
6.75 200 0.102105258884151 0.24315669936944 0.39601101680693
7 200 0.131812033137924 0.318128519841117 0.520570668788622
7.25 200 0.168930290681149 0.413476007791493 0.679989185095905
7.5 200 0.214845 0.533581 0.882201
7.75 200 0.267921818711577 0.68488 1.13868
3 300 5.27002015685576e-05 0.00010366042791192 0.000169316584394391
3.25 300 9.94116369789021e-05 0.000195451222831009 0.000318095273913176
3.5 300 0.000188261156591143 0.000368545181507891 0.000597280484175793
3.75 300 0.000345876815071804 0.000691137731827261 0.00111541851354186
4 300 0.000638835189361488 0.00127701176723532 0.00205326963247934
4.25 300 0.00114217539091614 0.00229199523328423 0.00367099183805433
4.5 300 0.0019500983070248 0.00398404051116241 0.00635351305243216
4.75 300 0.00318755106716963 0.00667677223370139 0.0106217908350111
5 300 0.00486620249912151 0.0106429115895607 0.0170981851227962
5.25 300 0.0075196088424655 0.016545976249335 0.0267504720772238
5.5 300 0.0103118783313848 0.0231980260868313 0.0376110152715772
5.75 300 0.013779488240291 0.0309514346460562 0.0508067847363027
6 300 0.0177976510189529 0.0411315430445405 0.0676727790787002
6.25 300 0.0235436404192583 0.0546549549054629 0.0900360469657995
6.5 300 0.0311931599811596 0.0727031202611811 0.119870875871609
6.75 300 0.0414161323956247 0.0970924568018915 0.160223171926282
7 300 0.0544711164884215 0.129153535729857 0.213383753987474
7.25 300 0.0707690037606789 0.169854678635795 0.279345843728369
7.5 300 0.0895908173550999 0.221703 0.365600552862534
7.75 300 0.115821968368427 0.289262 0.478527469676292
3 500 5.40196067685676e-06 1.11338012619223e-05 2.22586424948014e-05
3.25 500 1.4859839231062e-05 3.05373991354532e-05 6.1052010327976e-05
3.5 500 3.88244666292299e-05 7.93473308761103e-05 0.000158945554871607
3.75 500 9.12239432883679e-05 0.000189921825799631 0.000384141294946842
4 500 0.000195105874140859 0.000420504061544749 0.000842821500255702
4.25 500 0.000369435464630839 0.000825667455383075 0.00165358445740109
4.5 500 0.000646166403159885 0.00143266283291314 0.00287098161326553
4.75 500 0.00101356776469902 0.00224151575774272 0.00446087081317412
5 500 0.00148026897116751 0.00326662321576639 0.00644938324459002
5.25 500 0.00193644272330173 0.00446273019559304 0.00873287738455866
5.5 500 0.00268380226437064 0.00635972183786914 0.0123245868017389
5.75 500 0.00379748688633795 0.00913268437860399 0.0175262903670126
6 500 0.0053808209715039 0.0128100536572954 0.0243492566381293
6.25 500 0.00726074322642443 0.0176156537212732 0.0331800194508593
6.5 500 0.00973575525095871 0.0238210087314355 0.0444966245129095
6.75 500 0.012849682929739 0.0316490703197888 0.0586901464264269
7 500 0.0169069937955113 0.0416644962535822 0.0767833105588022
7.25 500 0.0221994089242394 0.0547459 0.100369457749189
7.5 500 0.0290039 0.0714632 0.130449
7.75 500 0.037361594578782 0.0919115 0.167201
3 700 1.46986628553799e-06 3.05299745077982e-06 7.61702583876324e-06
3.25 700 4.05004499462888e-06 8.31885470100522e-06 2.09340742306879e-05
3.5 700 1.04060759013303e-05 2.2164935476961e-05 5.46278762627568e-05
3.75 700 2.31570222096085e-05 5.54178254713477e-05 0.000132380417538175
4 700 4.72094769999273e-05 0.00012424982616554 0.000291295415632794
4.25 700 8.69526943061421e-05 0.000230699063460021 0.000573500134092578
4.5 700 0.000151682139924162 0.000405971413375925 0.000999578517678887
4.75 700 0.000241621627371985 0.000680047344881718 0.00156001597158179
5 700 0.000365141848919301 0.0010217928898769 0.00226685378421869
5.25 700 0.000517716982128801 0.0013356816526218 0.00308700974692759
5.5 700 0.000767251717771104 0.00187253712951085 0.00438432436426659
5.75 700 0.00112645147766691 0.00274151501274562 0.00627736880793576
6 700 0.00163699713831845 0.00392484655724303 0.00878376205975727
6.25 700 0.00227637423779054 0.00550948306093347 0.0120575612305022
6.5 700 0.00312990950563897 0.00760154792699844 0.0162911239260834
6.75 700 0.00419044890359357 0.0102945513801858 0.0216500408393601
7 700 0.00559123949126449 0.0138000055160321 0.0285430204231673
7.25 700 0.00745500207611763 0.0187713713630345 0.0376111373248307
7.5 700 0.0101153037636905 0.0246126263525147 0.0493052
7.75 700 0.0129644959156799 0.0319967598384392 0.0637776
3 1000 2.0259049216601e-07 5.10216288257968e-07 1.77780641615922e-06
3.25 1000 5.59578655133844e-07 1.39058993405062e-06 4.89527184126545e-06
3.5 1000 1.42692386058824e-06 3.71495747780167e-06 1.28066325058814e-05
3.75 1000 3.43847444029278e-06 9.32614189955135e-06 3.11371324353503e-05
4 1000 7.19484774014721e-06 2.15545051076598e-05 6.88053200808944e-05
4.25 1000 1.32872767996263e-05 4.24386946185563e-05 0.000136173273995866
4.5 1000 2.31636515593105e-05 7.42964742665811e-05 0.000238927513122577
4.75 1000 3.7289662813229e-05 0.000117907168045832 0.000376019667796901
5 1000 5.60718142333714e-05 0.000175214239416285 0.000552099484261693
5.25 1000 8.41514740903783e-05 0.000253059092181391 0.00076136752438242
5.5 1000 0.000134677405488366 0.000384904656501082 0.0010973590074654
5.75 1000 0.000220967032208863 0.000624602804621208 0.00159720104917864
6 1000 0.000355112984647677 0.000893812829460826 0.00227434119709629
6.25 1000 0.000555975241768038 0.00131868723575061 0.00317879647613825
6.5 1000 0.000834614656191706 0.00190979015452243 0.00437204274523609
6.75 1000 0.00113392194991819 0.00270699537477685 0.00591112732323805
7 1000 0.00159840775323922 0.00378074837935752 0.00792247323966705
7.25 1000 0.00219941254528823 0.00530240510456549 0.0106048457749255
7.5 1000 0.00302342840943163 0.00722465391962176 0.0141143
7.75 1000 0.00396759660419289 0.00978172960455677 0.0185289
