Var1 Var2 Var3 Var4 Var5
3 9.3 0.00981822 0.0113852 0.0133838
3.25 9.3 0.0185073 0.021873 0.0253298
3.5 9.3 0.0334074 0.042319 0.0483899377014817
3.75 9.3 0.0583882 0.0813754 0.0924452
4 9.3 0.0981544 0.153747 0.176123
4.25 9.3 0.158746 0.281612 0.33801
4.5 9.3 0.248647 0.495007 0.62513
4.75 9.3 0.379925 0.831375 1.10136
5 9.1 0.570454 1.3401 1.84428806084676
5.25 7.2 0.959076 2.37073 3.36011
5.5 5.6 1.31595 3.37693 4.88577
5.75 4.2 1.50749 3.98113 5.84959
6 2.9 1.53852 4.15799 6.18532
6.25 1.9 1.51992 4.18816 6.29584
6.5 1.1 1.55553 4.35997 6.61604
6.75 0.6 1.68541 4.7963 7.34275
7 0.2 1.878 5.42066 8.3689
7.25 0 2.05456 6.0094 9.35507
7.5 0 2.14543 6.35356 9.97189
7.75 0 2.16445 6.48606 10.2613
3 9.5 0.00964286 0.0111835 0.0131489
3.25 9.5 0.0181878 0.0214983 0.024901
3.5 9.5 0.0328473 0.0416152 0.04766
3.75 9.5 0.0573865 0.0799911 0.0908954
4 9.5 0.0964391 0.151081 0.173112
4.25 9.5 0.155879 0.276562 0.332028
4.5 9.5 0.244094 0.486004 0.613901
4.75 9.5 0.3733 0.816952 1.08249
5 9.3 0.560864 1.31765 1.81597
5.25 7.5 0.945974 2.33842 3.31511
5.5 5.9 1.30754 3.3553 4.85566
5.75 4.6 1.52917 4.03811 5.93464
6 3.6 1.61059 4.35234 6.47565
6.25 2.8 1.64563 4.53415 6.81698
6.5 2.3 1.71392 4.80317 7.28945
6.75 2.1 1.83593 5.22442 7.99895
7 2 1.99231 5.7505 8.87886
7.25 2 2.12759 6.22296 9.68828
7.5 2 2.19043 6.48687 10.182
7.75 2 2.19904 6.58988 10.4262
3 10.5 0.00881041 0.0102254 0.012033
3.25 10.5 0.0165865 0.0196207 0.0227498
3.5 10.5 0.0298886 0.0378932 0.043448
3.75 10.5 0.0521848 0.0727922 0.0828177
4 10.5 0.0877105 0.137502 0.157743
4.25 10.5 0.142051 0.252193 0.303129
4.5 10.5 0.223382 0.445016 0.561996127586554
4.75 10.5 0.342079 0.748976 0.992141099194953
5 10.3 0.51423 1.2085 1.66729
5.25 8.8 0.857557 2.12026 3.00927
5.5 7.5 1.20219 3.08481 4.46941
5.75 6.5 1.4579 3.8488 5.65639547988108
6 5.8 1.6163 4.36595 6.50171
6.25 5.4 1.71161 4.71402 7.09256
6.5 5.1 1.79444 5.0272 7.63402
6.75 5 1.89495 5.39124 8.25857
7 5 2.01479 5.81483 8.98227
7.25 5 2.11803 6.19492 9.64846
7.5 5 2.17444 6.43979 10.1118
7.75 5 2.18587 6.55099 10.3682
3 13.6 0.00672887 0.00782671 0.00923593
3.25 13.6 0.012559 0.0148832 0.0173125
3.5 13.6 0.0224149 0.0284763 0.0327647
3.75 13.6 0.0391492 0.0547234 0.0624889
4 13.6 0.0659333 0.103574 0.119241
4.25 13.6 0.107484 0.191187 0.230599
4.5 13.6 0.170374 0.339989 0.431405
4.75 13.6 0.261998 0.57444 0.764465
5 13.5 0.394419 0.927897 1.28417
5.25 12.3 0.633309 1.56679 2.22740459606467
5.5 11.4 0.869896 2.23223 3.2446
5.75 10.8 1.07021 2.82375 4.16682
6 10.4 1.24014 3.34678 4.99702
6.25 10.2 1.39434 3.83644 5.78515
6.5 10.1 1.5319 4.28805 6.51199742911502
6.75 10 1.66196 4.72579 7.25094
7 10 1.79439 5.17724 8.00934
7.25 10 1.91948 5.61404 8.75573
7.5 10 2.00684 5.94448 9.34563
7.75 10 2.04956 6.1444 9.73606
3 22.1 0.00357569 0.00418557 0.00487627
3.25 22.1 0.00666253 0.00793967 0.00924623
3.5 22.1 0.0118535 0.015146 0.0175957
3.75 22.1 0.0206952 0.0290971 0.0335591
4 22.1 0.0349159 0.0551614 0.0641206
4.25 22.1 0.0567521 0.101489 0.123575
4.5 22.1 0.0900491 0.180572 0.231251
4.75 22.1 0.140937 0.310308 0.416678
5 22 0.215037 0.507605 0.708625
5.25 21.3 0.333718 0.827636 1.18871
5.5 20.8 0.451244 1.15943 1.69944
5.75 20.4 0.556879 1.46949 2.18562
6 20.2 0.665659 1.79494 2.69955
6.25 20.1 0.788109 2.16549 3.28708
6.5 20 0.92192 2.57701 3.94449
6.75 20 1.06839 3.03492 4.68185
7 20 1.22501 3.53287 5.49324
7.25 20 1.38265 4.0447 6.33818
7.5 20 1.52029 4.50669 7.11701
7.75 20 1.62947 4.89107 7.78299
3 31.4 0.00210526 0.00248269 0.0028484
3.25 31.4 0.00393338 0.00471891 0.00541912
3.5 31.4 0.00700689999999999 0.00901464 0.0104557
3.75 31.4 0.0121925 0.0172603 0.0201303
4 31.4 0.0205269 0.0326477 0.0383646
4.25 31.4 0.03345 0.0602042 0.0740936
4.5 31.4 0.0533024 0.107529 0.139158
4.75 31.4 0.0837114 0.185319 0.251399
5 31.3 0.128076 0.303768 0.42831
5.25 30.9 0.196787 0.489963 0.710653
5.5 30.5 0.266344 0.68639 1.01568
5.75 30.3 0.331436 0.876362 1.31533
6 30.1 0.402973 1.08779 1.65011
6.25 30.1 0.488843 1.34369 2.04818298331051
6.5 30 0.588705 1.64571 2.53803
6.75 30 0.704937 2.00254 3.1116
7 30 0.836655 2.41369 3.77846
7.25 30 0.97928 2.86693 4.52173
7.5 30 1.12059 3.32645 5.28602
7.75 30 1.25177 3.76467 6.0268
3 41.1 0.00139130636774886 0.00165367 0.00189171
3.25 41.1 0.00260033 0.00314245 0.00356244
3.5 41.1 0.00462864 0.00599905 0.00687404
3.75 41.1 0.00803353 0.0114571 0.0134206
4 41.1 0.0134979 0.0216251 0.0257015
4.25 41.1 0.0220085 0.0398929 0.0496477
4.5 41.1 0.0351328 0.0713535 0.0933624
4.75 41.1 0.0553425 0.123286 0.169062
5 41 0.0845363 0.201656 0.287345
5.25 40.6 0.12943 0.323901 0.474687
5.5 40.4 0.175417 0.454016 0.678652
5.75 40.2 0.22066 0.585442 0.887292
6 40.1 0.27202 0.736239 1.12726
6.25 40 0.333836 0.919435 1.4123109977707
6.5 40 0.407885 1.14187 1.77599
6.75 40 0.495845 1.41028 2.2091
7 40 0.597744 1.72665 2.7095934192783
7.25 40 0.71333 2.0916 3.32374
7.5 40 0.837369 2.49192 3.98974
7.75 40 0.963426 2.90839 4.69221
3 50.9 0.0010152026990949 0.00119296 0.00138485
3.25 50.9 0.00189129922701606 0.0022681 0.00261022
3.5 50.9 0.00336742464890833 0.00432992 0.00499111
3.75 50.9 0.00583378555224907 0.00825254 0.00973163
4 50.9 0.00978562793242041 0.0155473 0.0187347673942632
4.25 50.9 0.0159641 0.0286695000000001 0.0360705637216314
4.5 50.9 0.025481973672681 0.0512838 0.0678184835320658
4.75 50.9 0.0400499 0.0883183 0.122374660558222
5 50.8 0.0612429227898345 0.144675 0.208261955589773
5.25 50.5 0.0929702135509294 0.231482 0.342696355843984
5.5 50.3 0.12566512340076 0.324318 0.489637498431289
5.75 50.2 0.158914 0.420179 0.643047901251782
6 50.1 0.197574603225579 0.531762 0.82198965547325
6.25 50 0.245208111535059 0.668102 1.04099714359913
6.5 50 0.304433627472286 0.836373 1.3123937963621
6.75 50 0.378535 1.04485 1.65063915458113
7 50 0.468523 1.30622 2.0657219452652
7.25 50 0.568952 1.64282000000001 2.58802
7.5 50 0.678325995609032 2.03902 3.23174
7.75 50 0.799824 2.46722 3.95964555437933
3 70.6 0.000627718901604163 0.000826819000000002 0.001141983032995
3.25 70.6 0.00117142316074841 0.00155066 0.00216742
3.5 70.6 0.00209349 0.00293101174953249 0.00412052
3.75 70.6 0.00360945 0.00547889084033031 0.00779253
4 70.6 0.00602714 0.0103257 0.0147594
4.25 70.6 0.00980422 0.0189703 0.0284813
4.5 70.6 0.0156299 0.033864 0.0530509756862505
4.75 70.6 0.0245134 0.0611648 0.0957262321601506
5 70.6 0.0374688 0.101852 0.162837426589684
5.25 70.4 0.0570194 0.162413 0.266842463834173
5.5 70.2 0.0774047 0.227939000000001 0.381620811960516
5.75 70.1 0.0983068 0.296655000000001 0.503219995628441
6 70.1 0.122803 0.378778000000001 0.653942583858265
6.25 70 0.153596 0.483234000000001 0.84047766925097
6.5 70 0.191903 0.616019 1.07000491761026
6.75 70 0.239043 0.781109 1.37052780186252
7 70 0.296822 0.985140000000001 1.75305100398562
7.25 70 0.366358 1.23479 2.23310986571948
7.5 70 0.447066 1.52955 2.81736752541073
7.75 70 0.538754 1.86974000000001 3.51475211776823
3 100.4 0.000362366847842141 0.000602852 0.000916956
3.25 100.4 0.000674400962515751 0.00113402 0.00173864
3.5 100.4 0.0012336 0.00206315194926824 0.00330705
3.75 100.4 0.00223076 0.00367607 0.0062505
4 100.4 0.00373259 0.00672094365446476 0.0116765
4.25 100.4 0.00604694 0.0121483413842616 0.0223722
4.5 100.4 0.00960234 0.0215737637196094 0.041931
4.75 100.4 0.0150186 0.0376679161948672 0.0748958795848016
5 100.4 0.0228979 0.0614762985998021 0.126168835100822
5.25 100.3 0.0346547 0.0977541 0.205774418820891
5.5 100.2 0.0470384 0.137033 0.299751
5.75 100.1 0.0599362 0.178981 0.390245695933997
6 100 0.0755674 0.231808 0.515636
6.25 100 0.0955131 0.300449 0.656410990224366
6.5 100 0.120762 0.388683 0.848826147745559
6.75 100 0.152528 0.501892 1.09565273486634
7 100 0.1923 0.646683 1.41130307752248
7.25 100 0.241322 0.829042 1.80876439934619
7.5 100 0.300366 1.0534 2.29761687672756
7.75 100 0.371062 1.32703 2.89369265916592
3 130.3 0.000253461012341844 0.000445397 0.000674091280610795
3.25 130.3 0.000477421511908829 0.00080696891595358 0.00127522389866227
3.5 130.3 0.000860887 0.00147746 0.00243231
3.75 130.3 0.00153754 0.00264931 0.00458875
4 130.3 0.00264262 0.00475955 0.00855882
4.25 130.3 0.00426928 0.00856307 0.015756
4.5 130.3 0.0067602 0.0151898 0.0294232
4.75 130.3 0.010539 0.0263884008460291 0.0527602382346082
5 130.3 0.0160337 0.0444510979257423 0.0889876943534741
5.25 130.2 0.0241771 0.0701391872875305 0.144860308974002
5.5 130.1 0.0327896 0.0987268 0.207036754505323
5.75 130.1 0.0420634 0.129482971355911 0.275818046594505
6 130 0.0534826 0.167902228674699 0.360908802890735
6.25 130 0.0681416 0.217362 0.473918141200822
6.5 130 0.0869019 0.281418 0.613869400526556
6.75 130 0.110827 0.364317 0.799571303479476
7 130 0.141019 0.470623 1.04566067280601
7.25 130 0.178425 0.604557 1.34213601520547
7.5 130 0.223929 0.770184 1.71903642699359
7.75 130 0.279094 0.978584 2.18468474486872
3 200.2 0.000120435 0.00021235849785409 0.000356730264257895
3.25 200.2 0.000227568 0.000397243952029085 0.000680910463594225
3.5 200.2 0.000413694186564723 0.000745336 0.00125659168020154
3.75 200.2 0.000727539 0.0013707405606645 0.00239855464318795
4 200.2 0.00129253 0.00233198 0.00450039660926341
4.25 200.2 0.00207352 0.00421866 0.00822195
4.5 200.2 0.00325785 0.00738906233558231 0.0144552
4.75 200.2 0.00503931 0.0125193 0.0250385
5 200.2 0.00760451 0.0208589400897722 0.042007
5.25 200.1 0.0113816 0.0335527986111729 0.0677541
5.5 200.1 0.0154425 0.0478944116237602 0.0963085101664857
5.75 200 0.0200167 0.0636064688726364 0.128683929984492
6 200 0.0258366 0.0838546243523189 0.169781551748381
6.25 200 0.0334598 0.110906732624179 0.22385856390062
6.5 200 0.0434202 0.146454781693586 0.295244656570974
6.75 200 0.0561858 0.19276538290877 0.388210653647549
7 200 0.0725032 0.253105624347954 0.509301926566776
7.25 200 0.0928932 0.33020715121088 0.663978635899611
7.5 200 0.11812 0.42782500259539 0.859769057506449
7.75 200 0.149372 0.543280315927954 1.13818485405141
3 300.1 4.64383688883652e-05 8.73868389239637e-05 0.00016468546773514
3.25 300.1 8.51318000000001e-05 0.000164684352227398 0.000314471776046435
3.5 300.1 0.000160734 0.000308247184111285 0.000579008311858195
3.75 300.1 0.000288266985014504 0.000567369406920655 0.00109665237186103
4 300.1 0.000488263 0.000967871000000009 0.0019780359339723
4.25 300.1 0.000826765 0.00173707 0.00355598477714415
4.5 300.1 0.00128041 0.00309271825128496 0.00626330803140337
4.75 300.1 0.00195484 0.00509075 0.010609
5 300.1 0.00290976 0.00825550139637333 0.0168393
5.25 300.1 0.00431524 0.0127676590092246 0.0260751
5.5 300.1 0.00585631 0.0181417405912159 0.0363974
5.75 300 0.00764218 0.024225969776125 0.0489555
6 300 0.00998733 0.0321569519648111 0.065529
6.25 300 0.0130927 0.0428704060246524 0.0875092
6.5 300 0.0172084 0.0573013193749975 0.116857
6.75 300 0.0227158 0.0772512202615969 0.156599
7 300 0.0298624 0.10297969150929 0.209055
7.25 300 0.0387844 0.135732341795236 0.275991
7.5 300 0.049949 0.177634295718975 0.36177
7.75 300 0.0642478 0.232089 0.474289
3 500.1 4.04275178865361e-06 8.54266000000039e-06 2.16815516254587e-05
3.25 500.1 1.08035e-05 2.37755000000001e-05 6.04208912616551e-05
3.5 500.1 2.85602e-05 6.27992363114749e-05 0.00015405313617616
3.75 500.1 7.00287296817745e-05 0.000143865232843467 0.000377474032787735
4 500.1 0.000150201400838591 0.000308727574216146 0.000812153123902059
4.25 500.1 0.000279846 0.000583133 0.00159403591115473
4.5 500.1 0.00045714 0.00101577145566982 0.00276870399529403
4.75 500.1 0.000661074 0.00159933782455306 0.00430373271684478
5 500.1 0.000900205 0.00237702608820069 0.00622497628806652
5.25 500.1 0.00117299 0.00338056054719342 0.00843336607855858
5.5 500 0.0016174 0.00469092939588346 0.0119078453618162
5.75 500 0.0022686 0.00673634342042301 0.0169498926048055
6 500 0.00312555 0.00952269892444366 0.0236019181752888
6.25 500 0.00423501 0.0130638768825302 0.0322086528266109
6.5 500 0.00565301 0.0176582 0.043309699897863
6.75 500 0.00742046 0.023593 0.0572799300088806
7 500 0.00965388 0.0312091 0.0751211645398181
7.25 500 0.0125336 0.0411787 0.0984193400859618
7.5 500 0.0161566 0.0539423 0.128195065156133
7.75 500 0.0205029 0.06958 0.164657202196073
3 700.1 9.23191586952001e-07 2.13074000000003e-06 7.42681050019159e-06
3.25 700.1 2.47131e-06 5.93287000000008e-06 2.07353960552195e-05
3.5 700.1 6.52017e-06 1.57999000000001e-05 5.29502569746315e-05
3.75 700.1 1.61656870709935e-05 3.86335022772404e-05 0.00013005805600759
4 700.1 3.66167957449895e-05 8.18690000000001e-05 0.000280818699381855
4.25 700.1 7.02965000000001e-05 0.000157308780466793 0.000553051282777775
4.5 700.1 0.000118819243553271 0.000273847 0.000964354980459415
4.75 700.1 0.000176446131580969 0.000443697 0.00150579206204663
5 700.1 0.00025197323297594 0.000651284 0.00218927585848181
5.25 700 0.000341373103398866 0.000897705 0.00298335257031131
5.5 700 0.000482485 0.00129264 0.00438288270593811
5.75 700 0.000688463 0.00189954 0.00607475999727538
6 700 0.000964879 0.00276022 0.0085055416933958
6.25 700 0.0013292 0.00392655533884026 0.0116830732055551
6.5 700 0.00180725 0.00548501053290846 0.0157939338674462
6.75 700 0.00241918 0.0075130192766022 0.02099961185335
7 700 0.0032065 0.0101736158848281 0.0276972398272975
7.25 700 0.00423697 0.0135802758724593 0.036510061026417
7.5 700 0.00555544 0.0179937428935937 0.0478897285513743
7.75 700 0.00716892 0.0236491695799574 0.0620065342167319
3 999.9 1.20555309625794e-07 3.53105000000007e-07 1.73518084510738e-06
3.25 999.9 3.23867e-07 9.84818000000018e-07 4.85367892620655e-06
3.5 999.9 8.54366999999999e-07 2.62944000000003e-06 1.24158749801866e-05
3.75 999.9 2.13068220990156e-06 6.59307000000001e-06 3.05872933995655e-05
4 999.9 4.88932646412188e-06 1.38061e-05 6.63687599942898e-05
4.25 999.9 9.93800836752284e-06 2.65753e-05 0.00013140700342257
4.5 999.9 1.83058664160032e-05 4.68998434951949e-05 0.000230689600526585
4.75 999.9 2.96891580440428e-05 7.85334e-05 0.000363304062933397
5 999.9 4.51076118248975e-05 0.000118564 0.000533891069747278
5.25 999.9 6.70725107212896e-05 0.000170065763833277 0.000737037881740704
5.5 999.9 0.000102615 0.00026063289065366 0.00106355940724142
5.75 999.9 0.000158653 0.000393950720563471 0.00154995261587566
6 999.9 0.000235685 0.000594285000000002 0.00220984528087952
6.25 999.9 0.000342486 0.000887452000000003 0.0030925462283344
6.5 999.9 0.000487319 0.00132626403290652 0.00425835793495086
6.75 999.9 0.000677986 0.00192518935982373 0.00576343410723098
7 999.9 0.000930165 0.00275224659846091 0.00773158469786948
7.25 999.9 0.00126831 0.00383222903022533 0.010357538837529
7.5 999.9 0.00171163 0.00532938516040414 0.013794471273955
7.75 999.9 0.00226887 0.00727824738876081 0.0181196919899518
