Var1 Var2 Var3 Var4 Var5 Var6 Var7
3 9.3 0.0549194629849705 0.072234 0.0976864 0.107297 0.133107
3.25 9.3 0.0843191051083973 0.125562 0.169199 0.193928 0.229323
3.5 9.3 0.126778861899472 0.212437286225121 0.286948 0.34568 0.387264
3.75 9.3 0.185324713953174 0.343649893522431 0.465805 0.590242 0.626457
4 9.3 0.265561430195395 0.537706145058537 0.723994 0.950287 0.979891
4.25 9.3 0.376166469452726 0.812718850092893 1.08705 1.42335 1.52342
4.5 9.3 0.539682519983926 1.18709535611104 1.58365 2.06922 2.27594
4.75 9.3 0.726987608923341 1.6848332802287 2.25064 2.93529 3.29206
5 9.1 1.01895338410407 2.36004783256634 3.14555 4.09613 4.65775
5.25 7.2 1.41559613966151 3.44880079453954 4.58258 5.96036 6.83318
5.5 5.6 1.72543339289064 4.29484070853085 5.69363 7.3985 8.54594
5.75 4.2 1.87562626092041 4.75559603189736 6.29556 8.17328 9.51583
6 2.9 1.85220657185324 4.7592274007345 6.29697 8.16875 9.59188
6.25 1.9 1.78139116339655 4.62143584588245 6.11581 7.9281 9.39465000000001
6.5 1.1 1.78186508115519 4.64459913211544 6.16411 7.98548 9.55424
6.75 0.6 1.87471559399801 4.97726211238906 6.59929 8.54415 10.3256
7 0.2 2.0328319001364 5.47097051582686 7.26491 9.40047 11.4806
7.25 0 2.23754810198626 5.90676656553004 7.85756 10.1616 12.5459
7.5 0 2.30577334402468 6.0663671844307 8.12039 10.4958 13.1033
7.75 0 2.296802439085 6.0683138178391 8.10606 10.4715 13.2215
3 9.5 0.053841185465877 0.0707898 0.095731 0.105147 0.130505
3.25 9.5 0.0827152981388988 0.123127 0.165913 0.190158 0.22498
3.5 9.5 0.124417643617341 0.208457512527589 0.281487 0.339088 0.380073
3.75 9.5 0.18659660407903 0.338276291581554 0.456882 0.578918 0.614751
4 9.5 0.260649336443074 0.527471650378083 0.71028 0.932276 0.96175
4.25 9.5 0.36925886831933 0.797338900253403 1.06657 1.39653 1.49535
4.5 9.5 0.516863184928934 1.16066091218655 1.55442 2.031 2.23484
4.75 9.5 0.732830215742127 1.66190789407483 2.21191 2.88476 3.23671
5 9.3 0.978374650587051 2.32111898953168 3.0941 4.02908 4.5832
5.25 7.5 1.40237933427834 3.41321090911524 4.53611 5.89992 6.76661
5.5 5.9 1.72512011881062 4.30375141736865 5.69069 7.39418 8.54462
5.75 4.6 1.92122789582841 4.86533505369448 6.44216 8.36337 9.74116000000001
6 3.6 1.94266372580969 5.04861189671436 6.6811 8.66683 10.1806
6.25 2.8 1.96489393015752 5.09285550360869 6.74079 8.73806 10.3578
6.5 2.3 2.01014122426588 5.24732105217455 6.95015 9.00364 10.7754
6.75 2.1 2.11949861090383 5.56097591806631 7.37413 9.54712 11.5404
7 2 2.26339288768252 5.95983621525022 7.91476 10.2412 12.51
7.25 2 2.38048751716833 6.28194599262003 8.35732 10.8078 13.3462
7.5 2 2.41449324209136 6.43214317776448 8.50156 10.9883 13.7205
7.75 2 2.38895748435985 6.2490468141581 8.42988 10.8897 13.7517
3 10.5 0.0488130235813267 0.0640624 0.0866256 0.0951352 0.118369
3.25 10.5 0.0748727236433068 0.111244 0.14989 0.171772 0.203732
3.5 10.5 0.112428165490458 0.1881132925222 0.253852 0.305752 0.343563
3.75 10.5 0.160317829067945 0.304944041983264 0.412234 0.522245 0.555966
4 10.5 0.236106748083091 0.474305610818159 0.64197 0.842552 0.87113
4.25 10.5 0.33558663486946 0.719559643865557 0.967044 1.26612 1.35863
4.5 10.5 0.471903613392247 1.05614644606999 1.41561 1.84948 2.03936
4.75 10.5 0.655508003614357 1.51269282677059 2.0227 2.63778 2.96539
5 10.3 0.922218842985608 2.12747567604415 2.83827 3.69568 4.21193
5.25 8.8 1.28278901370618 3.10755796639356 4.13369 5.37603 6.17819
5.5 7.5 1.59662104873717 3.99972164870408 5.30876 6.897 7.98668
5.75 6.5 1.87980418008421 4.7334664948005 6.27375 8.14361 9.50418
6 5.8 2.03492632175423 5.19587791748499 6.88217 8.92648 10.5045
6.25 5.4 2.11683110655621 5.46291144711738 7.23612 9.37907 11.1352
6.5 5.1 2.17930446948777 5.64245832012374 7.51333 9.73225 11.6633
6.75 5 2.31378600471018 5.92120375885234 7.85607 10.1701 12.3082
7 5 2.36835425086846 6.22271720894966 8.26756 10.6969 13.0806
7.25 5 2.4497482278655 6.45322040176198 8.58883 11.1065 13.7279
7.5 5 2.47437518475026 6.52667752856576 8.70163 11.2482 14.0568
7.75 5 2.4452120606846 6.45160088545726 8.62043 11.1359 14.0733
3 13.6 0.0363974126860135 0.0475174 0.0642367 0.0705256 0.0883868
3.25 13.6 0.0555359884827439 0.0820681 0.110555 0.126651 0.151318
3.5 13.6 0.0829846105246748 0.138744 0.186285 0.224282 0.253878
3.75 13.6 0.121651873596472 0.223662302910331 0.303156 0.383874 0.411692
4 13.6 0.173434127402273 0.35283728432243 0.474185 0.622213 0.647623
4.25 13.6 0.251478825749339 0.534191124436953 0.719776 0.942168 1.0176
4.5 13.6 0.35709180252711 0.795729909856543 1.06354 1.38919 1.54136
4.75 13.6 0.501077784522591 1.14469979092195 1.5344 2.00051 2.26255
5 13.5 0.693297485382468 1.62036594559302 2.16695 2.82075 3.23357
5.25 12.3 0.936508084531567 2.28173274915131 3.05816 3.97588 4.59689
5.5 11.4 1.19467883311512 2.91447310046409 3.88166 5.03745 5.86876
5.75 10.8 1.41924584953591 3.52182400002699 4.68034 6.07305 7.12862
6 10.4 1.61602960379152 4.06910896636905 5.4033 7.00576 8.28842
6.25 10.2 1.78686293096992 4.5545547214172 6.04653 7.83457 9.3468
6.5 10.1 1.93345863978464 5.00509503645508 6.60905 8.55827 10.3014
6.75 10 2.0682644502673 5.36493470560266 7.13002 9.22792 11.2118
7 10 2.19740800319782 5.73307776613644 7.62808 9.86723 12.1087
7.25 10 2.31131196351951 6.05380472544735 8.06682 10.4294 12.9321
7.5 10 2.37386793211239 6.23196767387488 8.31891 10.7497 13.4729
7.75 10 2.37942864232909 6.25336843818301 8.36378 10.8022 13.6872
3 22.1 0.0185956024786609 0.0239447 0.0323497 0.035494 0.0453605
3.25 22.1 0.0282824122798234 0.0412108 0.0554868 0.0635188 0.0773941
3.5 22.1 0.0421520929080479 0.0694664 0.093225 0.112147 0.129472
3.75 22.1 0.0620442782946027 0.111523737975929 0.15226 0.192612 0.210692
4 22.1 0.0902457012610342 0.176316304477135 0.239968 0.314715 0.333656
4.25 22.1 0.127406216247204 0.2696659123363 0.365913 0.478714 0.526456
4.5 22.1 0.186228534401109 0.402770469030661 0.544965 0.711415 0.803402
4.75 22.1 0.266039146934039 0.592542014250754 0.79961 1.04185 1.19869
5 22 0.365555052430342 0.845323658103866 1.14281 1.48656 1.73255
5.25 21.3 0.498707523432328 1.15876820034716 1.55583 2.02108 2.37621
5.5 20.8 0.603289677645199 1.45466891474595 1.94907 2.52881 2.99534
5.75 20.4 0.744815514682742 1.78903317872516 2.39339 3.10271 3.70037
6 20.2 0.888017567989111 2.16479385124733 2.89306 3.74758 4.50128
6.25 20.1 1.04369349523649 2.5792530310533 3.44498 4.45958 5.39681
6.5 20 1.2094745080525 3.02600432251367 4.04133 5.22869 6.37822
6.75 20 1.38320992437358 3.49829216207466 4.67324 6.04323 7.43543
7 20 1.53537002402539 3.98762802351177 5.33079 6.89026 8.55523
7.25 20 1.7374530239811 4.41863173381128 5.97445 7.71869 9.67615000000001
7.5 20 1.87924783537862 4.85339687848471 6.50331 8.39818 10.633
7.75 20 1.97939194744564 5.12983637976219 6.88403 8.8857 11.366
3 31.4 0.0106040120309356 0.0134534 0.0181644 0.0199189 0.0260121
3.25 31.4 0.0161185461341295 0.0231368 0.0311349 0.0356206 0.0443537
3.5 31.4 0.0240078568586574 0.0389664 0.0522678 0.0628344 0.0741321
3.75 31.4 0.0354014565842998 0.0629060545037962 0.085494 0.107811898931621 0.120803
4 31.4 0.0516863065192553 0.0985438771061757 0.135192 0.17598102526245 0.19183
4.25 31.4 0.074769282795058 0.15130056861172 0.206917 0.270549 0.303707
4.5 31.4 0.107719991593062 0.227140773442956 0.309697 0.404036 0.465588
4.75 31.4 0.154827878531586 0.336003252919876 0.456825 0.594809 0.698042
5 31.3 0.218012918021134 0.483358860565018 0.655443 0.85195 1.01254
5.25 30.9 0.28973749435341 0.654289933603563 0.88493 1.14858 1.37673
5.5 30.5 0.358640750791935 0.823013878990458 1.11068 1.43986 1.738
5.75 30.3 0.43934438689739 1.03539031038677 1.37873 1.78557 2.16922
6 30.1 0.531188265386487 1.26497166606355 1.70215 2.20266 2.69332
6.25 30.1 0.642659714761838 1.55169124331187 2.08639 2.69813 3.32154
6.5 30 0.776120355843635 1.88450841882646 2.53279 3.27354 4.0598
6.75 30 0.921681601400744 2.2381504082249 3.04527 3.93399 4.91772
7 30 1.06709059651915 2.72523665462404 3.61741 4.67106 5.88873
7.25 30 1.25248296374265 3.18443180028979 4.22733 5.45645 6.94091
7.5 30 1.41395315762432 3.57442257902088 4.81302 6.20982 7.97273
7.75 30 1.55481816934122 3.95314645885851 5.32936 6.87303 8.90949
3 41.1 0.00679798104380686 0.00849624 0.0114643 0.0126149 0.0167423
3.25 41.1 0.0101994104931975 0.0146107 0.0196511 0.0224712 0.0286107
3.5 41.1 0.0153897026776311 0.0246002 0.0329817 0.0396272 0.0478051
3.75 41.1 0.0226735298320618 0.0393512769745951 0.0538911 0.0680779 0.0778111
4 41.1 0.0331044168868548 0.061591741812824 0.0851966 0.111615 0.123474
4.25 41.1 0.0473892243247561 0.0931933165982739 0.13059 0.170652 0.195712
4.5 41.1 0.0692999127793288 0.142524130113058 0.195867 0.255371 0.30057
4.75 41.1 0.0996987779677646 0.21094451691427 0.289015 0.376047 0.450619
5 41 0.140731669712334 0.304040186218011 0.415383 0.539499 0.654523
5.25 40.6 0.186391628817724 0.416222049441987 0.558289 0.724005 0.885703
5.5 40.4 0.231488139535924 0.516644814429659 0.70227 0.909565 1.12018
5.75 40.2 0.286667974483367 0.648873703002983 0.880396 1.1391 1.41131
6 40.1 0.350227287140702 0.813305819704905 1.10198 1.42449 1.77552
6.25 40 0.436174875669468 1.0148463010684 1.37368 1.77447 2.22565
6.5 40 0.533218903410268 1.27728480562424 1.7013 2.19644 2.77374
6.75 40 0.645786412730942 1.54340630835238 2.08735 2.69354 3.42669
7 40 0.77336065275073 1.87089746889866 2.53056 3.26407 4.18569
7.25 40 0.915134853699215 2.23825272872491 3.0285 3.90479 5.04975
7.5 40 1.06288061689889 2.62562081107378 3.55493 4.58184 5.97933
7.75 40 1.20672297352048 3.00623554171975 4.07386 5.24867 6.91492
3 50.9 0.00480244118237053 0.00593441260167796 0.00786841 0.00885672 0.0115904190761041
3.25 50.9 0.00730099732759091 0.010141 0.0134892 0.0154306 0.0202790533435769
3.5 50.9 0.0108721106427056 0.0168922 0.0226374 0.0271884 0.0338779900824872
3.75 50.9 0.0159861526636078 0.0275387368973843 0.0369132 0.0466115 0.0554155
4 50.9 0.0232995360061772 0.0421415208726934 0.0582459 0.0762692 0.0877597
4.25 50.9 0.0337633774578729 0.0647994763439444 0.0892469 0.116564 0.13904
4.5 50.9 0.0487548808530711 0.0974758538243466 0.133782 0.174318 0.213405
4.75 50.9 0.0701317185300094 0.144238746513033 0.197281 0.256518 0.319771
5 50.8 0.0987463728989168 0.210610477197344 0.282813 0.367036 0.463027
5.25 50.5 0.129811180688232 0.277658086147438 0.378548 0.490507 0.620823
5.5 50.3 0.16207997685877 0.349633091520689 0.47616 0.616127 0.782935
5.75 50.2 0.200383126996812 0.441405355362422 0.600003 0.775493 0.990943
6 50.1 0.250306246340804 0.558648963550267 0.757297 0.977894 1.25949
6.25 50 0.312578866695427 0.706467435853509 0.954125 1.23114 1.6029
6.5 50 0.389525756153755 0.90292608740654 1.19746 1.54819560748944 2.03945
6.75 50 0.483637417093205 1.11857111833846 1.49377 1.94786068499438 2.58991
7 50 0.597524823681718 1.39523052092551 1.84807 2.38845288233233 3.27668
7.25 50 0.728957 1.72227672362288 2.25859000000004 2.94260796532311 4.11413
7.5 50 0.860737 2.08233 2.71900000000006 3.5880428927811 5.09125
7.75 50 0.994523 2.44243 3.26769000000005 4.25116329977739 6.18539
3 70.6 0.00279394 0.00376133 0.00488038 0.00601529 0.00797189
3.25 70.6 0.00438336721803651 0.00645941 0.0083521 0.010325 0.0137795499818024
3.5 70.6 0.00653659785699847 0.0107636 0.0143981843554169 0.017337 0.024252754629574
3.75 70.6 0.00958167995979919 0.016450470818292 0.0234072 0.0287286905923293 0.0413192760846747
4 70.6 0.0139253644054581 0.0237272206421655 0.0367133113166381 0.0461860825725172 0.0676755698417545
4.25 70.6 0.0201531974827229 0.0361128 0.0561046 0.0700443487075755 0.10313953126115
4.5 70.6 0.0290570208348586 0.0541598 0.0837832 0.107100953909164 0.153746166260297
4.75 70.6 0.0416984559901868 0.0798398 0.122996 0.159938865359569 0.226074
5 70.6 0.058581303720094 0.114383 0.175504 0.228194857643978 0.32195
5.25 70.4 0.0768764168290499 0.15265 0.233297 0.303125136279045 0.426209
5.5 70.2 0.0958252707295401 0.192999 0.29398 0.381753327227501 0.535641
5.75 70.1 0.120625933447851 0.246118 0.373886 0.486224552193754 0.680394
6 70.1 0.152877442108231 0.315859 0.478847 0.621491922446377 0.871608
6.25 70 0.194221569072906 0.406209 0.614904 0.798187240257799 1.12131
6.5 70 0.246044018134894 0.520819 0.787774 1.0228469163867 1.44149
6.75 70 0.309753047317011 0.663247 1.00291 1.3021974017139 1.84516
7 70 0.388149044451783 0.838478 1.2682 1.65260429572727 2.35114
7.25 70 0.477445139349387 1.04808 1.58645 2.07057040573672 2.98514
7.5 70 0.559714980861798 1.28945 1.95426 2.59102692966603 3.73991
7.75 70 0.668612730063134 1.55906 2.36692 3.19249237213345 4.61479
3 100.4 0.0014275562809973 0.00203833419128454 0.00293153 0.00413571 0.00549329482487403
3.25 100.4 0.00221551354837333 0.00346758 0.00466053 0.00707073 0.0094389195249101
3.5 100.4 0.00326405371964973 0.00573254 0.00818423 0.0118197 0.015842731959961
3.75 100.4 0.0047562171584641 0.00928753 0.0125282 0.0191255 0.0269013273654171
4 100.4 0.00686258192077574 0.0138028 0.0197019 0.0299128 0.0441133163457232
4.25 100.4 0.00986041770743176 0.0198354672362699 0.0310029 0.0454993 0.0686523794469999
4.5 100.4 0.0140972232974751 0.0292160703820885 0.0471831 0.0676001 0.10405176322285
4.75 100.4 0.0200362341547202 0.0427364762413027 0.0698554055388209 0.0986048 0.153754252844244
5 100.4 0.0278707501615294 0.0612319123655952 0.100065363392452 0.139701 0.219650895653436
5.25 100.3 0.0362383659719926 0.0800605195281833 0.132116248157089 0.184241 0.291331957385357
5.5 100.2 0.0451759254031703 0.100306404159915 0.16656548659398 0.23253 0.36943696476059
5.75 100.1 0.0575071106330274 0.13044129308626 0.214384 0.299537 0.477434913164767
6 100 0.0741276004337788 0.169084603646125 0.279495 0.390855 0.602878850272877
6.25 100 0.0957619950690884 0.22150011620323 0.365579 0.511522 0.789993277525914
6.5 100 0.123429908940836 0.289669129497492 0.477649 0.668491 1.03413272611669
6.75 100 0.158260622620359 0.380291891077289 0.621477 0.869709 1.34817894275015
7 100 0.202287 0.49877530958429 0.803704 1.12424 1.74705352863422
7.25 100 0.254170050967977 0.62429903921044 1.02926 1.43866 2.24172843824307
7.5 100 0.316525602763637 0.782208532879367 1.30153 1.8172 2.83993654077566
7.75 100 0.389682684277123 0.968636799988108 1.626 2.26697 3.55371268010547
3 130.3 0.000872772145733538 0.00125782802119178 0.00181036 0.00254873 0.00346626673296211
3.25 130.3 0.0013227458889132 0.00213333500951567 0.00292438 0.0043371 0.00590992806164688
3.5 130.3 0.00199718996177234 0.00344541 0.00498956 0.00721257 0.00985315085777915
3.75 130.3 0.00290054507364893 0.00551860843678479 0.00780920999999999 0.0116305 0.0159285995010916
4 130.3 0.0041711459724942 0.00838601592242062 0.0121437 0.018127 0.0254343649651348
4.25 130.3 0.00596287594676233 0.0119925 0.0186663 0.0275766687070288 0.0400749638428515
4.5 130.3 0.00846895412530604 0.0176977657319764 0.0282134 0.0405220090027438 0.0597456257949273
4.75 130.3 0.0119373617169418 0.0255597681951405 0.0414695 0.0585444 0.0875435062813349
5 130.3 0.0164591489488492 0.0350139838022604 0.0588622 0.0822044 0.123949395909542
5.25 130.2 0.0213387 0.0454391526401179 0.0775978 0.107556 0.163097516940596
5.5 130.1 0.0264857750485376 0.0569777069360257 0.0985493 0.135796 0.206776412180274
5.75 130.1 0.0341123908321451 0.0744076929871363 0.129048 0.176924 0.271879162773876
6 130 0.0446696950365946 0.0987843483370155 0.171813 0.234475 0.359498760180665
6.25 130 0.0586395465558404 0.131517961617767 0.229506 0.311712 0.479618432159477
6.5 130 0.076862882337542 0.17493361293512 0.304902 0.41414 0.639690215404785
6.75 130 0.100275373182363 0.231671629433323 0.403118 0.548016 0.850034624900284
7 130 0.129809350722769 0.304472902537429 0.529104 0.719858 1.12154727970858
7.25 130 0.166110237444263 0.395499586941098 0.686787 0.934802 1.46313895133892
7.5 130 0.209800848705827 0.516939887675626 0.879474 1.19765 1.88301526007477
7.75 130 0.262093686457361 0.648945878562723 1.11308 1.51924441617681 2.39436737145226
3 200.2 0.000278002839464941 0.000443936745238519 0.000640293887615626 0.000899293 0.00142398
3.25 200.2 0.000462424892368899 0.00072554 0.00106335862295687 0.00152133 0.00240218
3.5 200.2 0.00068061642626129 0.00116273 0.00177524034153088 0.00251212 0.00395409
3.75 200.2 0.00101717 0.00186093 0.00284745695587627 0.0040224 0.00633634041598087
4 200.2 0.00142562690052464 0.00288720948404642 0.00442948018137659 0.00621001 0.00978436722757712
4.25 200.2 0.00201163814474973 0.00409055925732809 0.0065153912827232 0.00926424000000001 0.0149290064326072
4.5 200.2 0.00280881589620026 0.00571595 0.00953363688553577 0.0134248 0.0222234217765895
4.75 200.2 0.00388260056445731 0.00793323214388625 0.0136312887547375 0.0190196 0.0317977106477485
5 200.2 0.00524041263915234 0.0108632107350352 0.0188501009129776 0.0261107 0.0440429147861324
5.25 200.1 0.00664126172077486 0.014010901536667 0.0243432283581093 0.0335146 0.0568392096702796
5.5 200.1 0.00829873783276217 0.0178672141826616 0.0310335 0.0423263 0.0720433057296744
5.75 200 0.010866535917716 0.0238867061187844 0.0409089 0.0559709 0.0959065217226116
6 200 0.0146314221021257 0.0320510753758257 0.0554785 0.0761095 0.130247684990922
6.25 200 0.0199198210901515 0.0448804888542655 0.0764368 0.104702 0.180345683231048
6.5 200 0.0270953906601447 0.0615537283870044 0.105537743092733 0.14403 0.247961411472706
6.75 200 0.0364798762232898 0.0836009697068439 0.144431270902822 0.196309 0.339247569192943
7 200 0.048609110496482 0.112434093268735 0.195923578421758 0.265084 0.46015509230482
7.25 200 0.0638246902282495 0.151763024664687 0.262228851062332 0.353039 0.615989966806534
7.5 200 0.0840135 0.197555140474017 0.34507717230218 0.46368 0.816535534005842
7.75 200 0.105636017507224 0.254177185776471 0.447962053326014 0.601975 1.06299717796435
3 300.1 6.42455834025065e-05 0.000106989479681003 0.000163613166764708 0.000246477 0.000451478
3.25 300.1 0.000103477085959178 0.000179926 0.000251454 0.000430796 0.000756726
3.5 300.1 0.00016332730148211 0.00028213 0.000432143318646339 0.000678793952411952 0.00123424
3.75 300.1 0.000240282608442199 0.000443370488793788 0.000657333 0.000996612 0.00194394
4 300.1 0.000355736 0.000686022075466751 0.000990252 0.00151727 0.00293729
4.25 300.1 0.000494639388390126 0.00098095867837638 0.00148958 0.0022776 0.00424036
4.5 300.1 0.00065415180063896 0.00134870948317202 0.00214496 0.00330358 0.00590926
4.75 300.1 0.000880005284130621 0.00181413 0.00299101 0.00453856430731231 0.00802763
5 300.1 0.00115352544933098 0.00237363 0.00401499 0.00606323620664889 0.0105453
5.25 300.1 0.00146831066617149 0.00294639 0.00507927 0.00748344636626832 0.0130904
5.5 300.1 0.00180814870754473 0.00370134 0.00647340215936615 0.00942905484718992 0.0164244
5.75 300 0.00243062151810708 0.00496960044577426 0.00875836 0.0126809473293839 0.0220072
6 300 0.00340300477340195 0.00703685517586963 0.0121486 0.017759 0.0308466453232244
6.25 300 0.00481757744804934 0.0101027333503941 0.0171869 0.0251452 0.0439477937211882
6.5 300 0.0068095393542398 0.0144700043075179 0.024414 0.035626 0.0626218928214786
6.75 300 0.00959552996576556 0.0206641459202633 0.0349113 0.0506648281257836 0.0891230235971953
7 300 0.0133236131570287 0.0292240084143251 0.0494065 0.0716801386236536 0.125222833089614
7.25 300 0.0180362959367598 0.0398800775320397 0.0678051 0.0989507316836443 0.171884428153207
7.5 300 0.0242837435262586 0.0538455357563473 0.0917236 0.135083 0.233963
7.75 300 0.0316318036015901 0.0720829466582315 0.122978 0.181384 0.31158291119287
3 500.1 7.25851743427153e-06 1.48709e-05 2.46282771013839e-05 4.35245e-05 0.000104858
3.25 500.1 1.74344572897524e-05 3.46058780960872e-05 5.20221998442829e-05 0.000100587 0.000242546
3.5 500.1 3.5765319165995e-05 7.32105e-05 0.000109828362453124 0.00019585 0.000497747
3.75 500.1 6.44425e-05 0.000133045532419183 0.000206249 0.000380216 0.000908432
4 500.1 0.000112666 0.000226891130592296 0.000333994648348309 0.000662413 0.00150841
4.25 500.1 0.000188688 0.000377458397904427 0.000536196561742901 0.00105337 0.00235691
4.5 500.1 0.000291328 0.000579432667725861 0.000867252960236561 0.00160763706916209 0.00353986
4.75 500.1 0.000454939540635173 0.000909995370237971 0.00133031981463415 0.00241025878761558 0.00518996
5 500.1 0.000687938087419779 0.00136281291565955 0.00204795731074449 0.00361916786891687 0.0076232
5.25 500.1 0.00108302 0.00216430922972214 0.00331658892032027 0.00572851017910953 0.0116062
5.5 500 0.00165089 0.00330092531204735 0.00515205 0.00872310682187204 0.0172143
5.75 500 0.00231787 0.00467716758066253 0.00733263685767328 0.0119421494825154 0.0236136
6 500 0.00307116 0.00627843474211134 0.00986024463026096 0.0156444768769091 0.0307744
6.25 500 0.00395691 0.00826318126799878 0.0131179781196559 0.0199784911229025 0.0391093
6.5 500 0.00502033 0.0109483031665513 0.0169318958768465 0.0260258248572658 0.0491511
6.75 500 0.00628204 0.013893 0.0218257250338234 0.0335479510742881 0.0610508
7 500 0.00784275 0.0172587 0.0279797241823818 0.0432795443293426 0.076038
7.25 500 0.00986531 0.021729777312109 0.0360619580697936 0.0552678 0.0957262
7.5 500 0.0123975 0.027238658354002 0.0462839 0.0697016 0.120727
7.75 500 0.0154221 0.0340296070031351 0.0588693 0.0868819387571874 0.151091
3 700.1 9.17646271745159e-07 2.13431e-06 4.09506e-06 7.08564034149664e-06 2.55519e-05
3.25 700.1 2.19474873246619e-06 5.08224e-06 8.81056793436663e-06 1.64152007974078e-05 5.93989e-05
3.5 700.1 4.83111379739322e-06 1.0653e-05 1.75667e-05 3.4557975751057e-05 0.000122742
3.75 700.1 9.89936873913984e-06 2.01745e-05 3.32691000000001e-05 6.55806016527261e-05 0.000226149
4 700.1 1.92683107134626e-05 3.85397037047479e-05 5.89365000000002e-05 0.000117368814623912 0.000380343
4.25 700.1 3.58578e-05 7.01728358211161e-05 0.000102216432493718 0.000203439411165862 0.000604382
4.5 700.1 6.45523448778198e-05 0.00012710729327417 0.00017301860857239 0.000343281133361586 0.000926942999999999
4.75 700.1 0.000112364495975315 0.000213835557397134 0.000288212411645611 0.000522322272458433 0.00139335
5 700.1 0.00018804 0.000353398140274607 0.000482808 0.000849885128421436 0.00210451
5.25 700 0.00031376 0.000621521624694327 0.000830104224108021 0.00143623189800968 0.00329975
5.5 700 0.000504557 0.000999103412883855 0.00137438640285038 0.00231079 0.00504135
5.75 700 0.000741622 0.00148307169014721 0.00210798143604867 0.0034653 0.007116
6 700 0.00102183 0.00204366 0.00305660549220923 0.00477678457729652 0.00950529
6.25 700 0.0013613 0.00282538194593464 0.00427996 0.00632123877947824 0.0123728
6.5 700 0.0017779 0.00375713 0.00585217968318839 0.00846539548270208 0.0158875
6.75 700 0.00228213 0.00470844 0.00781352051297537 0.0113337458660192 0.0201495
7 700 0.00291515 0.00605918281174571 0.0102779969184478 0.0145730748663369 0.0255309
7.25 700 0.0037449 0.0079248881085091 0.0134754625981094 0.0188528 0.0326535
7.5 700 0.0048011 0.0104443108721101 0.0177801026932441 0.0241332 0.041795
7.75 700 0.00608819 0.013548967660974 0.0235423792761103 0.0309613 0.0530821
3 999.9 7.54773e-08 1.97571e-07 3.42724e-07 5.8877949765371e-07 3.63979e-06
3.25 999.9 1.96335e-07 4.62052105984234e-07 8.38662999999999e-07 1.44362534372963e-06 8.55188e-06
3.5 999.9 4.81829e-07 1.09687007672525e-06 1.87604e-06 3.23659962198142e-06 1.79607e-05
3.75 999.9 1.11187e-06 2.35166e-06 3.87887e-06 6.70625204424526e-06 3.39015e-05
4 999.9 2.44518188757231e-06 4.89124e-06 7.66002000000001e-06 1.32560522261611e-05 5.90271e-05
4.25 999.9 5.20933e-06 1.03202663911853e-05 1.49563688535997e-05 2.58356428645009e-05 9.82967e-05
4.5 999.9 1.07556e-05 2.1066667193311e-05 2.76378052703627e-05 4.8129358387096e-05 0.000159865
4.75 999.9 2.15244e-05 3.93709640884305e-05 5.01901026507249e-05 8.96767336924032e-05 0.000257067
5 999.9 4.20722496469131e-05 7.32209760062496e-05 9.24009232097282e-05 0.000171956632001203 0.000417039
5.25 999.9 7.88934e-05 0.000138452350381111 0.00017446 0.000326363601859051 0.00070183
5.5 999.9 0.000135345 0.000251875581695679 0.00031846966405737 0.000541071336526762 0.00114598
5.75 999.9 0.000210393 0.000406880581122344 0.000535804 0.000859244691163503 0.0017181
6 999.9 0.000304334 0.000603750235110624 0.000836599 0.00126208475741663 0.0024205
6.25 999.9 0.000423065 0.00084613 0.00124283270864446 0.00178711 0.00330037
6.5 999.9 0.000573644 0.00114729 0.00178438272117496 0.00250248 0.00441112
6.75 999.9 0.000761361 0.00152272 0.0024652452182386 0.00341654 0.00579156
7 999.9 0.00100219 0.0020177968988238 0.00338690198375166 0.00461023 0.00756332
7.25 999.9 0.00132366 0.00273357245767108 0.00467338805472908 0.0062247 0.00993392
7.5 999.9 0.00174116 0.00372175244729331 0.00635517 0.00835411 0.0130246
7.75 999.9 0.00226273 0.0049946258308545 0.00829243790495015 0.0110618 0.0169086
