Var1 Var2 Var3 Var4 Var5
3 9.3 0.000315917 0.000358096 0.000418166
3.25 9.3 0.000656065 0.000742483 0.000847105
3.5 9.3 0.00134341 0.00153933 0.00172138
3.75 9.3 0.00272762 0.00316492 0.00347867
4 9.3 0.00551349 0.00649156 0.00702207853655321
4.25 9.3 0.010947 0.0131722 0.0141248
4.5 9.3 0.0211222 0.0264012 0.0285201
4.75 9.3 0.0389789 0.0519624 0.05689
5 9.1 0.0687535 0.100703 0.112909
5.25 7.2 0.132338 0.217253 0.252356
5.5 5.6 0.22205 0.410734 0.499368
5.75 4.2 0.310049 0.639215 0.816493
6 2.9 0.366663 0.825781 1.10412
6.25 1.9 0.397424 0.95721 1.32869
6.5 1.1 0.430847 1.09043 1.55734
6.75 0.6 0.483082 1.26866 1.85054
7 0.2 0.553272 1.49497 2.21561
7.25 0 0.620403 1.71518 2.57391
7.5 0 0.66197 1.86539 2.82831
7.75 0 0.681877 1.95326 2.98777
3 9.5 0.00031059 0.000352028 0.000411064
3.25 9.5 0.00064537 0.000730427 0.000833336
3.5 9.5 0.00132281 0.0015154 0.00169461
3.75 9.5 0.00268342 0.00311287 0.00342142
4 9.5 0.00541968 0.00637965 0.00690679
4.25 9.5 0.0107558 0.0129403 0.0138763
4.5 9.5 0.020746 0.0259311 0.0280132
4.75 9.5 0.0383052 0.0510711 0.0559184
5 9.3 0.0675742 0.0989975 0.111011
5.25 7.5 0.129927 0.213365 0.247889
5.5 5.9 0.218791 0.404864 0.492355
5.75 4.6 0.310692 0.640763 0.818681
6 3.6 0.377595 0.850596 1.13753
6.25 2.8 0.421267 1.01479 1.40877
6.5 2.3 0.462384 1.17031 1.67157
6.75 2.1 0.512954 1.34714 1.96512
7 2 0.572803 1.54775 2.29393
7.25 2 0.626698 1.7327 2.60025
7.5 2 0.659968 1.85971 2.81973
7.75 2 0.677395 1.94041 2.96821
3 10.5 0.000286505 0.000324591 0.000378984
3.25 10.5 0.00059528 0.000672985 0.000767746
3.5 10.5 0.00121867 0.00139461 0.00155945
3.75 10.5 0.00246681 0.00285832 0.00314157
4 10.5 0.00497274 0.00584765 0.006331
4.25 10.5 0.00988624 0.0118871 0.012748
4.5 10.5 0.0191309 0.0239131 0.0258379
4.75 10.5 0.0352729 0.0470581 0.0515446
5 10.3 0.062039 0.090982 0.102085
5.25 8.8 0.117231 0.192809 0.224107310403073
5.5 7.5 0.197404 0.365922 0.44551
5.75 6.5 0.288153 0.595207 0.761343
6 5.8 0.367246 0.828212 1.10863
6.25 5.4 0.423732 1.02136 1.41888
6.5 5.1 0.469736 1.18925 1.69941
6.75 5 0.515498 1.35394 1.97566
7 5 0.563294 1.52204 2.25633
7.25 5 0.606362 1.67628 2.51601
7.5 5 0.636874 1.79459 2.72133
7.75 5 0.656392 1.8802 2.87638
3 13.6 0.000226645 0.000256535 0.000299521
3.25 13.6 0.000468025 0.000528078 0.000602499
3.5 13.6 0.000951533 0.00108625 0.00121485
3.75 13.6 0.00192173 0.00222082 0.00244146
4 13.6 0.00386527 0.00453468 0.00491124
4.25 13.6 0.00771825 0.00926789 0.00994399
4.5 13.6 0.0150159 0.0187724 0.0202978
4.75 13.6 0.0275485 0.0368119 0.0403693
5 13.5 0.0481333 0.0707734 0.0795463
5.25 12.3 0.0870905 0.143754 0.167572
5.5 11.4 0.142519 0.26523 0.323818
5.75 10.8 0.209422 0.434126 0.556839
6 10.4 0.276918 0.626156 0.839678583873339
6.25 10.2 0.33848 0.81735 1.13764
6.5 10.1 0.392139 0.993599 1.42179
6.75 10 0.439609 1.15492 1.68656
7 10 0.487261 1.31657 1.95312
7.25 10 0.533589 1.47492 2.21496
7.5 10 0.571253 1.60948 2.44167
7.75 10 0.598793 1.71507 2.6212572967298
3 22.1 0.000132502 0.00014984 0.000174073
3.25 22.1 0.000271543 0.000305489 0.000349146
3.5 22.1 0.000547316 0.000622424 0.000697417
3.75 22.1 0.00110443 0.00127124 0.00140031
4 22.1 0.00221983 0.00259457 0.00281196671653741
4.25 22.1 0.00437676 0.00524474 0.00564055
4.5 22.1 0.00843252 0.0105474 0.0114338
4.75 22.1 0.0156279 0.0209462 0.0230457
5 22 0.027502 0.0406337 0.0458592
5.25 21.3 0.0479426 0.0796265 0.0932888
5.5 20.8 0.0770347 0.144309 0.177164
5.75 20.4 0.112001 0.233581 0.301267
6 20.2 0.150305 0.341506 0.46059
6.25 20.1 0.191826 0.464642 0.649574
6.5 20 0.234698 0.595756 0.855599
6.75 20 0.280771 0.738111 1.08124
7 20 0.330149 0.892027 1.32632
7.25 20 0.380427 1.05118 1.58149
7.5 20 0.427003 1.20259 1.82718
7.75 20 0.467647 1.33909 2.05207
3 31.4 8.41042000000001e-05 9.51459999999999e-05 0.000108424
3.25 31.4 0.000173 0.000194364 0.000219004
3.5 31.4 0.000349633 0.000396796 0.000442811
3.75 31.4 0.000701277 0.000805068 0.000889744
4 31.4 0.00140007 0.001633 0.00177835
4.25 31.4 0.00275533 0.00329923 0.00356004
4.5 31.4 0.00531093 0.00664715 0.00722987
4.75 31.4 0.00985172 0.0132349 0.0146151
5 31.3 0.0173362 0.025704 0.02913
5.25 30.9 0.0298642 0.049813 0.0586298
5.5 30.5 0.0478073 0.0899547 0.110973
5.75 30.3 0.069676 0.145914 0.189108
6 30.1 0.0946061 0.215707 0.291826432058607
6.25 30.1 0.12332 0.299478 0.420378
6.5 30 0.15482 0.393614 0.567441
6.75 30 0.190459 0.501045 0.736366
7 30 0.230663 0.623252 0.92838
7.25 30 0.274311015929828 0.757727 1.1402
7.5 30 0.31933046463815 0.898207 1.36251
7.75 30 0.363827839468721 1.03954 1.58739
3 41.1 6.01263999999999e-05 6.80924e-05 7.63074e-05
3.25 41.1 0.000122986 0.000138119 0.000153238
3.5 41.1 0.00024695 0.000279993 0.000308186
3.75 41.1 0.000494333 0.000566807 0.00061998
4 41.1 0.000984694 0.00114734 0.00124962
4.25 41.1 0.00193589397008476 0.00231385 0.00250625
4.5 41.1 0.00372732243112075 0.00466136 0.00508874
4.75 41.1 0.00690750432514019 0.0092783 0.0102572
5 41 0.0121412465268108 0.0180097 0.0203992
5.25 40.6 0.0208130372024825 0.0347484 0.040853
5.5 40.4 0.0333228428665838 0.0626941 0.0772283
5.75 40.2 0.0490900854216698 0.10289 0.133112
6 40.1 0.0676731161649047 0.154348 0.208685
6.25 40 0.0888111866328433 0.215582 0.301871
6.5 40 0.112563920218576 0.285795 0.410622
6.75 40 0.140096940803367 0.367687 0.538073
7 40 0.172138241219061 0.462742 0.686244
7.25 40 0.207830376561226 0.57166 0.856375
7.5 40 0.247213312838226 0.692674 1.04621
7.75 40 0.289972207320697 0.823632 1.25276
3 50.9 4.61037e-05 5.14481e-05 5.83408e-05
3.25 50.9 9.27999e-05 0.000104032 0.000116143
3.5 50.9 0.000188471 0.000210246 0.000232639
3.75 50.9 0.000377032 0.00042523 0.000468346
4 50.9 0.000750458 0.000860104 0.000944886
4.25 50.9 0.00147371 0.00173534 0.00190484
4.5 50.9 0.00284032 0.00351853 0.00383727923665456
4.75 50.9 0.00526627 0.00703296000000001 0.00775556917330487
5 50.8 0.009258 0.0136855 0.0155025
5.25 50.5 0.0157776 0.0262792 0.0309975
5.5 50.3 0.02522063185382 0.0473546000000001 0.0585179
5.75 50.2 0.0374817616040607 0.0783168000000001 0.101631
6 50.1 0.0521402117822493 0.118711 0.160969
6.25 50 0.0689308 0.166799 0.233884233236532
6.5 50 0.0878500880362256 0.222026 0.320377
6.75 50 0.110192 0.289843 0.42742
7 50 0.136424 0.371035 0.558248904872612
7.25 50 0.167143 0.466169 0.719515445632007
7.5 50 0.201842 0.582956000000001 0.914459909133914
7.75 50 0.240315 0.712199000000001 1.14655790556865
3 70.6 3.04591149545691e-05 3.96931000000001e-05 5.16773049695945e-05
3.25 70.6 6.1885810012428e-05 7.92095000000013e-05 0.000103583
3.5 70.6 0.00012417 0.000160101000000001 0.000206976
3.75 70.6 0.000246535 0.000320946000000001 0.000412039
4 70.6 0.000487211 0.000639367000000002 0.000821833
4.25 70.6 0.000956676 0.00126317000000002 0.00165387
4.5 70.6 0.00184855 0.00250743 0.00339229
4.75 70.6 0.00343725 0.00487403000000001 0.00691939765777416
5 70.6 0.0060685 0.00947198 0.0138319041489913
5.25 70.4 0.0104324 0.0182866000000002 0.0278203181356385
5.5 70.2 0.0167886 0.0331535000000013 0.0529729408921928
5.75 70.1 0.0249827 0.0548418000000037 0.0922120290658227
6 70.1 0.0348102 0.0830926000000112 0.146346223342599
6.25 70 0.0463006 0.117554000000013 0.215106407355852
6.5 70 0.0596271 0.158279000000003 0.298497442080889
6.75 70 0.0753179 0.206625000000004 0.399330114870203
7 70 0.0941771 0.265140000000005 0.526272
7.25 70 0.117031 0.336711000000007 0.678732600545205
7.5 70 0.143892 0.421991000000009 0.873403938894804
7.75 70 0.175099 0.522408000000017 1.10569029930031
3 100.4 1.95313e-05 3.02077000000016e-05 4.56689e-05
3.25 100.4 3.92331e-05 5.98980000000035e-05 9.15313999999999e-05
3.5 100.4 7.96015182277861e-05 0.000118877000000008 0.000183399
3.75 100.4 0.000160557622646484 0.000235397000000016 0.000366051
4 100.4 0.000323078 0.000467770000000032 0.000731542
4.25 100.4 0.000636015 0.00094135200000006 0.00147568
4.5 100.4 0.00128184027187189 0.00191827000000009 0.00300215
4.75 100.4 0.00240171393232138 0.00391468000000006 0.00618736
5 100.4 0.00427657147910299 0.00747625 0.0125301547398505
5.25 100.3 0.00738126564387585 0.0134217 0.0253894234463108
5.5 100.2 0.0119429512301474 0.0243282002092178 0.0488328373350923
5.75 100.1 0.0178442438893061 0.041055 0.0850561343991538
6 100 0.024985178122153 0.0633261000000001 0.135456034757517
6.25 100 0.0335757214599706 0.0904766000000022 0.200586769973706
6.5 100 0.043700207112696 0.123066000000005 0.280072740628159
6.75 100 0.0558366737880681 0.162451000000009 0.376657356524696
7 100 0.0707122174466103 0.211064000000013 0.497795367742177
7.25 100 0.089074349927229 0.271660000000028 0.645076659135245
7.5 100 0.112377 0.346014000000026 0.83168536295459
7.75 100 0.137925345770574 0.436238000000052 1.05230842303301
3 130.3 1.54419e-05 2.42421000000012e-05 3.69825740260673e-05
3.25 130.3 3.12385229314877e-05 4.79418000000027e-05 7.37865526196157e-05
3.5 130.3 6.23724120452276e-05 9.48852000000058e-05 0.000147376771435492
3.75 130.3 0.000125792173825723 0.000187953000000012 0.000294326348650167
4 130.3 0.000252997207469244 0.000373682000000024 0.000587906
4.25 130.3 0.000511904 0.000754132000000042 0.00118801
4.5 130.3 0.00102046 0.00154582000000006 0.00242449
4.75 130.3 0.00193049 0.00318523000000002 0.00496512
5 130.3 0.00346788632964213 0.00601210000000005 0.0101596238951339
5.25 130.2 0.00601355282877959 0.0110408272223273 0.0206096191516281
5.5 130.1 0.00977251485027017 0.019965214683745 0.0400102070901208
5.75 130.1 0.0146929864147815 0.0338508 0.0698929263007515
6 130 0.0207024286001273 0.0533264 0.112028405662457
6.25 130 0.028001601184982 0.0766741000000006 0.166958962749529
6.5 130 0.0366791040636815 0.104926000000004 0.23454051654589
6.75 130 0.0471993782361166 0.139426000000005 0.319812708226093
7 130 0.0601721348490141 0.182255000000009 0.420686643108013
7.25 130 0.0761966128973729 0.235689000000013 0.549665953595179
7.5 130 0.0957442131566331 0.301719000000018 0.709621956150491
7.75 130 0.119516203858883 0.383041000000037 0.907478754454469
3 200.2 9.80597067503413e-06 1.56395000000007e-05 2.44993584255493e-05
3.25 200.2 2.00137e-05 3.08886000000015e-05 4.86115754717424e-05
3.5 200.2 3.94329783987542e-05 6.10527000000031e-05 9.57557364586317e-05
3.75 200.2 7.95938755908691e-05 0.000122012000000006 0.000191704845993332
4 200.2 0.000158580199072073 0.000244786000000012 0.000387454411659216
4.25 200.2 0.000325057624869365 0.000498401000000021 0.000792805933268119
4.5 200.2 0.000656781 0.00103689000000002 0.00162945998235109
4.75 200.2 0.00129261296908536 0.00210487518924812 0.00337573
5 200.2 0.00234646 0.00404402000000001 0.00681745
5.25 200.1 0.00410735 0.0076705962799007 0.0139728675938202
5.5 200.1 0.00673756 0.0136854000000001 0.0273661733153977
5.75 200 0.010353 0.0244199654589608 0.0487169595513787
6 200 0.0148947 0.0382758 0.0796729069316583
6.25 200 0.0203047 0.0559575 0.119497064333805
6.5 200 0.0267989 0.0783952 0.16880243855711
6.75 200 0.0347686 0.104822 0.229847905054989
7 200 0.0446694 0.137818000000001 0.309104843750929
7.25 200 0.056947 0.179098000000002 0.401762094912279
7.5 200 0.0721241 0.230776000000007 0.521867249402732
7.75 200 0.091179 0.296534000000007 0.67533314076717
3 300.1 5.57781999999999e-06 9.03735000000027e-06 1.43162752668502e-05
3.25 300.1 1.12295e-05 1.80934000000006e-05 2.86847472429575e-05
3.5 300.1 2.25656e-05 3.62603000000013e-05 5.81240687667689e-05
3.75 300.1 4.50763e-05 7.26600000000024e-05 0.000115919898174052
4 300.1 9.11811000000001e-05 0.000146171000000004 0.000234227944353695
4.25 300.1 0.000183584645073366 0.000300337000000006 0.000482216587595885
4.5 300.1 0.00037749 0.000631249 0.00100152652381492
4.75 300.1 0.000792745 0.00127247322323494 0.00211035874467644
5 300.1 0.00148823478507955 0.0025407 0.00437727165126644
5.25 300.1 0.00266579022918092 0.00490282000000004 0.00887942999999999
5.5 300.1 0.00446800498593967 0.00906862 0.0175019916118876
5.75 300 0.00699226876806334 0.0161214 0.031917986966083
6 300 0.0102268623575514 0.0266059188044471 0.0529764464693918
6.25 300 0.0142203 0.0391872 0.0806024207663847
6.5 300 0.0189863169129648 0.0546038 0.115214136796268
6.75 300 0.024907767481058 0.0737169 0.158316546931377
7 300 0.032351922632512 0.0977581 0.212558577497567
7.25 300 0.0416351900715614 0.127968 0.280794963682725
7.5 300 0.0532274480308794 0.16613 0.370728220983079
7.75 300 0.0680477519434937 0.216873 0.479644350705532
3 500.1 4.14046912765374e-07 7.1665642177061e-07 1.19836229114162e-06
3.25 500.1 1.12845884805912e-06 1.95229797174945e-06 3.24229917744229e-06
3.5 500.1 3.04591900199684e-06 5.27869000000001e-06 8.78096267267839e-06
3.75 500.1 8.08918834909603e-06 1.39929e-05 2.32617772101761e-05
4 500.1 2.07846385818362e-05 3.61847725893507e-05 6.04712821099161e-05
4.25 500.1 5.09961e-05 8.8328e-05 0.000152120180574817
4.5 500.1 0.000118555685398199 0.000207137 0.000354804123076446
4.75 500.1 0.000251028 0.00045652 0.0007822683750597
5 500.1 0.000507589 0.00090052478673504 0.00160967168512889
5.25 500.1 0.000838642 0.00154138 0.00299520485193049
5.5 500 0.00127649 0.00266686000000002 0.00516013782026143
5.75 500 0.00183866 0.004179 0.00835802
6 500 0.00258314 0.00661189957822006 0.01318534916702
6.25 500 0.00359031 0.010078083071214 0.0200798494340768
6.5 500 0.00494172 0.0148481865089212 0.0294518801542835
6.75 500 0.00672428 0.0208817387833886 0.0418469664643755
7 500 0.0090343 0.028931233341137 0.0579550154241821
7.25 500 0.012013 0.038866206992344 0.0788630802259664
7.5 500 0.0157926 0.0520113874985271 0.105718909408594
7.75 500 0.0203958 0.0683073881063554 0.139051849092903
3 700.1 1.63116259278596e-07 2.91839341926689e-07 5.45973632674275e-07
3.25 700.1 4.45068210349657e-07 7.96877312647448e-07 1.48409376633003e-06
3.5 700.1 1.20318740048983e-06 2.15701003153378e-06 3.9935276811563e-06
3.75 700.1 3.20749436428355e-06 5.79765594100424e-06 1.07088390727513e-05
4 700.1 8.26689430179428e-06 1.52850948683693e-05 2.8038327382386e-05
4.25 700.1 2.03469e-05 3.85595021208038e-05 7.08798525197279e-05
4.5 700.1 4.76671841745782e-05 9.10450755833723e-05 0.0001662734131734
4.75 700.1 0.000105526479847477 0.000205009 0.000368087109859906
5 700.1 0.000206827 0.000393362 0.000760135658180367
5.25 700 0.000365583 0.000695398000000001 0.00141886123407026
5.5 700 0.000558476 0.00123195 0.00243934179104519
5.75 700 0.000807558 0.00197148299355409 0.00390669898191711
6 700 0.00113931 0.00300037313223551 0.00600346374144322
6.25 700 0.00159082 0.00444706 0.00889411
6.5 700 0.00220072 0.00654338829937899 0.0130885237955655
6.75 700 0.00301144 0.00926896852159075 0.0185615782656859
7 700 0.00407153 0.0128647193233747 0.0257729673211284
7.25 700 0.00545238 0.0176024527586086 0.0352638333331902
7.5 700 0.0072251 0.0237428397479223 0.0475643953477053
7.75 700 0.009414 0.0314459352707856 0.0629954926893991
3 999.9 4.69913057699429e-08 8.65274000000061e-08 1.97571968852749e-07
3.25 999.9 1.28288660396499e-07 2.36802000000016e-07 5.38557830988496e-07
3.5 999.9 3.47125490976975e-07 6.43448000000036e-07 1.46498196256843e-06
3.75 999.9 9.27581797799751e-07 1.73461000000007e-06 3.91417220387934e-06
4 999.9 2.39658664661299e-06 4.60706000000008e-06 1.02637683834579e-05
4.25 999.9 5.90716023426054e-06 1.17803e-05 2.60443170783855e-05
4.5 999.9 1.3810870885107e-05 2.7650852991779e-05 6.20277499686163e-05
4.75 999.9 3.12941898094263e-05 6.26592000000001e-05 0.000136447496269914
5 999.9 6.39989000000001e-05 0.000125437 0.000282833052793729
5.25 999.9 0.00011406 0.000227475788249813 0.00052984366253147
5.5 999.9 0.000185275 0.000406527591029605 0.00091414548092239
5.75 999.9 0.00026949 0.000657426192077555 0.00146932710077531
6 999.9 0.00038269 0.00101952056876928 0.00224992360935732
6.25 999.9 0.000538183 0.00152031013673811 0.0033309710252707
6.5 999.9 0.000750315 0.00220102486669624 0.00479771805305442
6.75 999.9 0.00103535 0.0031506 0.00675270969840055
7 999.9 0.00141223 0.00439612 0.00932379741859291
7.25 999.9 0.00190959 0.00605372 0.0127143405185653
7.5 999.9 0.00255652 0.00823733 0.0171805983885442
7.75 999.9 0.00336772 0.0110201 0.0228284111165103
