Var1 Var2 Var3 Var4 Var5 Var6 Var7
3 9.3 0.000299889007378214 0.000322792 0.000358096 0.00037103 0.000418166
3.25 9.3 0.000621482791421923 0.000669325 0.000742483 0.000773722 0.000847105
3.5 9.3 0.00128363767379418 0.00140672 0.00153933 0.00161289 0.00172138
3.75 9.3 0.00262688541016547 0.00292923 0.00316492 0.00333355 0.00347867
4 9.3 0.00534662935794575 0.00606186446374318 0.00649156 0.00687313 0.00702795
4.25 9.3 0.0106749092420817 0.0124352988812697 0.0131722 0.0139694 0.0141248
4.5 9.3 0.020677748901759 0.025159248327128 0.0264012 0.0276893 0.0285201
4.75 9.3 0.038248394921295 0.0498762867991496 0.0519624 0.0540159 0.05689
5 9.1 0.0675376454658305 0.097126111352195 0.100703 0.104043 0.112909
5.25 7.2 0.129944816637136 0.210044990478271 0.217253 0.223594 0.252356
5.5 5.6 0.217690714649845 0.397757250257504 0.410734 0.421906 0.499368
5.75 4.2 0.304313477275886 0.620107021402622 0.639215 0.656237 0.816493
6 2.9 0.360047383011859 0.80056129051159 0.825781 0.847874 1.10412
6.25 1.9 0.390618324492721 0.927713310742838 0.95721 0.983059 1.32869
6.5 1.1 0.424012238731674 1.05641380700289 1.09043 1.12013 1.55734
6.75 0.6 0.477061832247795 1.22998296685304 1.26866 1.30343 1.85054
7 0.2 0.546327353786285 1.44483496547561 1.49497 1.5361 2.21561
7.25 0 0.613826422614517 1.65907822859044 1.71518 1.76249 2.57391
7.5 0 0.656350037694562 1.80327581632092 1.86539 1.9169 2.82831
7.75 0 0.677615020161314 1.88272300158487 1.95326 2.00724 2.98777
3 9.5 0.000294971938708018 0.000317416 0.000352028 0.000364706 0.000411064
3.25 9.5 0.000611713192900522 0.000658448 0.000730427 0.00076107 0.000833336
3.5 9.5 0.00126438909277514 0.00138512 0.0015154 0.0015876 0.00169461
3.75 9.5 0.0025850330521204 0.00288151 0.00311287 0.00327826 0.00342142
4 9.5 0.00525689502815462 0.00595780458660058 0.00637965 0.00675363 0.00690679
4.25 9.5 0.0104904024142866 0.0122169447738098 0.0129403 0.0137218 0.0138763
4.5 9.5 0.020312537362723 0.0247114662077873 0.0259311 0.0271943 0.0280132
4.75 9.5 0.037592126193206 0.0490190108764706 0.0510711 0.0530883 0.0559184
5 9.3 0.0663876319867918 0.0954758862097802 0.0989975 0.102282 0.111011
5.25 7.5 0.127595099728536 0.206420351891175 0.213365 0.219602 0.247889
5.5 5.9 0.214786338391763 0.392289774944322 0.404864 0.415904 0.492355
5.75 4.6 0.304997966121994 0.621171125895431 0.640763 0.65786 0.818681
6 3.6 0.371711181526971 0.82456287048257 0.850596 0.873373 1.13753
6.25 2.8 0.415033130082583 0.983449896214136 1.01479 1.04217 1.40877
6.5 2.3 0.455100904542948 1.13376023856834 1.17031 1.2022 1.67157
6.75 2.1 0.505656464524355 1.30447055059292 1.34714 1.38406 1.96512
7 2 0.565655758669315 1.49793989202003 1.54775 1.59034 2.29393
7.25 2 0.620979761784487 1.67598737169672 1.7327 1.78047 2.60025
7.5 2 0.653681149760865 1.79776970480923 1.85971 1.91108 2.81973
7.75 2 0.673196577617269 1.87030131548981 1.94041 1.99403 2.96821
3 10.5 0.000272700014851946 0.000293082 0.000324591 0.000336118 0.000378984
3.25 10.5 0.000565164895473466 0.000607449 0.000672985 0.00070083 0.000767746
3.5 10.5 0.0011667324254623 0.00127589 0.00139461 0.00146016 0.00155945
3.75 10.5 0.00237967258138869 0.00264795 0.00285832 0.00300814 0.00314157
4 10.5 0.00481050960485712 0.00546281008089126 0.00584765 0.00618614 0.00633100000000001
4.25 10.5 0.00968144284727797 0.0112245068160577 0.0118871 0.0125975 0.012748
4.5 10.5 0.0187452925990247 0.0228146355469048 0.0239131 0.0250693 0.0258379
4.75 10.5 0.034639340945996 0.0451592240028277 0.0470581 0.0489114 0.0515446
5 10.3 0.0609883532741144 0.0877207824048336 0.090982 0.0940066 0.102085
5.25 8.8 0.115081671406886 0.186462501714154 0.192809 0.198488 0.224218
5.5 7.5 0.194394095902323 0.354410742307085 0.365922 0.375999 0.44551
5.75 6.5 0.282457620362478 0.576796831316057 0.595207 0.611221 0.761343
6 5.8 0.360962013867154 0.802607402466893 0.828212 0.85049 1.10863
6.25 5.4 0.416818111039888 0.989582130431236 1.02136 1.049 1.41888
6.5 5.1 0.462601320147237 1.15187911140753 1.18925 1.22169 1.69941
6.75 5 0.508409976936792 1.31084207092726 1.35394 1.39106 1.97566
7 5 0.556493633688593 1.47288279580256 1.52204 1.56393 2.25633
7.25 5 0.599382586986732 1.62124910817839 1.67628 1.72253 2.51601
7.5 5 0.631695139539054 1.7346483389492 1.79459 1.84415 2.72133
7.75 5 0.652999908857022 1.82020793440816 1.8802 1.93216 2.87638
3 13.6 0.000217046186664403 0.000232462 0.000256535 0.00026532 0.000299521
3.25 13.6 0.000446633905777407 0.000477952 0.000528078 0.00054915 0.000602499
3.5 13.6 0.000915126070002281 0.000996145 0.00108625 0.00113551 0.00121485
3.75 13.6 0.0018611126376418 0.00206154 0.00222082 0.00233326 0.00244146
4 13.6 0.00376579164406366 0.00423939106121613 0.00453468 0.00478889 0.00491124
4.25 13.6 0.00755505165036518 0.0087542868663747 0.00926789 0.00980113177308134 0.00994399
4.5 13.6 0.0147466025865605 0.0178870253172297 0.0187724 0.019662 0.0202978
4.75 13.6 0.0271084800969629 0.0353085895312963 0.0368119 0.0382492 0.0403693
5 13.5 0.0474105464905826 0.0681841218361982 0.0707734 0.0731344 0.0795463
5.25 12.3 0.0856003617632699 0.1388850454725 0.143754 0.148052 0.167572
5.5 11.4 0.140338972251794 0.256617051999776 0.26523 0.272679 0.323818
5.75 10.8 0.206227506007123 0.420286789565879 0.434126 0.446008 0.556839
6 10.4 0.272776769238293 0.60561931330014 0.626156 0.643195 0.840193
6.25 10.2 0.333008412146527 0.791368063796858 0.81735 0.839609 1.13764
6.5 10.1 0.390497718652596 0.963630023717382 0.993599 1.02079 1.43718506392918
6.75 10 0.434242202002533 1.11760797640803 1.15492 1.18664 1.68656
7 10 0.4820311117275 1.27351679872459 1.31657 1.35283 1.95312
7.25 10 0.528771777126731 1.42599059765956 1.47492 1.51562 2.21496
7.5 10 0.567188293630849 1.55523928700506 1.60948 1.65393 2.44167
7.75 10 0.595774276547765 1.66032799552768 1.71507 1.76246 2.62472
3 22.1 0.000128750877864892 0.000136795 0.00014984 0.000154558 0.000175195
3.25 22.1 0.000262374387872993 0.000278076 0.000305489 0.000316735 0.000349146
3.5 22.1 0.000532220585146891 0.000573573 0.000622424 0.000648534 0.000697417
3.75 22.1 0.0010801835728718 0.00118488 0.00127124 0.00133101 0.00140031
4 22.1 0.00218072545361561 0.00242724736633065 0.00259457 0.00273038 0.00281604
4.25 22.1 0.00431487474419997 0.0049548653641891 0.00524474 0.00553276 0.00564055
4.5 22.1 0.00833334376188272 0.0100433729959952 0.0105474 0.0110262 0.0114338
4.75 22.1 0.0154668488104237 0.0200633997352329 0.0209462 0.0217464 0.0230457
5 22 0.0272391953415159 0.0390751459783687 0.0406337 0.0419889 0.0458592
5.25 21.3 0.0474842009714534 0.0767635846893259 0.0796265 0.0820484 0.0932888
5.5 20.8 0.0762979245853258 0.139309991606238 0.144309 0.148465 0.177164
5.75 20.4 0.110936441675476 0.225646401481176 0.233581 0.240126 0.301267
6 20.2 0.148909197396215 0.330014207505536 0.341506 0.350967 0.46059
6.25 20.1 0.190120460387453 0.449049238789254 0.464642 0.477343 0.649574
6.5 20 0.232498923289406 0.575743749236645 0.595756 0.612171 0.855599
6.75 20 0.278655139687294 0.714720052451586 0.738111 0.758458 1.08124
7 20 0.328033451658779 0.861702615639104 0.892027 0.916636 1.32632
7.25 20 0.37848728492951 1.01509863749785 1.05118 1.0802 1.58149
7.5 20 0.425478845394914 1.16082005401285 1.20259 1.23581 1.82718
7.75 20 0.466786681742833 1.2919430496456 1.33909 1.37607 2.05207
3 31.4 8.29073399283299e-05 8.74193999999999e-05 9.51459999999999e-05 9.82788e-05 0.000111625
3.25 31.4 0.000169239404495622 0.000177771 0.000194364 0.000201004 0.000222841
3.5 31.4 0.000343770756517418 0.000367116 0.000396796 0.000412311 0.000446063
3.75 31.4 0.000692498077452423 0.00075283 0.000805068 0.000840499 0.000889744
4 31.4 0.00138735956545817 0.00152931076417217 0.001633 0.00171356 0.00177835
4.25 31.4 0.00273786735662469 0.00311532494666454 0.00329923 0.00347193 0.00356004
4.5 31.4 0.00528528506028757 0.00632280916820155 0.00664715 0.00693804 0.00722987
4.75 31.4 0.0098142421131959 0.0126574408066643 0.0132349 0.0137299 0.0146151
5 31.3 0.0172792050632825 0.0246714235197183 0.025704 0.026556 0.02913
5.25 30.9 0.0297662450110171 0.0479211755677828 0.049813 0.0513363 0.0586298
5.5 30.5 0.0476510803009545 0.0866519209573099 0.0899547 0.0925756 0.110973
5.75 30.3 0.069451038427602 0.140658535849609 0.145914 0.150021 0.189108
6 30.1 0.0943156563289368 0.208016542267785 0.215707 0.22174 0.292266
6.25 30.1 0.122975512414881 0.288861433874801 0.299478 0.307799 0.420378
6.5 30 0.154451719818036 0.379680263009017 0.393614 0.404513 0.567441
6.75 30 0.190120113462472 0.483280850517775 0.501045 0.514895 0.736366
7 30 0.230434453632812 0.601067658704082 0.623252 0.640469 0.92927
7.25 30 0.274307 0.730584580868303 0.757727 0.778654 1.14273
7.5 30 0.319046 0.868592714383157 0.898207 0.923006 1.36758
7.75 30 0.363133 1.00159529954958 1.03954 1.06823 1.5961
3 41.1 6.0085850561918e-05 6.29093e-05 6.80924e-05 7.09505e-05 7.92983e-05
3.25 41.1 0.000121742592663477 0.000126838 0.000138119 0.000143435 0.00015874
3.5 41.1 0.000245403074034994 0.000259911 0.000279993 0.000290263 0.000316
3.75 41.1 0.000492816883049693 0.000531437 0.000566807 0.000590321 0.000628912
4 41.1 0.000984126632534777 0.00108098218102433 0.00114734 0.00120105 0.00125443
4.25 41.1 0.00193339 0.00218294678304242 0.00231385 0.00243024 0.00250625
4.5 41.1 0.00372105 0.00442807913386162 0.00466136 0.00485919 0.00508874
4.75 41.1 0.00689264 0.00885868531860078 0.0092783 0.00961875 0.0102853
5 41 0.0121123 0.0172534675772756 0.0180097 0.018602 0.0204942
5.25 40.6 0.0207642 0.0333536545704416 0.0347484 0.0358116 0.0410779
5.5 40.4 0.0332067 0.0602667248669529 0.0626941 0.0645295 0.0776898
5.75 40.2 0.0489751 0.0989785431213947 0.10289 0.105827 0.133944
6 40.1 0.0675101 0.148544615592327 0.154348 0.158691 0.210035
6.25 40 0.0885841 0.207526660215574 0.215582 0.221599 0.303909
6.5 40 0.112251 0.275145943320028 0.285795 0.29373 0.413553
6.75 40 0.139662 0.35399008644804 0.367687 0.377869 0.542214
7 40 0.171223 0.445467040389825 0.462742 0.475535 0.692042
7.25 40 0.206974 0.550233332158842 0.57166 0.587448 0.864457
7.5 40 0.246021 0.66655197399227 0.692674 0.711792 1.05737
7.75 40 0.287517 0.792334079092446 0.823632 0.846348 1.26793
3 50.9 4.53268e-05 4.80081933831052e-05 5.14481e-05 5.45971601503962e-05 6.00541324181941e-05
3.25 50.9 9.25235000000001e-05 9.73848960029696e-05 0.000104032 0.000109012 0.000120333
3.5 50.9 0.000185286 0.000198409125623172 0.000210246 0.000221324 0.000238485
3.75 50.9 0.000370646 0.000399835 0.00042523 0.000448725673196194 0.000476414
4 50.9 0.000737692 0.000814708729666059 0.000860104 0.000903004612047948 0.000957482
4.25 50.9 0.00145074 0.00165008061056634 0.00173534 0.00182202561678434 0.00192033250864638
4.5 50.9 0.0028022 0.00335287938937727 0.00351853 0.00366866 0.00389583
4.75 50.9 0.00520263 0.00671620885493015 0.00703296000000001 0.00734082125652079 0.00785288
5 50.8 0.009153 0.0130922654198255 0.0136855 0.0142553 0.0156247
5.25 50.5 0.0156041 0.0252287868821052 0.0262792 0.0272942 0.0312509
5.5 50.3 0.0249364 0.0455518632726687 0.0473546000000001 0.049102 0.0591071
5.75 50.2 0.0370633 0.0753788777128233 0.0783168000000001 0.0811294 0.10264
6 50.1 0.0515797 0.114170796405013 0.118711 0.122899 0.16218
6.25 50 0.0682174 0.160347217589659 0.166799 0.172908 0.235223
6.5 50 0.0875151644965609 0.213814 0.222026 0.231953215113284 0.321347
6.75 50 0.109754100956198 0.276913 0.289843 0.303667551042921 0.42742
7 50 0.136137725908474 0.351871 0.371035 0.391651535482407 0.558873
7.25 50 0.166820989934606 0.440537 0.466169 0.499775775239648 0.720803
7.5 50 0.201494495702266 0.542125 0.582956000000001 0.629487203554469 0.915921
7.75 50 0.239959905771305 0.656351 0.712199000000001 0.783064521731001 1.14813
3 70.6 2.96692e-05 3.30080674420366e-05 3.96931000000001e-05 4.69275e-05 5.1878e-05
3.25 70.6 5.96209e-05 6.64899523051088e-05 7.92095000000013e-05 9.49841000000001e-05 0.000103633688464103
3.5 70.6 0.000122045 0.000134312350128528 0.000160101000000001 0.000192166 0.000207311353675679
3.75 70.6 0.000246073181649919 0.000272221 0.000320946000000001 0.000386774 0.000413670399414189
4 70.6 0.000486800296161342 0.000548529692929525 0.000639367000000002 0.000778852 0.000829149043084975
4.25 70.6 0.000956557167350418 0.00111477449818763 0.00126317000000002 0.00157559 0.00167987729332092
4.5 70.6 0.00184439116249193 0.00226131323650921 0.00250743 0.00319645 0.00342551150272007
4.75 70.6 0.00342977193551737 0.00452347603928761 0.00487403000000001 0.00640408 0.00692115
5 70.6 0.0060685 0.00859492480794523 0.00947198 0.0125096 0.0139111
5.25 70.4 0.0104105721967227 0.0166154 0.0182866000000002 0.0241715 0.0279734
5.5 70.2 0.0167538581428055 0.0302126 0.0331535000000013 0.0438523 0.053257
5.75 70.1 0.0249313401877222 0.0500647 0.0548418000000037 0.0726147 0.0926986
6 70.1 0.0347389395267862 0.0759343 0.0830926000000112 0.110219 0.147111
6.25 70 0.0462059437384948 0.107499 0.117554000000013 0.156528495152365 0.216225
6.5 70 0.0595051071765369 0.144794 0.158279000000003 0.211886492107751 0.300047
6.75 70 0.0753179 0.189053 0.206625000000004 0.28146 0.401405
7 70 0.093982568714655 0.24259 0.265140000000005 0.366084 0.526272
7.25 70 0.117031 0.308028 0.336711000000007 0.469743 0.682307
7.5 70 0.14387523231516 0.385934 0.421991000000009 0.593705 0.873503
7.75 70 0.175051971345118 0.477584 0.522408000000017 0.740313 1.10597
3 100.4 1.92855e-05 2.13775e-05 3.02077000000016e-05 4.17559e-05 4.61949964995437e-05
3.25 100.4 3.9212e-05 4.34334e-05 5.98980000000035e-05 8.4222e-05 9.17578045198731e-05
3.5 100.4 7.81911999999999e-05 8.79883000000001e-05 0.000118877000000008 0.000169827 0.000183846743630661
3.75 100.4 0.000154852 0.000176817 0.000235397000000016 0.000341066 0.000366966818690206
4 100.4 0.00031016758116964 0.000355816054678544 0.000467770000000032 0.000685618 0.000733521758647131
4.25 100.4 0.000613196092830818 0.000717609 0.00094135200000006 0.00139036 0.00148033530884097
4.5 100.4 0.00118887435630136 0.00143998 0.00191827000000009 0.00283642 0.00305322903136839
4.75 100.4 0.00222762252380483 0.00294691619458658 0.00391468000000006 0.00573674 0.00622745632190445
5 100.4 0.00396639213507086 0.00583029194231524 0.00747625 0.0113196 0.01257
5.25 100.3 0.00684500974389578 0.0112470372887651 0.0134217 0.0220333 0.0254744
5.5 100.2 0.0110681389770896 0.0204652597965844 0.0243282002092178 0.0402387 0.0488355
5.75 100.1 0.0165290798280002 0.0332408967544553 0.041055 0.0668945 0.0853519
6 100 0.0231359663185523 0.0491454906057899 0.0633261000000001 0.10189 0.13593
6.25 100 0.0310845953409212 0.0702684060752788 0.0904766000000022 0.145652 0.201293
6.5 100 0.0404543988428715 0.0957287250986029 0.123066000000005 0.198179 0.281065
6.75 100 0.0516908785436888 0.126251448967074 0.162451000000009 0.261645 0.378006
7 100 0.0654708039128051 0.164035235015005 0.211064000000013 0.33995 0.497824
7.25 100 0.0824924248930144 0.211350163947104 0.271660000000028 0.437516 0.647453
7.5 100 0.103120452138562 0.268801192749067 0.346014000000026 0.557167 0.831735
7.75 100 0.127840876843909 0.338745374770409 0.436238000000052 0.702267 1.05637
3 130.3 1.53054e-05 1.7391e-05 2.42421000000012e-05 3.32063e-05 3.70677e-05
3.25 130.3 3.08945e-05 3.43528e-05 4.79418000000027e-05 6.67389e-05 7.3977e-05
3.5 130.3 6.2277e-05 6.94129e-05 9.48852000000058e-05 0.000134137 0.000147599
3.75 130.3 0.000123315 0.000139524 0.000187953000000012 0.000269426 0.000294335
4 130.3 0.00024319575660986 0.000280523131046594 0.000373682000000024 0.000541869 0.000588279627799482
4.25 130.3 0.000493899695759492 0.000570926527105243 0.000754132000000042 0.00110174 0.00118930200525003
4.5 130.3 0.000961170788246765 0.00114784 0.00154582000000006 0.00225988 0.0024641966383878
4.75 130.3 0.00180297806099583 0.00236916323295545 0.00318523000000002 0.00461221 0.00504356680747909
5 130.3 0.00323638892512627 0.00473623538718035 0.00601210000000005 0.00918692 0.0101879
5.25 130.2 0.00561006263240765 0.0092109415081434 0.0110408272223273 0.0179749 0.0207625
5.5 130.1 0.00911442308341541 0.0169316913190559 0.019965214683745 0.0329945 0.0400149
5.75 130.1 0.0137008545517049 0.0275531 0.0338508 0.0552178 0.0704088
6 130 0.0193016974118996 0.0407204035882577 0.0533264 0.0846445 0.112853
6.25 130 0.0261042755141782 0.0582709117127051 0.0766741000000006 0.121777 0.168186
6.5 130 0.0341913642233954 0.0797892631118295 0.104926000000004 0.166718 0.236264
6.75 130 0.0439960877633367 0.10606370786809 0.139426000000005 0.221593 0.31985
7 130 0.056086545130815 0.13867462583912 0.182255000000009 0.289707 0.423792
7.25 130 0.0710224922796839 0.179334861783927 0.235689000000013 0.374654 0.553743
7.5 130 0.089244194563586 0.229549256131658 0.301719000000018 0.479586 0.714923
7.75 130 0.111405687626006 0.291346163355686 0.383041000000037 0.608752 0.91432
3 200.2 9.52774786048801e-06 1.09268e-05 1.56395000000007e-05 2.11105e-05 2.45058e-05
3.25 200.2 1.91722459889903e-05 2.19765e-05 3.08886000000015e-05 4.22773e-05 4.86922e-05
3.5 200.2 3.83250423450782e-05 4.42385e-05 6.10527000000031e-05 8.47105e-05 9.67567e-05
3.75 200.2 7.78963e-05 8.94377446012817e-05 0.000122012000000006 0.000171427 0.000194288
4 200.2 0.000158219 0.000180406898503543 0.000244786000000012 0.000347423 0.000390436
4.25 200.2 0.000314097284136731 0.000364999343705749 0.000498401000000021 0.000711491 0.000793969
4.5 200.2 0.00063093732673478 0.000758366173394904 0.00103689000000002 0.00147827 0.00164025
4.75 200.2 0.00120349635479149 0.00155996654179633 0.00210487518924812 0.00305556 0.00338085384027355
5 200.2 0.00218662751057597 0.00315176209333761 0.00404402000000001 0.00616774 0.00692613074132505
5.25 200.1 0.00383081476349928 0.00625055987278927 0.0076705962799007 0.0122017 0.0140563
5.5 200.1 0.00628793891668401 0.0113943690847752 0.0136854000000001 0.0226235 0.0273707
5.75 200 0.00966671520775582 0.01899374590248 0.0244199654589608 0.038694 0.0492173
6 200 0.01391278217661 0.0293775 0.0382758 0.0605279 0.0804805
6.25 200 0.0189715496681382 0.0417792016060584 0.0559575 0.0876693 0.120696
6.5 200 0.0251797 0.057424929954287 0.0783952 0.120752 0.170483
6.75 200 0.0324969210126696 0.0768288211307695 0.104822 0.161534 0.232123
7 200 0.0417540131977556 0.101054060515935 0.137818000000001 0.212453 0.309153
7.25 200 0.0532312833476826 0.131357672243257 0.179098000000002 0.276156 0.405702
7.5 200 0.0674153515232846 0.169663 0.230776000000007 0.355876 0.526971
7.75 200 0.0852186244452899 0.217497734697353 0.296534000000007 0.457295 0.681918
3 300.1 5.17988202755557e-06 5.99564e-06 9.03735000000027e-06 1.19142e-05 1.44879e-05
3.25 300.1 1.0536632475294e-05 1.21653e-05 1.80934000000006e-05 2.4114e-05 2.91002e-05
3.5 300.1 2.13790190086426e-05 2.47191e-05 3.62603000000013e-05 4.88567e-05 5.84781e-05
3.75 300.1 4.35009431993323e-05 5.02398e-05 7.26600000000024e-05 9.88952e-05 0.000117389
4 300.1 8.85521756370922e-05 0.000102441 0.000146171000000004 0.000200487 0.000236094
4.25 300.1 0.000182402 0.000211991943377816 0.000300337000000006 0.000413308 0.000483294
4.5 300.1 0.000368635828653076 0.000440156 0.000631249 0.000871737 0.00101342
4.75 300.1 0.000721032686249623 0.000926619406194607 0.00127247322323494 0.00184409 0.0021341
5 300.1 0.00134260630160386 0.00190773 0.0025407 0.00381548 0.00440064
5.25 300.1 0.00240490077421593 0.0039179409072289 0.00490282000000004 0.00771804 0.00909726821837683
5.5 300.1 0.00403396620757741 0.00730362 0.00906862 0.0146073 0.0176279
5.75 300 0.00631732152971649 0.01254562406942 0.0161214 0.0254134 0.0322426
6 300 0.00924497799039821 0.019591 0.0266059188044471 0.0403548 0.0535089
6.25 300 0.0128165555288442 0.028803 0.0391872 0.0593156 0.0814047
6.5 300 0.017178801349852 0.0392077756385561 0.0546038 0.082713 0.116352
6.75 300 0.022544030794678 0.0516996195133279 0.0737169 0.111734 0.15987
7 300 0.0292892466351564 0.0681181325332741 0.0977581 0.148245 0.214632
7.25 300 0.0377008805063133 0.089079727258192 0.127968 0.194126 0.283522
7.5 300 0.0482036136993498 0.115647199672621 0.16613 0.252084 0.370785
7.75 300 0.0616298477090714 0.150104592349716 0.216873 0.327167 0.484272
3 500.1 3.7251080870007e-07 4.5932814500694e-07 7.1665642177061e-07 9.16536e-07 1.20642e-06
3.25 500.1 1.01794148689575e-06 1.25366547098772e-06 1.95229797174945e-06 2.49829e-06 3.27215e-06
3.5 500.1 2.75975002305677e-06 3.39138503660035e-06 5.27869000000001e-06 6.74942e-06 8.78958e-06
3.75 500.1 7.38318934854309e-06 9.05588666072332e-06 1.39929e-05 1.80469e-05 2.33611e-05
4 500.1 1.94668784979493e-05 2.3827721311492e-05 3.61847725893507e-05 4.73914e-05 6.09754e-05
4.25 500.1 4.9446e-05 6.00722e-05 8.8328e-05 0.000119285 0.000152605
4.5 500.1 0.000115796 0.000140933 0.000207137 0.000281865 0.000358769
4.75 500.1 0.000244053 0.00031195 0.00045652 0.0006239 0.000790732
5 500.1 0.000452913 0.00064402 0.00090052478673504 0.00128804 0.00162664
5.25 500.1 0.000748044 0.00119954284471863 0.00154138 0.00240331 0.00302615
5.5 500 0.00113824 0.00205934800557582 0.00266686000000002 0.00412937 0.00518662
5.75 500 0.00163908 0.00326868542420585 0.004179 0.00660772 0.00844888430840003
6 500 0.00230217 0.00481065063736483 0.00661189957822006 0.0100689 0.0133087
6.25 500 0.00319911 0.00711506 0.010078083071214 0.0148256 0.020277
6.5 500 0.0044024 0.0101516185994168 0.0148481865089212 0.0212215 0.0297385
6.75 500 0.00598943 0.0142032847260826 0.0208817387833886 0.0296578 0.042251
7 500 0.00804586 0.0195005317252585 0.028931233341137 0.0406157 0.058512
7.25 500 0.0106974 0.0261517683929142 0.038866206992344 0.0548266 0.0796146
7.5 500 0.0140615 0.0348551717329371 0.0520113874985271 0.0730398 0.106721
7.75 500 0.0181587 0.0450326 0.0683073881063554 0.0955473 0.140364
3 700.1 1.46263727103997e-07 1.93062007204711e-07 2.91839341926689e-07 3.85558e-07 5.48288e-07
3.25 700.1 4.00061112619244e-07 5.27839521208919e-07 7.96877312647448e-07 1.05308e-06 1.4936e-06
3.5 700.1 1.0860536844111e-06 1.43206074627188e-06 2.15701003153378e-06 2.85222e-06 4.03228e-06
3.75 700.1 2.91273077464587e-06 3.83614285729739e-06 5.79765594100424e-06 7.65027e-06 1.0775e-05
4 700.1 7.69847557271257e-06 1.01279563712357e-05 1.52850948683693e-05 2.01595e-05 2.82782e-05
4.25 700.1 1.97422e-05 2.58256e-05 3.85595021208038e-05 5.09311e-05 7.11455000000001e-05
4.5 700.1 4.61043e-05 6.04045e-05 9.10450755833723e-05 0.000120809 0.000168067
4.75 700.1 0.000102584422623567 0.000134209 0.000205009 0.000268417 0.000371972
5 700.1 0.000196681 0.000278061497047643 0.000393362 0.000556173 0.000768016
5.25 700 0.000325977 0.000518052672948307 0.000695398000000001 0.00104141 0.00143334
5.5 700 0.00049782 0.000883407622397557 0.00123195 0.00179555 0.00246391
5.75 700 0.000719629 0.00143910556979089 0.00197148299355409 0.0028835 0.00394559
6 700 0.00101497 0.00202994 0.00300037313223551 0.00441034 0.00601852
6.25 700 0.0014168 0.00291344343940245 0.00444706 0.00651981 0.00902284728575333
6.5 700 0.00195934 0.0041807080617092 0.00654338829937899 0.00937318 0.0130982
6.75 700 0.00268071 0.00588350924873775 0.00926896852159075 0.0131616 0.0186929
7 700 0.00362355 0.00811716389272063 0.0128647193233747 0.0181195 0.0260155
7.25 700 0.0048516 0.0110440656921347 0.0176024527586086 0.024603 0.0355926
7.5 700 0.00642788 0.0148998 0.0237428397479223 0.0329927 0.0480041
7.75 700 0.00837374 0.0195879513407055 0.0314459352707856 0.0434808 0.0635739
3 999.9 4.20615918392255e-08 6.17358783988487e-08 8.65274000000061e-08 1.23331e-07 1.98125e-07
3.25 999.9 1.15090735143468e-07 1.68902584143208e-07 2.36802000000016e-07 3.37134e-07 5.41046e-07
3.5 999.9 3.12628078794899e-07 4.5870302847483e-07 6.43448000000036e-07 9.14235e-07 1.46516e-06
3.75 999.9 8.39526865196378e-07 1.23117422025903e-06 1.73461000000007e-06 2.45625e-06 3.92944e-06
4 999.9 2.22221517382183e-06 3.25713530084984e-06 4.60706000000008e-06 6.48655e-06 1.03531e-05
4.25 999.9 5.6499069845689e-06 8.38133e-06 1.17803e-05 1.64313e-05 2.61541e-05
4.5 999.9 1.33778e-05 1.95485e-05 2.7650852991779e-05 3.90971e-05 6.20380000000001e-05
4.75 999.9 2.98802e-05 4.35876e-05 6.26592000000001e-05 8.71752e-05 0.000137854
5 999.9 6.22856e-05 9.02885666543404e-05 0.000125437 0.000181328 0.00028571
5.25 999.9 0.000107522 0.000169052327447605 0.000227475788249813 0.000340939 0.000535173
5.5 999.9 0.000165068 0.000291491945390621 0.000406527591029605 0.000590505 0.000923234
5.75 999.9 0.000240006 0.000467939502028004 0.000657426192077555 0.00095302 0.00148377
6 999.9 0.00034068 0.00068136 0.00101952056876928 0.00146565 0.0022718
6.25 999.9 0.000478903 0.000957804 0.00152031013673811 0.00217987 0.003363
6.5 999.9 0.000667388 0.00133477 0.00220102486669624 0.00315488 0.00484338
6.75 999.9 0.000920515 0.0018531448452184 0.0031506 0.00446231 0.00681631
7 999.9 0.00125523 0.0025469493962807 0.00439612 0.00619164 0.00941078
7.25 999.9 0.00169646 0.00349512 0.00605372 0.00847798 0.0128235
7.5 999.9 0.00227038 0.00473880532683175 0.00823733 0.0114728 0.0172718
7.75 999.9 0.00298985 0.00633864379163374 0.0110201 0.0152672 0.0228841
