Var1 Var2 Var3 Var4 Var5 Var6 Var7
3 9.3 0.0610514180706478 0.0918301 0.14244 0.166083 0.221938
3.25 9.3 0.0902182102469827 0.152743 0.235847 0.289364 0.365641
3.5 9.3 0.131061265796895 0.244768 0.376157 0.484536 0.580533
3.75 9.3 0.186570561227897 0.375122 0.573667 0.76958 0.881702
4 9.3 0.262118792814748 0.549442645389428 0.845001 1.16864 1.29384
4.25 9.3 0.351673494807307 0.793507192673324 1.21441 1.71586 1.85452
4.5 9.3 0.501637671556913 1.12113925763929 1.70757 2.45032 2.59782
4.75 9.3 0.680142957913735 1.55276235975919 2.35447 3.41182 3.57286
5 9.1 0.908787912893247 2.12446100195038 3.19337 4.6654 4.83318
5.25 7.2 1.25551618417622 2.99360658621824 4.49909 6.60070814881221 6.77555
5.5 5.6 1.52215303788014 3.70863395159537 5.55343 8.15508 8.40305
5.75 4.2 1.64814893486171 4.0860510938299 6.10367 8.95182 9.29299
6 2.9 1.67891206899666 4.06451091843611 6.06272 8.88116 9.30158
6.25 1.9 1.60528121338828 3.92290470944636 5.84854 8.55805 9.05271
6.5 1.1 1.54246617964887 3.92841947133543 5.85774 8.56182 9.15593
6.75 0.6 1.63569280351359 4.18121661551015 6.2388 9.10901 9.85534
7 0.2 1.7855235647156 4.5730515892553 6.83033 9.96217 10.912
7.25 0 1.91708710480729 4.89091624317608 7.34784 10.7056 11.8771
7.5 0 1.96922342502247 5.04331013368574 7.5551 10.9956 12.362
7.75 0 2.00846810753901 5.00103195279956 7.50434 10.9096 12.433
3 9.5 0.0597872548482734 0.0898865 0.139422 0.16256 0.217369
3.25 9.5 0.0883488109812646 0.149503 0.230843 0.283216 0.358099
3.5 9.5 0.125956834944067 0.239698 0.368358 0.47447 0.568838
3.75 9.5 0.182821482454955 0.367393 0.561828 0.753678 0.864028
4 9.5 0.256964865985644 0.53854225836081 0.827903 1.14493 1.26841
4.25 9.5 0.357819988003936 0.777700619432828 1.19123 1.68191 1.81764
4.5 9.5 0.492468771205715 1.10049976432291 1.67525 2.40381 2.55012
4.75 9.5 0.693317843553632 1.52494174210671 2.31271 3.34714628388826 3.51147
5 9.3 0.927205001793855 2.07911518874591 3.14006 4.56155988346106 4.75518
5.25 7.5 1.24451711200228 2.96386198762771 4.45527 6.55142 6.71299
5.5 5.9 1.46915927336164 3.70881704082582 5.5549 8.15674 8.40967
5.75 4.6 1.69046145700646 4.18515818121591 6.2527 9.16981 9.52468
6 3.6 1.72337601155298 4.32120801840163 6.4468 9.44345 9.89547
6.25 2.8 1.71391935100213 4.33550366886493 6.46469 9.45917 10.0104
6.5 2.3 1.74713144887958 4.44610179010884 6.63049 9.69094 10.3674
6.75 2.1 1.80544601407091 4.68924167729785 6.99755 10.2164 11.0572
7 2 1.95332627284959 5.00037959025888 7.46919 10.8936 11.9357
7.25 2 2.04737499849994 5.24444220768966 7.8447 11.4292 12.683
7.5 2 2.06967306562301 5.29896831597657 7.93855 11.5533 12.9919
7.75 2 2.04110609887634 5.21811803245383 7.83051 11.3836 12.9756
3 10.5 0.0559222378702385 0.0806605 0.12519 0.14595 0.195627
3.25 10.5 0.0794119748617383 0.134045 0.207104 0.254053 0.322006
3.5 10.5 0.115424837333623 0.214808 0.330322 0.425392 0.511239
3.75 10.5 0.164606192952886 0.329745 0.504577 0.676709 0.777684
4 10.5 0.231805666340479 0.487539600292943 0.744856 1.0298 1.1445
4.25 10.5 0.324048924601226 0.701533596251941 1.07495 1.51821 1.64599
4.5 10.5 0.448117766834749 0.996519567937669 1.51952 2.17785 2.31963
4.75 10.5 0.611504893836637 1.39618671318567 2.10825 3.04724358511047 3.20993
5 10.3 0.821456930706719 1.90117766510451 2.87382 4.19565 4.36405
5.25 8.8 1.17975360925112 2.69513002222299 4.05517 5.96164 6.12546
5.5 7.5 1.38073724240315 3.46078621273852 5.18866 7.61687 7.87531
5.75 6.5 1.66016387368466 4.08295719522553 6.10608 8.9522 9.32432
6 5.8 1.79053738883307 4.46268898814302 6.6638 9.75846 10.2514
6.25 5.4 1.85583917060467 4.6714981676673 6.97116 10.1974 10.8156
6.5 5.1 1.90323284730246 4.82393267954813 7.1987 10.5192 11.2752
6.75 5 1.9690702069494 5.01462746313209 7.48687 10.9291 11.848
7 5 2.05396650622558 5.24511378360772 7.83798 11.4298 12.5416
7.25 5 2.18162751000848 5.41387079251737 8.10085 11.8009 13.1123
7.5 5 2.13117821191487 5.44781801705764 8.16351 11.8798 13.3743
7.75 5 2.04386933310919 5.35791918698639 8.04217 11.6901 13.3388
3 13.6 0.0394017913176304 0.0587142 0.091036 0.106098 0.143636
3.25 13.6 0.0579985111153461 0.097252 0.150105 0.184064 0.235637
3.5 13.6 0.0811270046704042 0.155567 0.23897 0.30761 0.373409
3.75 13.6 0.120454260016393 0.239689 0.366363 0.491075 0.570048
4 13.6 0.170795406784435 0.356954695063969 0.544415 0.752157 0.843776
4.25 13.6 0.240804017680185 0.515327464318892 0.791987 1.11762 1.22311
4.5 13.6 0.324924069226891 0.739218281524407 1.13039 1.61847 1.74016
4.75 13.6 0.448899591286782 1.04223971073347 1.58624 2.28417448522321 2.43534
5 13.5 0.629735376897656 1.43888662785213 2.18065 3.17895 3.33875
5.25 12.3 0.848577330669835 1.979724161331 2.98687 4.3673344704318 4.55192
5.5 11.4 1.05855588016412 2.51668254610033 3.78361 5.55012 5.78534
5.75 10.8 1.25652359082302 3.03786252334268 4.55534 6.67336 7.006
6 10.4 1.42784758771132 3.52251794669253 5.24179 7.67012 8.11754
6.25 10.2 1.57434473243338 3.89438426632813 5.84253 8.54027 9.11942
6.5 10.1 1.69741562968737 4.23639800361993 6.35558 9.28106 10.0091
6.75 10 1.8104567507796 4.56540959711292 6.82698 9.95994 10.8568
7 10 1.91750892625108 4.81461302136469 7.26833 10.5936 11.681
7.25 10 2.06891043054149 5.10515939664293 7.64734 11.1354 12.4273
7.5 10 2.05681312903897 5.22945221980933 7.84402 11.4099 12.8959
7.75 10 2.10718144717061 5.18723767380337 7.84189 11.3947 13.0479
3 22.1 0.0196490552159619 0.0287777 0.0445869 0.0519298 0.0720748
3.25 22.1 0.0288335214725382 0.0475036 0.0732655 0.0897702 0.117821
3.5 22.1 0.0418283323751507 0.0759623 0.116591 0.14994 0.186599
3.75 22.1 0.0602488655290141 0.117691 0.179718 0.240618 0.286352
4 22.1 0.0863334965300121 0.177536 0.269684 0.372075 0.427904
4.25 22.1 0.122749537644461 0.257286325205984 0.395276 0.556854 0.624761
4.5 22.1 0.173360938942598 0.373786750444675 0.569798 0.814148 0.897457
4.75 22.1 0.243511704067551 0.529847768284562 0.812377 1.17219 1.27559
5 22 0.334493908594053 0.7483161223485 1.12994 1.64235 1.76914
5.25 21.3 0.43712309025447 0.985055792196744 1.4965 2.18867 2.33397
5.5 20.8 0.557175628974178 1.23929582386845 1.87586 2.74647 2.92672
5.75 20.4 0.657670472277384 1.52324616434706 2.31064 3.37826 3.62353
6 20.2 0.785888026829182 1.85670535774908 2.79663 4.08393 4.41225
6.25 20.1 0.922871786665512 2.21049993714941 3.32471 4.8503 5.28207
6.5 20 1.06744872066079 2.58829287230703 3.88992 5.66945 6.22827
6.75 20 1.25162484235651 2.98279132164414 4.48145 6.52604 7.23785
7 20 1.37158776258894 3.38826109914861 5.09158 7.39733801804556 8.30092
7.25 20 1.52006818070978 3.77836386706427 5.68091 8.22888178772308 9.35583
7.5 20 1.63882486504004 4.09056109203617 6.15556 8.94088 10.2456
7.75 20 1.76077479070716 4.30441890536756 6.48429 9.40968 10.9131
3 31.4 0.0110204386786404 0.0158424 0.0245277 0.0285513 0.0407338
3.25 31.4 0.0161514018252179 0.0261126 0.0402434 0.0492775 0.0664795
3.5 31.4 0.0233935840116685 0.04168 0.0639196 0.0821395 0.105066
3.75 31.4 0.0338928397088894 0.0649354 0.0990617 0.132512 0.162064
4 31.4 0.0488484766331638 0.0984909 0.149432 0.205944 0.24338
4.25 31.4 0.0697588066672997 0.145698 0.219834 0.309291 0.356545
4.5 31.4 0.0990465715886482 0.209276666016257 0.31833 0.447281556224565 0.514315
4.75 31.4 0.139960958604287 0.300998292516768 0.456167 0.656976 0.734495
5 31.3 0.193416727365097 0.411549256991642 0.637623 0.924696 1.02343
5.25 30.9 0.251699563218995 0.548494003788697 0.83941 1.22427 1.34235
5.5 30.5 0.313584447416114 0.693943601589234 1.0578 1.5050067351472 1.68891
5.75 30.3 0.38680374577226 0.86884396426333 1.32023 1.92601 2.11749
6 30.1 0.467098251699865 1.07775280793032 1.63373 2.38029 2.63415
6.25 30.1 0.572047688161782 1.32256956927115 2.00133 2.91279 3.24667
6.5 30 0.701299849018869 1.60488509284953 2.42571 3.52724 3.96278
6.75 30 0.811685279585901 1.92573599021671 2.90848 4.22601 4.78926
7 30 0.951307308303049 2.31668638783021 3.44505 5.00163 5.72131
7.25 30 1.09804168968158 2.65687575909805 4.01275 5.82135 6.72615
7.5 30 1.23642764803781 3.01246311001194 4.55189 6.59821 7.70508
7.75 30 1.35617975733187 3.31965716116163 5.01948 7.26988 8.58381
3 41.1 0.00696828518466658 0.00982961 0.0152062 0.0176925 0.025967
3.25 41.1 0.0102181062307061 0.0162086 0.024959 0.0305453 0.0423895
3.5 41.1 0.0148161733823662 0.0258968 0.0396774 0.0509555 0.0670378
3.75 41.1 0.0214644391589861 0.0403379 0.0614697 0.0821637 0.10334
4 41.1 0.0309467934917675 0.0611945 0.0927226 0.127676 0.155138
4.25 41.1 0.044275823471541 0.0870920432910668 0.136601 0.191991 0.227517
4.5 41.1 0.0630006922624979 0.13228 0.198122 0.282298 0.328598
4.75 41.1 0.0909480566615205 0.187405427347537 0.284074 0.408542 0.469374
5 41 0.123474449497246 0.262184055676077 0.397705 0.569190239604268 0.654837
5.25 40.6 0.160540407417643 0.342433953805817 0.522486 0.760497 0.857078
5.5 40.4 0.201147863951516 0.431062785019347 0.661407 0.964265 1.08199
5.75 40.2 0.25101035137812 0.54551221782486 0.834308 1.21429 1.3703
6 40.1 0.311593656553796 0.686900081800099 1.04765 1.47810883029619 1.7287
6.25 40 0.384057766364668 0.874885573618818 1.30713 1.89771 2.16866
6.5 40 0.469579817586105 1.0647415915601 1.61819 2.34709 2.7019
6.75 40 0.568088596069551 1.30538359100555 1.98207 2.87252 3.33311
7 40 0.679110848818481 1.6104444822706 2.39742 3.40140282922972 4.06381
7.25 40 0.802081201329537 1.88612234471987 2.86185 4.14147 4.89318
7.5 40 0.929631219785978 2.20715334635314 3.3494 4.84343 5.78095
7.75 40 1.0528773981047 2.51988473596599 3.82534 5.52742 6.66858
3 50.9 0.0048618239072465 0.00675422 0.0102649 0.0121312 0.0180723
3.25 50.9 0.00713066466001589 0.0109740528632809 0.0168509 0.0206141 0.0297284437988559
3.5 50.9 0.0103454973957329 0.0175081 0.026801 0.0344032 0.0471371201419578
3.75 50.9 0.0149661937416517 0.027232 0.0414542 0.0553814 0.0728753
4 50.9 0.0215355613938501 0.0412324 0.0623949 0.0858657 0.109137
4.25 50.9 0.030795825531212 0.0610719 0.0918532 0.129013 0.159895
4.5 50.9 0.043785310582301 0.0890152 0.133066 0.18945 0.230616
4.75 50.9 0.0626741115984786 0.128103 0.190381 0.273538 0.32868
5 50.8 0.0855595925869984 0.179980721739368 0.266169 0.385004 0.457627
5.25 50.5 0.110629302687928 0.234016808345195 0.348912 0.507316 0.594604
5.5 50.3 0.138810943468747 0.295143361319525 0.44299 0.644386 0.750886
5.75 50.2 0.174361076515216 0.372571416273393 0.562339 0.816489 0.956406
6 50.1 0.218920660195629 0.470053957991353 0.712807 1.0334 1.22015
6.25 50 0.274177648036796 0.593490129397953 0.900226 1.30347 1.55624
6.5 50 0.341959331926608 0.749542381168691 1.13023 1.63495 1.98086
6.75 50 0.424381199722508 0.940880856004647 1.40864 2.03595 2.51349
7 50 0.523786729450348 1.17263983941997 1.74025 2.51336 3.17673
7.25 50 0.64104287572091 1.44595102782112 2.12318 3.06423 3.98394
7.5 50 0.772540842496759 1.75101518168147 2.53902 3.66176 4.91996
7.75 50 0.90938 2.05969 2.98913 4.27736 5.96422
3 70.6 0.00288141843412385 0.00454999 0.00621124648190834 0.0081057 0.0114477
3.25 70.6 0.00423421105786875 0.00701332 0.00997034 0.0132627 0.0187846
3.5 70.6 0.00615498172891625 0.0111557 0.0166275 0.0210201 0.0313324
3.75 70.6 0.0088790253469911 0.0169169 0.0255052896855596 0.032391124610747 0.0501587
4 70.6 0.0127399128663823 0.0241147 0.0385917608844738 0.0488353769951466 0.0773159
4.25 70.6 0.0181814107334077 0.0341942 0.0575766876201424 0.0718970048134454 0.115578
4.5 70.6 0.0257710647444524 0.0481744 0.0836748 0.103888842704619 0.168712
4.75 70.6 0.0362509193218342 0.0673929 0.119158 0.147967657469212 0.241943
5 70.6 0.0500835571634457 0.0929007 0.165876 0.210205031903503 0.338919
5.25 70.4 0.0650087828627684 0.122424 0.216967 0.270312028023225 0.444424
5.5 70.2 0.0823597358322997 0.157294 0.277006 0.347348003413222 0.568018
5.75 70.1 0.105051628093802 0.203378 0.35632 0.449571295671374 0.729277
6 70.1 0.134259244045973 0.263436 0.459706 0.562013947209985 0.94061
6.25 70 0.171215160894719 0.340472 0.592362 0.727948770152959 1.21371
6.5 70 0.225757509330378 0.437702 0.760056 0.938766212744482 1.56223
6.75 70 0.274353940750789 0.558077 0.967987 1.20365716721396 1.99993
7 70 0.332963598615033 0.705683 1.22353 1.53019268404161 2.54668
7.25 70 0.412290457511732 0.881643 1.52915 1.97848979213475 3.21422
7.5 70 0.503318602409149 1.08348 1.881 2.47041455739649 4.00298
7.75 70 0.605203217761768 1.3081 2.27434 3.03604994127263 4.91243
3 100.4 0.00141886146312656 0.00238158645848544 0.00334927795501805 0.00499252 0.00753288649610477
3.25 100.4 0.00215409852418824 0.0037785 0.00547853 0.00817419 0.0123407581051182
3.5 100.4 0.00315284 0.00600111 0.00864701739053851 0.0129579 0.0200423622470414
3.75 100.4 0.00443872787076796 0.00894760157083558 0.0132541 0.0198713 0.0318845200718327
4 100.4 0.0063111346651774 0.012812 0.0198179770800491 0.0296281 0.0488050538545963
4.25 100.4 0.00891638176864664 0.0180894 0.0290636152408851 0.0431993 0.0723789392691614
4.5 100.4 0.012484897671836 0.0253134 0.0418189102533672 0.0617853 0.104582796239784
4.75 100.4 0.0173156689165571 0.0352580014621701 0.0593124 0.0870066 0.148975270131113
5 100.4 0.0236841361344911 0.0489673413726954 0.0827385 0.120454 0.205840565627055
5.25 100.3 0.0306660757752102 0.0641028842789737 0.109029 0.157651 0.270143414620914
5.5 100.2 0.0395762 0.0829065138688599 0.14141 0.203251 0.348936339335044
5.75 100.1 0.0507524941888177 0.109056818949426 0.186463 0.266653 0.45863784973188
6 100 0.0661966865255528 0.14426388648768 0.247171 0.351986 0.606788001195621
6.25 100 0.0860342635269092 0.189940754827494 0.326559 0.463445 0.801171602250809
6.5 100 0.111225500525652 0.249369968902056 0.429273 0.607586 1.05384188072227
6.75 100 0.144344 0.32522574131363 0.560507 0.791602 1.37816076051522
7 100 0.181896024985717 0.420817309454477 0.72609 1.02363 1.79575748646683
7.25 100 0.229279580674939 0.537921136356604 0.930352 1.30961 2.29832553479608
7.5 100 0.285268155153452 0.679304052440414 1.17572 1.65281 2.91172850895734
7.75 100 0.350815517851369 0.846856951186061 1.46470410271864 2.05968 3.64089448116993
3 130.3 0.000832233 0.00140015 0.00197522 0.00294883 0.004476978354452
3.25 130.3 0.0012485958842735 0.00220616 0.00337848411523888 0.00480522 0.00754885757259143
3.5 130.3 0.00183310274004964 0.00358059330716065 0.00540746 0.0075755 0.0123957078431658
3.75 130.3 0.00263752 0.0050970056657999 0.00771188996266652 0.0115732 0.0195533903836723
4 130.3 0.003701584571551 0.00746509 0.011766 0.0171744 0.0296385945233001
4.25 130.3 0.00519175309248703 0.0104646 0.0173681 0.0248504 0.0433852653338533
4.5 130.3 0.00720467233644946 0.0145145 0.0249423 0.0352179 0.0617699423018052
4.75 130.3 0.00987916468146847 0.0198938 0.0349541 0.0490289 0.0860213427020413
5 130.3 0.0134094818654403 0.0270071760631531 0.0478109 0.0673629 0.118934922698321
5.25 130.2 0.017365380281946 0.0355742306680656 0.0623238 0.0888341 0.153998077812119
5.5 130.1 0.0223444600675299 0.0465709062311362 0.080947 0.116788298836476 0.19964566156001
5.75 130.1 0.0294762311818621 0.0620916145834627 0.108584461037353 0.156937 0.265706564792829
6 130 0.039225737868982 0.0840169243220087 0.147026249188118 0.211017024529407 0.357441711767998
6.25 130 0.0522198 0.113830306831283 0.197028817751938 0.283404904718748 0.47942404261678
6.5 130 0.0683761878532288 0.151107244361368 0.263478815241461 0.379300608879284 0.641020698811567
6.75 130 0.0894195780821977 0.199210820687861 0.350047210145896 0.505140651551698 0.858974675799172
7 130 0.115897853673261 0.268036419645658 0.464593202622024 0.667442656715271 1.12616559475069
7.25 130 0.148379441182501 0.345100660945471 0.600014617079514 0.871512452329124 1.46993234723896
7.5 130 0.187430884166686 0.441220847397373 0.772073055194268 1.12257649216185 1.89301320492713
7.75 130 0.235092 0.550488960534251 0.967781697199571 1.42857863834658 2.40905489892462
3 200.2 0.000232157551715372 0.000413532 0.000620839 0.00097198510930954 0.00169858
3.25 200.2 0.000373375295723115 0.000695211 0.00101153 0.00154662314312908 0.00276041009010374
3.5 200.2 0.00056497126159415 0.00104458623295738 0.00159238218084285 0.00241562221176075 0.00435067096671217
3.75 200.2 0.000805720183563879 0.00160345461019269 0.00243076988650015 0.0036435155919206 0.0066158321137943
4 200.2 0.00114385760186823 0.00233444874929633 0.0035990299157636 0.00531882784679218 0.0097676767401431
4.25 200.2 0.00160124108846778 0.00319462087859405 0.00517511606505907 0.00753648 0.0139642214195387
4.5 200.2 0.00216703567130056 0.00430477593345562 0.00726466905825831 0.0104346 0.019319632110817
4.75 200.2 0.00289929627156688 0.00581252997281699 0.00995138416628802 0.0141669 0.0260882438453638
5 200.2 0.00387397046675866 0.00784564 0.0134403 0.0191547 0.0384565215978582
5.25 200.1 0.0050319566995508 0.0101908 0.0175699 0.0251439 0.0499688371201446
5.5 200.1 0.00661231484543782 0.0135615131047916 0.0235695 0.0335134620027625 0.0657065472528865
5.75 200 0.00899598649778782 0.0187355273134692 0.0326956 0.0463443223776925 0.0895902559074674
6 200 0.0124142306468484 0.0263750098855044 0.045963 0.0649962974204409 0.124179344577264
6.25 200 0.0171599984303152 0.0372277493209622 0.0646774 0.091321138349908 0.172861175501651
6.5 200 0.023543817777518 0.0521141365460567 0.0902951 0.127402732364925 0.239510419536537
6.75 200 0.0318521321389133 0.0712532000115027 0.124273 0.175338943378943 0.328127840503348
7 200 0.0425596465953072 0.0972759205900235 0.168943 0.238536819714405 0.445176238467092
7.25 200 0.0566899 0.130350721641682 0.226036 0.319614995398399 0.595724412670828
7.5 200 0.0734517 0.170359245512099 0.297846 0.422905368115921 0.786556958183741
7.75 200 0.0927930715148687 0.221782938541674 0.387456 0.552680160470705 1.02651514383644
3 300.1 4.70019178097265e-05 8.66728e-05 0.000138831 0.000242449 0.000498344
3.25 300.1 7.16009612965555e-05 0.000134903400806485 0.000224361 0.00039892161903694 0.000793235
3.5 300.1 0.000104935981882601 0.000202708278759749 0.0003497260064391 0.000603764 0.00120753
3.75 300.1 0.000152666161304793 0.00030489 0.000526609298189801 0.000884463 0.00176891
4 300.1 0.000222530077840326 0.000445236 0.000766604482130397 0.00124506 0.00249012
4.25 300.1 0.000324146 0.000648295 0.00107401 0.00169367187661113 0.00336453
4.5 300.1 0.000445711948956427 0.000875000435408266 0.00142225 0.00224716019498465 0.00441443
4.75 300.1 0.000568964041348324 0.00116795624504059 0.0018914 0.00298554541178089 0.00567914
5 300.1 0.000752326573651484 0.0015436 0.00253923 0.00396849 0.00738557
5.25 300.1 0.000997550389524747 0.00204109 0.00341687 0.00525644 0.00964244
5.5 300.1 0.00136806908212892 0.00279231 0.00475700626969351 0.00742959 0.0130536
5.75 300 0.00196079119390273 0.00399343 0.00691350945894896 0.0105606260628213 0.0185264
6 300 0.00286301370486083 0.00582033 0.0102422990799641 0.0153936207048939 0.0268765
6.25 300 0.00415729858060768 0.00861156000000001 0.0151158224468656 0.0223775832635545 0.0389011
6.5 300 0.00596606890477388 0.0125905969798656 0.0217433 0.0322271 0.0558484862549704
6.75 300 0.00848840525377841 0.018228117693067 0.0313253 0.0459808 0.0802545406930576
7 300 0.0118622971446014 0.0259161273960901 0.0446607 0.0648492472256898 0.113495592524951
7.25 300 0.0161218241563428 0.0358285296585596 0.0618205391346107 0.0898913346591117 0.156443871447938
7.5 300 0.0215078595450502 0.0486241219700146 0.0839490195243618 0.123059 0.212149345334817
7.75 300 0.0284103349073278 0.0653631756721128 0.113215 0.165579 0.285346659160496
3 500.1 5.66454272923347e-06 1.18048328108652e-05 2.09638000000001e-05 4.57451274931321e-05 0.000128706
3.25 500.1 1.2323329173117e-05 2.50776e-05 4.49044e-05 8.6364974524477e-05 0.000257598
3.5 500.1 2.46963894999653e-05 4.86696394211989e-05 8.59635e-05 0.000161621394627622 0.0004649
3.75 500.1 4.44154670424978e-05 8.89669050086583e-05 0.000147667994220583 0.000272199 0.000773972
4 500.1 8.27434575745544e-05 0.000154720637064739 0.000241206504248672 0.000468173 0.00122697
4.25 500.1 0.000149125625215918 0.000272133928503121 0.000396025209589905 0.000788081 0.0019099
4.5 500.1 0.000251756392021365 0.000478518540820377 0.000669465 0.00127965 0.00294814
4.75 500.1 0.000417236 0.00082286 0.00112374 0.00204312395497405 0.00452944
5 500.1 0.000656604 0.00131316745485928 0.0018486513620521 0.00321065156839361 0.00676699
5.25 500.1 0.00100636 0.00201082201423578 0.00290242185369093 0.00500944 0.00993654
5.5 500 0.00145513 0.00290900047690348 0.00431297380997412 0.00708843801038332 0.013891
5.75 500 0.00196555 0.00394420499753097 0.00606484420251344 0.00965280431960638 0.01829
6 500 0.00254731 0.00524574635374294 0.00821623098183615 0.0124738565877624 0.0232638
6.25 500 0.00324821 0.00686483 0.0109237185400979 0.016534125825103 0.029283
6.5 500 0.00410589 0.00882565000000001 0.0143170608363201 0.0208831597805229 0.0367068
6.75 500 0.00513262 0.0111752031567221 0.0182993924121441 0.0263083057234614 0.0456739
7 500 0.00640836 0.0138512680904334 0.0232923504700344 0.0329544902562402 0.0569452
7.25 500 0.00806867 0.0177147919360948 0.0304088330787834 0.0421241132599074 0.0718052
7.5 500 0.0101478 0.0227977436801208 0.0386397294825098 0.0544609832703001 0.0906755
7.75 500 0.0126329 0.0290093736787088 0.0486903337982292 0.0692538 0.113603
3 700.1 6.82128175561888e-07 1.55987e-06 3.002842198002e-06 5.81376170465789e-06 2.65161e-05
3.25 700.1 1.58791502622277e-06 3.48817009031176e-06 6.20354186973871e-06 1.21331038120953e-05 5.37787e-05
3.5 700.1 3.55947486535672e-06 7.20200189118685e-06 1.21233e-05 2.37395938469121e-05 9.89447999999999e-05
3.75 700.1 7.61704172997289e-06 1.50923816412536e-05 2.27969e-05 4.4085677545256e-05 0.000169204
4 700.1 1.57572289962605e-05 3.14044541729356e-05 4.18523000000001e-05 8.15602335286185e-05 0.00027787
4.25 700.1 3.20155e-05 6.31396e-05 8.28630000000003e-05 0.00015014765654255 0.000451601
4.5 700.1 6.28653919247685e-05 0.000116957999310117 0.000149945082004788 0.000286916 0.000731984
4.75 700.1 0.000117130589304919 0.000207498833071652 0.000274477 0.000481276 0.00118397
5 700.1 0.000198993 0.000372006867974856 0.000477102 0.000854781106657849 0.0018614
5.25 700 0.000321537 0.00062083519575501 0.00080730434957938 0.00137329 0.00286801
5.5 700 0.000486437 0.000966444316786698 0.00130479 0.00211057005674466 0.00418926
5.75 700 0.000683083 0.00136199263105752 0.00196358 0.00294062786348313 0.00573499
6 700 0.000915308999999999 0.00184924753515678 0.00279691 0.00408119695746989 0.00754718
6.25 700 0.00120141 0.00240282 0.00386346015853706 0.0055852 0.00978339
6.5 700 0.00155788 0.00314564 0.00523913230614293 0.00721030792522617 0.012578
6.75 700 0.00199226 0.00410712290429304 0.00694507295050691 0.00940693 0.0159981
7 700 0.00253958 0.00533141535074068 0.00917606276351491 0.0122378 0.0203353
7.25 700 0.00326045 0.00703213900918853 0.0119055747105768 0.0160035 0.0260886
7.5 700 0.00417886 0.00926595823751097 0.0156794 0.0208647 0.0334883
7.75 700 0.00529849 0.0120535167769822 0.0204171 0.0269001 0.042615
3 999.9 7.27238461340504e-08 1.62924238041563e-07 2.78466000000001e-07 4.52066811053401e-07 3.05619e-06
3.25 999.9 1.85038e-07 4.00832e-07 6.72593000000001e-07 1.07852692186294e-06 6.43501000000001e-06
3.5 999.9 4.51313e-07 9.40818999999999e-07 1.53927e-06 2.44249875398646e-06 1.25119e-05
3.75 999.9 1.05612e-06 2.11378e-06 3.35102e-06 5.30996574464632e-06 2.3063e-05
4 999.9 2.39594420506041e-06 4.76727030207883e-06 6.86264766394213e-06 1.1226367266296e-05 4.15196e-05
4.25 999.9 5.33209e-06 1.04377627519276e-05 1.40030041583872e-05 2.37331674885857e-05 7.46596e-05
4.5 999.9 1.15835e-05 2.19173908584179e-05 2.92052e-05 4.89427773203623e-05 0.000133942
4.75 999.9 2.44373e-05 4.31526161808857e-05 5.55957e-05 9.75142111120978e-05 0.000238311
5 999.9 4.83084511378843e-05 8.20984692174771e-05 0.000103154804236975 0.000188628 0.000408192
5.25 999.9 8.59693000000001e-05 0.000149323779513431 0.000186425 0.000329599931644782 0.000678008
5.5 999.9 0.000137615 0.000251286531841065 0.000324679 0.000531684866728333 0.00105697
5.75 999.9 0.000203207 0.000393291396987711 0.000521606 0.000804594110040559 0.00153053
6 999.9 0.000284688 0.000565384963653176 0.000787502444871167 0.00115462 0.00211368
6.25 999.9 0.000388789 0.00077758 0.00114765307320236 0.00163729 0.00285588
6.5 999.9 0.00052224 0.00104448 0.00164302 0.00227329 0.00380484
6.75 999.9 0.000689409 0.00137882 0.00224489197026283 0.00308871 0.00499167
7 999.9 0.000904633 0.00182870797146348 0.00308695870736359 0.00415634 0.00652022
7.25 999.9 0.00119281 0.00247840982934158 0.00422929 0.00560451 0.00857159
7.5 999.9 0.00156724 0.00337425735547678 0.00554024281886126 0.00751425 0.0112473
7.75 999.9 0.00203461 0.00452411201474282 0.00726989917102378 0.00994245 0.0146103
