Var1 Var2 Var3 Var4 Var5 Var6 Var7
3 9.3 2.18977360362248e-05 2.38249e-05 2.74968e-05 2.88757e-05 3.33313e-05
3.25 9.3 4.57224654805875e-05 5.10244e-05 5.77354e-05 6.11352e-05 6.77868e-05
3.5 9.3 9.51738165504452e-05 0.000108822 0.000120863 0.000128975 0.000137989
3.75 9.3 0.000198324358215664 0.000231218350859859 0.000253355 0.00027227 0.000282474
4 9.3 0.000410234126396527 0.000488714270673694 0.000527674 0.0005707 0.000576982
4.25 9.3 0.000839304570723731 0.00102057788046048 0.00108847 0.00116348 0.00119263
4.5 9.3 0.0016818953190114 0.00208698233603761 0.00220135 0.0023267 0.00242409
4.75 9.3 0.00336127307489251 0.00423552436832844 0.00443493 0.00464533 0.00490923
5 9.1 0.00667523796881067 0.00852624216757191 0.00886045 0.00920869 0.00986182
5.25 7.2 0.0146730070017139 0.0191313654715634 0.019737 0.0203645 0.0221326
5.5 5.6 0.0291152922232428 0.0390582969318022 0.039986 0.0409226 0.0450155
5.75 4.2 0.0489023426939757 0.0691300211420216 0.0703031 0.0714138 0.079554
6 2.9 0.0688074305077028 0.106322839300725 0.107672 0.108811 0.123896
6.25 1.9 0.0852241240675639 0.14751642056548 0.149116 0.150336 0.177495
6.5 1.1 0.101832195066776 0.197693666085733 0.199904 0.201448 0.249143
6.75 0.6 0.122374201767535 0.262524622473196 0.265477 0.267648 0.347103
7 0.2 0.147683601712899 0.342362192493273 0.346442 0.34949 0.472323
7.25 0 0.172185477865583 0.422686062358816 0.427981 0.431972 0.603003
7.5 0 0.188422099599099 0.482849908652817 0.489162 0.493904 0.7064
7.75 0 0.197233973019691 0.521905076747918 0.528982 0.53425 0.778102
3 9.5 2.14557203843325e-05 2.33303e-05 2.69195e-05 2.82644e-05 3.26314e-05
3.25 9.5 4.4834245182165e-05 4.99995e-05 5.65631e-05 5.98807000000001e-05 6.64113999999999e-05
3.5 9.5 9.34025373070078e-05 0.000106712 0.000118496 0.000126415 0.000135289
3.75 9.5 0.000194366277602736 0.000226378863619976 0.000248024 0.000266459 0.000276532
4 9.5 0.000401556707994579 0.000477822438618799 0.000515861 0.000557722 0.000564062
4.25 9.5 0.00082208877856802 0.000998326901343302 0.00106464 0.00113783 0.00116621
4.5 9.5 0.00164908251450799 0.00204335127364895 0.0021551 0.00227745 0.00237229
4.75 9.5 0.0033011583402754 0.00415380886340838 0.00434896 0.00455468 0.00481202
5 9.3 0.00656082519580203 0.00836922248177894 0.0086967 0.00903728 0.00967488
5.25 7.5 0.0144337001468787 0.0187941981966575 0.019388 0.0200022 0.0217272
5.5 5.9 0.0286573224603791 0.0384062094218662 0.0393177 0.0402363 0.0442356
5.75 4.6 0.0488327826323372 0.0690057126508457 0.0701795 0.071288 0.0793865
6 3.6 0.070612313278386 0.109117503213655 0.110505 0.111681 0.127152
6.25 2.8 0.0895358357135479 0.154942127966571 0.156696 0.157985 0.186533
6.5 2.3 0.108094585579173 0.209979302021153 0.212233 0.213878 0.264536
6.75 2.1 0.129196387622239 0.277179675339471 0.280305 0.282599 0.366517
7 2 0.152738903027442 0.354337521532485 0.358313 0.361471 0.488536
7.25 2 0.173827962197852 0.426878782780415 0.432233 0.436267 0.60902
7.5 2 0.187877450374598 0.480977959734098 0.487743 0.492475 0.704365
7.75 2 0.196050322337612 0.5193402865675 0.5258 0.531036 0.773432
3 10.5 1.94910321987751e-05 2.11596e-05 2.4365e-05 2.55611e-05 2.95381e-05
3.25 10.5 4.0453255643516e-05 4.53298e-05 5.12257e-05 5.41769e-05 6.01513e-05
3.5 10.5 8.50198196665018e-05 9.6771e-05 0.000107356 0.000114396 0.00012258
3.75 10.5 0.000176581328089444 0.000204674536560897 0.000224162 0.000240493 0.000249942
4 10.5 0.000364543255341841 0.000431468803372606 0.000465602 0.000502553 0.000509112
4.25 10.5 0.000752261457789798 0.000908018255781083 0.000967908 0.0010334 0.00105897
4.5 10.5 0.00152414538916495 0.00187422546053778 0.0019779 0.00208869 0.00217374
4.75 10.5 0.00305736190227074 0.00382191003856318 0.00399983 0.00418621 0.00441707
5 10.3 0.00606744623725353 0.00769419912306343 0.0079925 0.00830061 0.00887191
5.25 8.8 0.0130334760830327 0.0168711224304234 0.0173999 0.0179416 0.0194436
5.5 7.5 0.0257275249705784 0.0343024850481105 0.0351153 0.0359253 0.0394049
5.75 6.5 0.0448705859983202 0.0633112327613157 0.0643991 0.0654159 0.0727423
6 5.8 0.0677655147045389 0.104798571356344 0.106113 0.107258 0.122073
6.25 5.4 0.0888522374169389 0.153947269080154 0.155662 0.156968 0.185385
6.5 5.1 0.10886003583666 0.211707113176177 0.213905 0.215589 0.266763
6.75 5 0.12964095333809 0.277906873703433 0.281244 0.283566 0.367902
7 5 0.150252619220805 0.347951883824444 0.352389 0.355502 0.480594
7.25 5 0.168219474953565 0.412591099427662 0.418147 0.422053 0.589279
7.5 5 0.181320758852461 0.464595899004191 0.470697 0.475266 0.679826
7.75 5 0.190239893779665 0.503892782422444 0.510172 0.515255 0.750504
3 13.6 1.49291280250732e-05 1.61562e-05 1.84871e-05 1.93542e-05 2.24234e-05
3.25 13.6 3.12016921524095e-05 3.4417e-05 3.8781e-05 4.09133e-05 4.55637e-05
3.5 13.6 6.497546137331e-05 7.32874e-05 8.10992e-05 8.61674e-05 9.26464e-05
3.75 13.6 0.000134965800267793 0.000154679575205924 0.000169173 0.000180876 0.000188704
4 13.6 0.000279080303573748 0.000326068188612416 0.000351472 0.000377862 0.000384408
4.25 13.6 0.000585786954179093 0.00069690685435579 0.000742104 0.000790897 0.000809884
4.5 13.6 0.00120903118629383 0.00146358017853545 0.00154299 0.00162637 0.00168991
4.75 13.6 0.00242559609216217 0.00298481597719933 0.00312075 0.00326052 0.00343149
5 13.5 0.00479382410846629 0.00599343518205018 0.00622078 0.00645076 0.00687131
5.25 12.3 0.00994546801353062 0.0127086229343379 0.0130992 0.0134896 0.0145507
5.5 11.4 0.0191650313573724 0.0253223683412718 0.0259205 0.0265004 0.0289391
5.75 10.8 0.0331642690948221 0.0466746514829925 0.0474973 0.0482461 0.0535129
6 10.4 0.0514828926521318 0.0796750676592176 0.0807646 0.0816676 0.0929127
6.25 10.2 0.0713027962785757 0.123811241896826 0.125275 0.126383 0.149399
6.5 10.1 0.0915047972078541 0.178168914605887 0.180207 0.181688 0.225095
6.75 10 0.111094292926709 0.238642142488832 0.24145 0.243491 0.316248
7 10 0.130143934249886 0.301825843994086 0.305534 0.308264 0.417063
7.25 10 0.148297618455834 0.36378961045983 0.368793 0.372253 0.520032
7.5 10 0.163115297679896 0.418246903018505 0.423361 0.427478 0.611699
7.75 10 0.174205698103316 0.460730052220532 0.467066 0.471725 0.687262
3 22.1 8.61331812788859e-06 9.24551000000001e-06 1.04585e-05 1.09055e-05 1.27154e-05
3.25 22.1 1.79403373357437e-05 1.9505e-05 2.18366e-05 2.29325e-05 2.57163e-05
3.5 22.1 3.72121942886834e-05 4.13022e-05 4.54541e-05 4.80437e-05 5.2043e-05
3.75 22.1 7.76630038938145e-05 8.76841729038982e-05 9.51654000000001e-05 0.000101153 0.000106363
4 22.1 0.000161713127589531 0.000184803459327593 0.000198822 0.000212346 0.000217816
4.25 22.1 0.000337578011348331 0.000391996035901692 0.000416816 0.000442372 0.000454006
4.5 22.1 0.000696124915550515 0.000821413453716945 0.000864618 0.000907933 0.000943544
4.75 22.1 0.00140723185635304 0.00168769837488407 0.00176197 0.00183465 0.00192755
5 22 0.00279055357258309 0.00341474435461948 0.00353376 0.00365343 0.00387891
5.25 21.3 0.00556094757312605 0.00697254106622188 0.00718129 0.00737734 0.00791992
5.5 20.8 0.0104620960675339 0.0136891772996548 0.0140139 0.0143083 0.0155596
5.75 20.4 0.0180874750458557 0.0253730257134703 0.0258747 0.0262785 0.0290961
6 20.2 0.0286079603132976 0.0444080729422251 0.0450821 0.0456151 0.0519497
6.25 20.1 0.0415449889826707 0.0724607089716519 0.0734311 0.0741462 0.0878942
6.5 20 0.0562649623447518 0.109948634570669 0.111355 0.112355 0.139653
6.75 20 0.0721107732327128 0.155213643098938 0.157205 0.158612 0.206616
7 20 0.0893094684949625 0.207003502440615 0.209952 0.211887 0.287344
7.25 20 0.10713100889582 0.262893531602816 0.266442 0.268979 0.376413
7.5 20 0.123602 0.316240455233669 0.320632 0.323772 0.463867
7.75 20 0.137697 0.364400733767839 0.369076 0.37277 0.543566
3 31.4 5.61190459906582e-06 5.97338000000001e-06 6.69858e-06 6.96740000000001e-06 8.17089e-06
3.25 31.4 1.17411812073222e-05 1.26242e-05 1.40497e-05 1.47036e-05 1.66028e-05
3.5 31.4 2.44563659329375e-05 2.68268e-05 2.93782e-05 3.09354e-05 3.37465e-05
3.75 31.4 5.07496679477064e-05 5.66817e-05 6.11681e-05 6.47539e-05 6.85727e-05
4 31.4 0.000105248511039218 0.000118437735636089 0.00012728 0.00013535 0.000139812
4.25 31.4 0.000218863368530225 0.000250208707966559 0.000265753 0.000281076 0.000289787
4.5 31.4 0.000451203747292525 0.000523846398973512 0.000551 0.000576891 0.000601293
4.75 31.4 0.000919382007245855 0.00108508267881603 0.00113213 0.00117576 0.00123725
5 31.3 0.00183471526538798 0.00220901015011707 0.0022889 0.00236113 0.00250782
5.25 30.9 0.00362081845999189 0.0044893062801267 0.00462294 0.00474069 0.0050869
5.5 30.5 0.00677957228451022 0.00881734600758486 0.00902996000000001 0.00921005 0.0100113
5.75 30.3 0.0116424 0.0163395726537795 0.0166594 0.0169157 0.0187416
6 30.1 0.0184692 0.0287872875005901 0.0292192 0.0295752 0.0337498
6.25 30.1 0.0273072 0.0478011504810002 0.0485098 0.0490116 0.0582685
6.5 30 0.0378609 0.0742267485268343 0.0752757 0.0759937 0.09476
6.75 30 0.049923 0.107709659793537 0.109217 0.11024 0.144036
7 30 0.0637181 0.148059446026492 0.15015 0.151572 0.206076
7.25 30 0.0786825 0.193223348376818 0.196001 0.197896 0.277499
7.5 30 0.0938371 0.23977671280373 0.243685 0.246091 0.353121
7.75 30 0.108635 0.287017120297069 0.291312 0.294236 0.429551
3 41.1 4.19397223859728e-06 4.42842e-06 4.93044e-06 5.17062999999999e-06 5.99803e-06
3.25 41.1 8.70153747520501e-06 9.26776e-06 1.02601e-05 1.07066e-05 1.21688e-05
3.5 41.1 1.79673610015369e-05 1.95181e-05 2.12815e-05 2.23398e-05 2.45357e-05
3.75 41.1 3.73806068910982e-05 4.13387e-05 4.44523e-05 4.69063e-05 5.00028e-05
4 41.1 7.78312735695319e-05 8.65098689298681e-05 9.29113e-05 9.84745e-05 0.000102377
4.25 41.1 0.000160983930508565 0.000181804300282126 0.00019303 0.00020358 0.000210959
4.5 41.1 0.00033090839435234 0.000379564171606886 0.000399154 0.000416919 0.000436185
4.75 41.1 0.000672549 0.000785277216437568 0.000819239 0.000849085 0.000895839
5 41 0.00133776 0.00159713420062882 0.00165489 0.00170422 0.00181315
5.25 40.6 0.00262316 0.0032346796886796 0.00333163 0.00341194 0.00366483
5.5 40.4 0.00488957 0.00634905478818507 0.00650559 0.00663002 0.00721304
5.75 40.2 0.00843805 0.0118583099604667 0.0121015 0.0122845 0.013629
6 40.1 0.0135067 0.0210876963013415 0.0214612 0.0217261 0.0248452
6.25 40 0.0200582 0.0352449111806108 0.0358129 0.0361964 0.0431471
6.5 40 0.0280301 0.0551493550938209 0.0559973 0.0565537 0.0707178
6.75 40 0.0374811 0.0810964205878561 0.0823251 0.083122 0.1089
7 40 0.0484985 0.112908675110255 0.114623 0.115734 0.157732
7.25 40 0.0607773 0.149400137750649 0.151692 0.15318 0.215235
7.5 40 0.073939 0.189286718611532 0.192228 0.194141 0.279034
7.75 40 0.0878165 0.232004803002178 0.235663 0.238038 0.34798
3 50.9 3.26192e-06 3.46972021555177e-06 3.78439e-06 4.02376384962445e-06 4.60056812377735e-06
3.25 50.9 6.74791999999999e-06 7.21109102089357e-06 7.82183e-06 8.28306e-06 9.31802e-06
3.5 50.9 1.37796e-05 1.49475e-05 1.61144e-05 1.71472e-05 1.87762e-05
3.75 50.9 2.86388e-05 3.14643e-05 3.37439e-05 3.5705e-05 3.84987186960532e-05
4 50.9 5.9675e-05 6.663953478869e-05 7.07764e-05 7.48343e-05 7.94587345728617e-05
4.25 50.9 0.000123083 0.000139538617952692 0.000146853 0.000154571 0.000163698656318444
4.5 50.9 0.000253777 0.000291541439329712 0.000304307 0.00031732 0.000338197712255185
4.75 50.9 0.000518690630176446 0.000604646 0.000628700000000002 0.000655399 0.000695288
5 50.8 0.00103625821231406 0.00123201 0.00127723 0.0013238365040433 0.00140533
5.25 50.5 0.00203177 0.00249662692916924 0.00257096 0.00264849 0.00283761
5.5 50.3 0.00379192 0.0049113030508008 0.00503565 0.00515375 0.00559118
5.75 50.2 0.0065966 0.00925249817760261 0.00943115 0.00963503 0.0106399
6 50.1 0.0106545058985743 0.0166029 0.0168493 0.0172321230169571 0.0195453
6.25 50 0.0158730762760998 0.0278433 0.0283658 0.028957350106806 0.0342171
6.5 50 0.022292175384021 0.0437641 0.044701 0.0458086607279053 0.0568173
6.75 50 0.0300035774457097 0.064751 0.0664578000000001 0.0685112389354712 0.0890346
7 50 0.0391115796754452 0.0907784 0.0935699000000001 0.0975006610055446 0.131789
7.25 50 0.0495960208291816 0.121494 0.125281 0.133033980048855 0.18533
7.5 50 0.0612882582044752 0.156309 0.161246000000001 0.175239 0.24961
7.75 50 0.0741236149790892 0.195003 0.201254000000001 0.224699378253383 0.325376
3 70.6 2.15564e-06 2.44977363028721e-06 2.93806000000001e-06 3.49697e-06 3.95655e-06
3.25 70.6 4.48823e-06 5.12919e-06 6.07846000000001e-06 7.24785e-06 8.0471589386254e-06
3.5 70.6 9.36517533981086e-06 1.05878e-05 1.23879e-05 1.49733e-05 1.63614989885037e-05
3.75 70.6 1.92448596661227e-05 2.17080799571993e-05 2.51790000000001e-05 3.10688e-05 3.37337270239619e-05
4 70.6 3.97410916612505e-05 4.55070718892004e-05 5.25242000000002e-05 6.47323e-05 7.00426429345345e-05
4.25 70.6 8.25862511894921e-05 9.57008794881168e-05 0.000110117000000001 0.000135711 0.000146369968971463
4.5 70.6 0.000171547415708786 0.000200991815022142 0.000230463000000001 0.000284654 0.00030622889027341
4.75 70.6 0.000351530289517767 0.000417433693322802 0.000475663000000002 0.000590492 0.000629820063757284
5 70.6 0.000704532796617094 0.000853298611430117 0.000960460000000006 0.00120597 0.00129227
5.25 70.4 0.00139109567981707 0.00173433519018096 0.00191788 0.00244389 0.00263582
5.5 70.2 0.00261071103432149 0.00342587162813202 0.00368459000000001 0.00482134 0.00525643
5.75 70.1 0.00454313257610774 0.00638667711019412 0.00666256000000012 0.00907957 0.0100864
6 70.1 0.00734173299818581 0.0114204 0.0119119000000005 0.0163199 0.0186881
6.25 70 0.0110598304396733 0.0193719 0.0201405000000013 0.0277322 0.0331126
6.5 70 0.0157053672248098 0.0307993 0.031968000000003 0.0442541 0.0554431
6.75 70 0.021302819043681 0.0459192 0.0476303000000056 0.066359 0.0871062
7 70 0.0280182113156132 0.0649413 0.0673555000000094 0.0945998 0.129162
7.25 70 0.0360801964827803 0.0882411 0.0915423000000141 0.129889 0.182794
7.5 70 0.0454313996456724 0.115625 0.12002600000002 0.172458 0.248133
7.75 70 0.0561219519114565 0.147356 0.15300700000004 0.223162 0.326536
3 100.4 1.4589e-06 1.63974e-06 2.41818000000007e-06 3.19655e-06 3.56523228009322e-06
3.25 100.4 3.00158e-06 3.39737e-06 4.86007000000018e-06 6.58594000000001e-06 7.24019869371647e-06
3.5 100.4 6.08591e-06 7.01563000000001e-06 9.74817000000068e-06 1.35251e-05 1.46972614318936e-05
3.75 100.4 1.25218088642564e-05 1.44752e-05 1.97090000000011e-05 2.79431e-05 3.00922218624647e-05
4 100.4 2.60046277622708e-05 3.00301888737291e-05 4.02565000000028e-05 5.81735e-05 6.21248164511675e-05
4.25 100.4 5.43419524048357e-05 6.37727e-05 8.36291000000061e-05 0.000122821 0.000130680880998427
4.5 100.4 0.000113822514426344 0.000133024 0.000175087000000013 0.00026054 0.000278239840461669
4.75 100.4 0.000235664829052848 0.00028027 0.000364233000000027 0.000547495 0.000586737214667232
5 100.4 0.000478369488691221 0.000574272700331979 0.000749209000000081 0.00113418 0.0012103
5.25 100.3 0.000951500145592699 0.00118059862213373 0.0015338000000001 0.00233024 0.00250421
5.5 100.2 0.00180236295018404 0.00235615088290269 0.00307203000000014 0.00465715 0.00506226
5.75 100.1 0.00315608162059476 0.00447189038588426 0.00590758000000006 0.00884939 0.00980999
6 100 0.00512826065924522 0.00808209578306222 0.0101501648034651 0.0160067 0.0183077
6.25 100 0.00781059076559988 0.0138594761858402 0.0161814 0.0274628 0.032776
6.5 100 0.0112149017082324 0.0220781 0.0262637000000003 0.0441563 0.0553183
6.75 100 0.01539967015002 0.0327699524880121 0.0396127000000018 0.0666412 0.0874885
7 100 0.0205323228762581 0.0469741874941453 0.0567687000000039 0.0955201 0.130439
7.25 100 0.0268077910562839 0.0646962462159029 0.0781898000000086 0.131558 0.185158
7.5 100 0.0343214260559092 0.0861837440021052 0.104180000000011 0.175263 0.25221
7.75 100 0.0431083170233709 0.111615615446949 0.134963000000015 0.227002 0.33209
3 130.3 1.20675e-06 1.35302e-06 1.98556000000006e-06 2.6203e-06 2.95279445872694e-06
3.25 130.3 2.47351e-06 2.755e-06 3.97103000000015e-06 5.36434e-06 5.96998647644774e-06
3.5 130.3 4.98575e-06 5.68541e-06 7.92449000000036e-06 1.09493e-05 1.20609526682976e-05
3.75 130.3 1.01503e-05 1.17066e-05 1.59879000000009e-05 2.25591e-05 2.46004983254421e-05
4 130.3 2.11822856607549e-05 2.43185142944885e-05 3.26932000000021e-05 4.70054e-05 5.07796667023559e-05
4.25 130.3 4.49766389745278e-05 5.1824233757508e-05 6.82925000000047e-05 9.97914999999999e-05 0.000107230898756692
4.5 130.3 9.49993420351649e-05 0.000110066 0.00014435200000001 0.000213773 0.000230426925541962
4.75 130.3 0.000199180413136388 0.00023338 0.000304402000000023 0.000455578 0.000492357421069254
5 130.3 0.000408115093437725 0.000488964 0.000635145000000045 0.00095784 0.00102345373657045
5.25 130.2 0.000819514822776137 0.00101466156888952 0.00131598000000008 0.00199235 0.00213346
5.5 130.1 0.0015653466498685 0.00204017857406723 0.00266596000000011 0.00402694 0.00436463
5.75 130.1 0.00276252432908669 0.00390907450446558 0.00518344000000003 0.00773156 0.00855426
6 130 0.00451918354295969 0.00712140056060993 0.0089561623793383 0.0141038 0.0161151
6.25 130 0.00694774999999999 0.0123100489373351 0.0144517217719523 0.0243982 0.0291094
6.5 130 0.010018771470455 0.0197446 0.0236278000000001 0.0394891 0.0494748
6.75 130 0.0138561656290563 0.029567086859042 0.0358873000000013 0.0600208 0.0788135
7 130 0.0185934805586584 0.0426421210729944 0.0517395000000033 0.086557 0.118224
7.25 130 0.024393353932245 0.0589866310228127 0.0715656000000059 0.119731 0.168523
7.5 130 0.0314572 0.0789523520381737 0.0957941000000092 0.160259 0.230544
7.75 130 0.0397362353246943 0.103001328612683 0.124996000000013 0.209087 0.305773
3 200.2 8.03026859958532e-07 9.25247e-07 1.33606000000005e-06 1.77292e-06 2.05202e-06
3.25 200.2 1.64534e-06 1.89804010133485e-06 2.67566000000012e-06 3.62015e-06 4.14425e-06
3.5 200.2 3.37225e-06 3.84321380809764e-06 5.34435000000028e-06 7.37411999999999e-06 8.34341e-06
3.75 200.2 6.95342000000001e-06 7.88716255386626e-06 1.07434000000007e-05 1.51059e-05 1.689e-05
4 200.2 1.44162e-05 1.63539439658935e-05 2.20637000000016e-05 3.15725e-05 3.48949e-05
4.25 200.2 3.09306402381678e-05 3.54126011774509e-05 4.70238000000033e-05 6.83546e-05 7.47294e-05
4.5 200.2 6.84029162363169e-05 7.76438882861968e-05 0.000102344000000008 0.000150798 0.00016321
4.75 200.2 0.000147795357657969 0.000169669781673384 0.000222697000000017 0.000331764 0.000356233589074748
5 200.2 0.000313066443976609 0.000367225496333978 0.000479894000000035 0.000720643 0.000771660831232015
5.25 200.1 0.000643355027015883 0.000781144863634881 0.00102217000000006 0.00154027 0.00164762790537531
5.5 200.1 0.00125102022848787 0.00161445438303422 0.00212253000000008 0.00318573 0.00342934
5.75 200 0.00227151713340931 0.00319473995439966 0.00427677 0.00632232 0.00696375
6 200 0.00380658755547607 0.00598376315426487 0.00751968959445569 0.0118519 0.0135102
6.25 200 0.00586922740766029 0.0104133313235614 0.01229395507902 0.0206358 0.0245976
6.5 200 0.00851186668157209 0.016765 0.020214 0.03353 0.0419993
6.75 200 0.0118346052412177 0.0249000026595005 0.0310410000000006 0.0511984 0.0672221
7 200 0.0159618809562751 0.0360483242334144 0.044907700000002 0.0741082 0.101182
7.25 200 0.0210427954990092 0.050020290433625 0.0622873000000033 0.102821 0.144587
7.5 200 0.0272614686398792 0.0672660759687488 0.0837429000000054 0.138264 0.198607
7.75 200 0.0350417001924441 0.0889629657709733 0.11074100000001 0.182857 0.266743
3 300.1 4.45160808325374e-07 5.11584e-07 7.45803000000035e-07 9.97787e-07 1.18521e-06
3.25 300.1 9.19216344806415e-07 1.05756e-06 1.51315000000007e-06 2.05347e-06 2.41507e-06
3.5 300.1 1.89843144617907e-06 2.18459e-06 3.06259000000017e-06 4.21963e-06 4.90786e-06
3.75 300.1 3.908571742272e-06 4.46175e-06 6.16659000000058e-06 8.62803e-06 9.91691999999999e-06
4 300.1 8.29030545667255e-06 9.38852e-06 1.28327000000009e-05 1.82293e-05 2.07014e-05
4.25 300.1 1.86538e-05 2.09561e-05 2.83379000000021e-05 4.08308e-05 4.58204e-05
4.5 300.1 4.3166e-05 4.86931e-05 6.47235000000049e-05 9.44601999999999e-05 0.000104805
4.75 300.1 9.95610930532569e-05 0.000113510994972449 0.000148887000000011 0.000219654 0.000241141
5 300.1 0.000223187035055424 0.000256429 0.000339225000000036 0.000504363 0.000548444
5.25 300.1 0.000480209706520022 0.00057324574103911 0.000759751000000044 0.00113259 0.00122162
5.5 300.1 0.000970739723963811 0.00122725660001153 0.00164888000000005 0.00244449 0.00263812580283447
5.75 300 0.00181862836076708 0.00253599225460266 0.00339965 0.00502131 0.00550417
6 300 0.00312172277219545 0.00487661933360834 0.00616602098660843 0.00966117 0.0109758
6.25 300 0.00493918667232203 0.00871765196210221 0.0103771 0.0172768 0.0205428
6.5 300 0.00731526403234426 0.0143345 0.0175458 0.028669 0.0358363
6.75 300 0.0102653869474407 0.0216311784137317 0.0272866 0.0441555 0.0578583
7 300 0.0139530430921598 0.0307324317274934 0.0397323000000008 0.0643418 0.0876502
7.25 300 0.0186493 0.0430907470661297 0.0556682000000022 0.0901944 0.126495
7.5 300 0.0243898927033337 0.058528842461249 0.0755707000000041 0.122487 0.175377
7.75 300 0.0316626854160521 0.0780614544700843 0.100750000000006 0.163343 0.237352
3 500.1 5.13250348993034e-08 5.93869000000001e-08 8.7971900000004e-08 1.18383e-07 1.44903e-07
3.25 500.1 1.37466590570766e-07 1.58828e-07 2.32918000000013e-07 3.15975e-07 3.8402e-07
3.5 500.1 3.65966649535534e-07 4.21857e-07 6.12111000000033e-07 8.38133e-07 1.01007e-06
3.75 500.1 9.70173956041339e-07 1.11811e-06 1.60056000000009e-06 2.21429e-06 2.64276e-06
4 500.1 2.46933790718598e-06 2.84382e-06 4.00746000000024e-06 5.60484e-06 6.61824e-06
4.25 500.1 5.8670977826462e-06 6.74081999999999e-06 9.3575600000006e-06 1.32343e-05 1.54526e-05
4.5 500.1 1.33357691574459e-05 1.52239e-05 2.09041000000014e-05 2.98786e-05 3.44934e-05
4.75 500.1 2.97603967738407e-05 3.38592e-05 4.5840900000003e-05 6.61146e-05 7.54984999999999e-05
5 500.1 6.50157e-05 7.44811831292431e-05 0.000100114000000006 0.000145238 0.000164315
5.25 500.1 0.000136677056532757 0.000160083498616243 0.000218282000000009 0.000316772 0.000355212
5.5 500 0.000276023033869918 0.00034697 0.000476340000000006 0.000685699 0.000763879
5.75 500 0.00053030428481892 0.000724932929772981 0.000955050198347639 0.00144891 0.0016064
6 500 0.000957560551375348 0.00148256894564465 0.00189630419424906 0.00293805 0.00332322
6.25 500 0.00160976180153124 0.00281865642815828 0.00347679 0.00558706 0.00661964
6.5 500 0.00252462881775255 0.00490859 0.0061163 0.00981722 0.0122326
6.75 500 0.00375649760117225 0.00792207 0.0101691 0.0160228 0.0209287
7 500 0.00534080209140151 0.0116679770272699 0.0154681 0.0243947 0.0331201
7.25 500 0.00732725031969449 0.0161947916639478 0.0224017 0.0351213 0.0490696
7.5 500 0.00983852593507963 0.0224975654377289 0.0312086000000001 0.0487857 0.0695465
7.75 500 0.0129410074671454 0.0303541593149082 0.0420673000000009 0.0657975 0.0951285
3 700.1 2.47150119220815e-08 2.91936438164816e-08 4.34412000000019e-08 5.83207e-08 7.27854e-08
3.25 700.1 6.63354087349271e-08 7.82728609841599e-08 1.15835000000005e-07 1.56272e-07 1.94096e-07
3.5 700.1 1.77283588543051e-07 2.08868427029517e-07 3.06994000000013e-07 4.1663e-07 5.14391e-07
3.75 700.1 4.72697782398338e-07 5.55078546308481e-07 8.10608000000039e-07 1.10779e-06 1.35782e-06
4 700.1 1.20872870374736e-06 1.42069633482105e-06 2.0517400000001e-06 2.82568e-06 3.43444e-06
4.25 700.1 2.89124515304138e-06 3.38594878540794e-06 4.84748000000024e-06 6.73061e-06 8.10621e-06
4.5 700.1 6.62155297626153e-06 7.74344275547892e-06 1.09627000000006e-05 1.53394e-05 1.83e-05
4.75 700.1 1.4879474666693e-05 1.73597928259498e-05 2.43399000000011e-05 3.42703e-05 4.0506e-05
5 700.1 3.3296539090284e-05 3.84656e-05 5.3795000000002e-05 7.59785000000001e-05 8.90359e-05
5.25 700 7.21781e-05 8.39490552403745e-05 0.000118564000000002 0.00016708 0.000194358
5.5 700 0.000147042416050306 0.000182596722473472 0.000255842736185647 0.000364194 0.000421131
5.75 700 0.0002840955799596 0.000386934 0.000514323 0.000773869 0.000890832
6 700 0.000515477771425267 0.000788374288757932 0.00102512 0.00157648 0.00180861
6.25 700 0.000870482131385202 0.00150947744496038 0.00182088000000003 0.00300968 0.00355713
6.5 700 0.00137126455929263 0.00265372 0.00329914 0.00530744 0.00659829
6.75 700 0.00204987736475323 0.00429863 0.00566409789474769 0.00869311000000001 0.0113293
7 700 0.00292918073350407 0.00657006 0.00873486 0.0132852 0.0179938
7.25 700 0.00404128486108537 0.00913124531938895 0.0126135 0.0192059 0.0267627
7.5 700 0.00546479344153526 0.0123233897405655 0.0175857 0.0268032 0.0380951
7.75 700 0.00721849789852768 0.0163062775274527 0.0238254 0.0363443 0.0523653
3 999.9 9.90698204004456e-09 1.21610260112462e-08 1.83589000000004e-08 2.43123e-08 3.11527e-08
3.25 999.9 2.66107095800536e-08 3.26560072886536e-08 4.91917000000011e-08 6.52684000000001e-08 8.34552999999999e-08
3.5 999.9 7.12020609795499e-08 8.73396766937104e-08 1.31171000000003e-07 1.74486e-07 2.22447e-07
3.75 999.9 1.90273971673642e-07 2.33242566718111e-07 3.48951000000009e-07 4.65652e-07 5.91369e-07
4 999.9 4.87971397374186e-07 5.97365133642945e-07 8.90942000000023e-07 1.19332e-06 1.50837e-06
4.25 999.9 1.17133828543548e-06 1.43194625407007e-06 2.12587000000005e-06 2.85856e-06 3.59337e-06
4.5 999.9 2.69422329753617e-06 3.28807958523098e-06 4.85888000000011e-06 6.55698e-06 8.19307999999999e-06
4.75 999.9 6.08170932154393e-06 7.40760439313416e-06 1.09068000000002e-05 1.47507e-05 1.83173e-05
5 999.9 1.367665198951e-05 1.66213458646043e-05 2.43643000000001e-05 3.29312e-05 4.0647e-05
5.25 999.9 3.01902798706525e-05 3.65366474540551e-05 5.26734e-05 7.28971e-05 8.94801e-05
5.5 999.9 6.48534e-05 7.99254e-05 0.000112737 0.00015985 0.000195265
5.75 999.9 0.000125701 0.000170745 0.000239863 0.000341489 0.000415455
6 999.9 0.00022879 0.000349109719287669 0.000457581 0.000698958 0.000847484
6.25 999.9 0.000387598 0.0006664401116211 0.000818758000000011 0.00134014 0.00162033
6.5 999.9 0.000612706 0.00118229192957702 0.00147187629000809 0.00237299 0.00294245
6.75 999.9 0.000919466 0.00187829685675308 0.00252535936863672 0.00390281 0.00507289
7 999.9 0.00131969 0.00288748014399 0.00402793696615814 0.00599044 0.00809086
7.25 999.9 0.00183001 0.004200628298671 0.005984076981926 0.00870133 0.0120878
7.5 999.9 0.00248735 0.00589620330751094 0.00841852673272021 0.0122076 0.0172914
7.75 999.9 0.00331739 0.00794028581537819 0.0114896 0.0166519 0.0239003
