Var1 Var2 Var3 Var4 Var5 Var6 Var7
3 9.3 4.83316036613438e-06 5.34953000000001e-06 6.29277e-06 6.65765e-06 7.79759000000001e-06
3.25 9.3 9.9740440777301e-06 1.13978e-05 1.31165e-05 1.40231e-05 1.57065e-05
3.5 9.3 2.0467255418457e-05 2.4136e-05 2.71989e-05 2.93782e-05 3.15889e-05
3.75 9.3 4.20884529963049e-05 5.08966385540535e-05 5.65474000000001e-05 6.16796e-05 6.39519e-05
4 9.3 8.57392742573371e-05 0.000106911560722087 0.000116543 0.000127667 0.000129466
4.25 9.3 0.000172031596551816 0.000220548169403585 0.000236833 0.000255 0.000265062
4.5 9.3 0.000336507929180237 0.000443958595570163 0.000470838 0.000499965 0.000530744
4.75 9.3 0.00066449359807161 0.000898769306010046 0.000943742 0.000991325 0.00107155
5 9.1 0.00130117476465301 0.00180863805293194 0.00188466 0.00196366 0.00215747
5.25 7.2 0.0028829762834465 0.00415479583710377 0.00430565 0.00446208 0.00499523
5.5 5.6 0.00578086997978034 0.00848616288668729 0.00874919 0.00902123 0.0102724
5.75 4.2 0.0101703088406794 0.0148323610935256 0.0152028 0.0155831 0.0179308
6 2.9 0.0158411050123294 0.0227328930729723 0.0231507 0.0235688 0.0271384
6.25 1.9 0.0224896523227793 0.032557851457683 0.0329607 0.0333391 0.0382461
6.5 1.1 0.030564927022184 0.0468362483891589 0.0472167 0.0475313 0.0548053
6.75 0.6 0.0403956594856223 0.068258988259938 0.0686635 0.0689429 0.0813927
7 0.2 0.0523358622036319 0.0989175612863177 0.0994879 0.0998112 0.122637
7.25 0 0.0643526562085897 0.134980469164505 0.135743 0.136212 0.17526
7.5 0 0.0733576647652173 0.167293155187524 0.168335 0.169008 0.226931
7.75 0 0.0792521875289001 0.192552024919513 0.193861 0.194733 0.270672
3 9.5 4.72459505082558e-06 5.22686e-06 6.14694e-06 6.50242000000001e-06 7.61744e-06
3.25 9.5 9.75566525170642e-06 1.11418e-05 1.28195e-05 1.3703e-05 1.53515e-05
3.5 9.5 2.00312760026696e-05 2.36064e-05 2.65972e-05 2.87222e-05 3.08918e-05
3.75 9.5 4.11393786944294e-05 4.97841854743223e-05 5.52217e-05 6.02193000000001e-05 6.24549e-05
4 9.5 8.37084052764773e-05 0.000104279618664227 0.000113664 0.000124495 0.000126257
4.25 9.5 0.000168014865602366 0.00021515182397805 0.000231022 0.000248703 0.000258513
4.5 9.5 0.000329453897310627 0.000433304239737786 0.000459507 0.000487868 0.00051784
4.75 9.5 0.000650667619595668 0.000878678592678031 0.00092257 0.000968966 0.00104712
5 9.3 0.00127561711904318 0.00176984799060227 0.00184406 0.00192115 0.00210994
5.25 7.5 0.00283824369598076 0.00407753598431867 0.00422801 0.00438092 0.00490115
5.5 5.9 0.00570018275982453 0.00834422594873512 0.00860203 0.00886832 0.010089
5.75 4.6 0.0102034839165518 0.0148436739448056 0.0152134 0.0155925 0.0179236
6 3.6 0.0163614560619068 0.0234425123868308 0.0238728 0.0243029 0.0279613
6.25 2.8 0.0236592919646185 0.0342286773113518 0.0346526 0.0350497 0.0401898
6.5 2.3 0.0322875987556913 0.0494691942312759 0.0498724 0.0502051 0.057877
6.75 2.1 0.042430913709462 0.0717018804391569 0.0721284 0.0724228 0.0854981
7 2 0.0539874325855837 0.102104298257711 0.102651 0.102986 0.126542
7.25 2 0.0648217499305647 0.135971402068173 0.136741 0.137215 0.176555
7.5 2 0.0730057526691212 0.166478688482488 0.167518 0.168187 0.225834
7.75 2 0.0786666778105104 0.191131091493595 0.192432 0.193298 0.268681
3 10.5 4.22750636691918e-06 4.66608e-06 5.48097e-06 5.79398e-06 6.79464000000001e-06
3.25 10.5 8.73599011385465e-06 9.95079000000001e-06 1.14372e-05 1.22154e-05 1.37012e-05
3.5 10.5 1.79494410080676e-05 2.10868e-05 2.37374e-05 2.5609e-05 2.75785e-05
3.75 10.5 3.67833642631349e-05 4.43328289045454e-05 4.91557e-05 5.35417e-05 5.56071e-05
4 10.5 7.47613156269122e-05 9.26743446904369e-05 0.000101003 0.00011054 0.000112148
4.25 10.5 0.000151281618702774 0.00019266282730676 0.000206803 0.000222473 0.000231222
4.5 10.5 0.00029992979236247 0.000391919462392043 0.000415483 0.000440849 0.000467623
4.75 10.5 0.000595263837104604 0.000797735176613276 0.000837312 0.000878901 0.000948631
5 10.3 0.00116932391807166 0.00160798906964679 0.00167486 0.00174383 0.00191165
5.25 8.8 0.00253452606455815 0.00360142455530632 0.00373024 0.00386252 0.00430798
5.5 7.5 0.00507688324139104 0.00733667968324248 0.00756029 0.00778904 0.00882457
5.75 6.5 0.00941960097528268 0.0135495657260522 0.0138835 0.0142225 0.0162762
6 5.8 0.0158437464221089 0.022523676907771 0.0229355 0.0233427 0.0267597
6.25 5.4 0.023409920494919 0.0337641017660684 0.0341833 0.0345729 0.039558
6.5 5.1 0.0322536294487671 0.0493875318622255 0.0497939 0.050127 0.0577397
6.75 5 0.0423480234610792 0.0715813045027132 0.0720128 0.0723101 0.085357
7 5 0.0529596290411394 0.100182628641543 0.100726 0.101059 0.124193
7.25 5 0.0625671774332202 0.131280933232622 0.13203 0.13249 0.170506
7.5 5 0.0703552418686751 0.160466887333996 0.161474 0.162122 0.217717
7.75 5 0.0761914911163884 0.185121357389819 0.186386 0.187224 0.260262
3 13.6 3.06983487631309e-06 3.3662e-06 3.94149e-06 4.15854e-06 4.89179e-06
3.25 13.6 6.33977078043154e-06 7.16702999999999e-06 8.21493e-06 8.75378e-06 9.85239e-06
3.5 13.6 1.30213941216731e-05 1.51644e-05 1.70295e-05 1.83224e-05 1.98063e-05
3.75 13.6 2.66777131294643e-05 3.17921909477012e-05 3.5215e-05 3.82341e-05 3.98729e-05
4 13.6 5.43053484907498e-05 6.64665310889614e-05 7.23590000000001e-05 7.90221e-05 8.02616e-05
4.25 13.6 0.000112262767762071 0.000140827950302558 0.000151044 0.000162188 0.000168516
4.5 13.6 0.000228025225513899 0.00029271261936264 0.000310076 0.000328451 0.000347708
4.75 13.6 0.000456311466939104 0.00059893899144017 0.000628161 0.000658344 0.000708247
5 13.5 0.000901357421662089 0.00121015116862811 0.00125941 0.00130935 0.0014282
5.25 12.3 0.00190950958242613 0.00263367404149868 0.00272506 0.00281694 0.00311746
5.5 11.4 0.00379220316416434 0.005305862502237 0.00546699 0.00562338 0.00630636
5.75 10.8 0.00695196514083618 0.00974203866145573 0.00996894 0.0102003 0.0115478
6 10.4 0.0119394561946867 0.0166922399154499 0.016994 0.0172847 0.0196391
6.25 10.2 0.018752797670741 0.0268433575758546 0.0271796 0.0274839 0.0312768
6.5 10.1 0.0271870203295576 0.0415707075164681 0.0419232 0.0422059 0.0485113
6.75 10 0.0364484039476164 0.0616366598569382 0.0620541 0.0623187 0.0735487
7 10 0.0458194016840244 0.0867874510453308 0.0872781 0.0875773 0.107683
7.25 10 0.0550911848191149 0.1156763296202 0.116355 0.11677 0.150363
7.5 10 0.063133498219708 0.144044484503404 0.144967 0.145554 0.195554
7.75 10 0.0695866543791877 0.169086088512943 0.170258 0.171027 0.237817
3 22.1 1.55603363773529e-06 1.68667e-06 1.95412e-06 2.05262e-06 2.43516e-06
3.25 22.1 3.21445193764269e-06 3.57131e-06 4.06725e-06 4.31143e-06 4.89712e-06
3.5 22.1 6.6048988360705e-06 7.54151000000001e-06 8.42299999999999e-06 9.0075e-06 9.83156000000001e-06
3.75 22.1 1.36400867194333e-05 1.58471880134739e-05 1.75211e-05 1.88892e-05 1.99019e-05
4 22.1 2.80991231012153e-05 3.34243774449932e-05 3.63315e-05 3.94511e-05 4.03159e-05
4.25 22.1 5.84049365042957e-05 7.09298640667879e-05 7.59724e-05 8.12509e-05 8.44625e-05
4.5 22.1 0.000120009522136434 0.000148423242365257 0.000157048 0.000165776 0.000175067
4.75 22.1 0.000244706327872225 0.000307837821330751 0.00032246 0.000336886 0.000360293
5 22 0.00049153405356368 0.000628925670479955 0.000653661 0.00067755 0.00073223
5.25 21.3 0.00101132624817475 0.00131914992037275 0.00136278 0.00140436 0.00153288
5.5 20.8 0.00199500833296597 0.00264167160803746 0.00271558 0.00278501 0.00306928
5.75 20.4 0.00376725423840268 0.00503753296450568 0.00515337 0.00526091 0.00584826
6 20.2 0.00674496646435148 0.0091565242361974 0.00931934 0.00946603 0.0105937
6.25 20.1 0.0111440788924318 0.0157493024333734 0.0159515 0.0161233 0.0181765
6.5 20 0.0170681065337843 0.0260534909025207 0.026292 0.0264731 0.0303181
6.75 20 0.0237617 0.040321815354915 0.0406072 0.0407954 0.0481547
7 20 0.0312752 0.0594465847231525 0.059824 0.0600507 0.0739611
7.25 20 0.0395534 0.0832594460254658 0.0837945 0.0841144 0.108511
7.5 20 0.0475831 0.108731398722728 0.109474 0.109932 0.14791
7.75 20 0.0548011 0.133286267936544 0.134255 0.134871 0.187728
3 31.4 9.32288354620504e-07 1.00173e-06 1.14789e-06 1.2011e-06 1.43746e-06
3.25 31.4 1.93815337593112e-06 2.12173e-06 2.40165e-06 2.53482e-06 2.90579e-06
3.5 31.4 4.00670252648021e-06 4.50121e-06 5.00198e-06 5.32222e-06 5.86499e-06
3.75 31.4 8.27446303097972e-06 9.48419247311039e-06 1.03964e-05 1.11455e-05 1.18573e-05
4 31.4 1.70970634764029e-05 1.98864621270207e-05 2.15955e-05 2.33014e-05 2.4049e-05
4.25 31.4 3.56156846594601e-05 4.22129660313743e-05 4.51815e-05 4.81524e-05 5.01969e-05
4.5 31.4 7.36457583636238e-05 8.89836553102659e-05 9.3787e-05 9.87034999999999e-05 0.000104269
4.75 31.4 0.000153091309458032 0.000187027700746813 0.000195797 0.000204026 0.000217747
5 31.3 0.000313570625429746 0.00038853368776572 0.000403565 0.000417235 0.000449037
5.25 30.9 0.000646968700836985 0.000814543467752924 0.000840873 0.000864577999999999 0.00093712
5.5 30.5 0.00128912561927767 0.0016489636779407 0.00169377 0.00173348 0.00189311
5.75 30.3 0.00243947200918501 0.00317178987261369 0.00324303 0.00330498 0.0036382
6 30.1 0.00439137 0.00585924088110557 0.00596292 0.00605025 0.00671501
6.25 30.1 0.00737520999999999 0.0103590360550438 0.0104964 0.0106049 0.0118956
6.5 30 0.0115165 0.0176023148149023 0.0177764 0.0179007 0.0204702
6.75 30 0.0164859 0.0280977425641736 0.0283205 0.0284619 0.0336297
7 30 0.0224168 0.0428040267789071 0.0431102 0.0432893 0.0534279
7.25 30 0.0291306 0.0615365304539398 0.061974 0.0622277 0.0804502
7.5 30 0.0361417 0.0827746845038013 0.0833855 0.0837483 0.112882
7.75 30 0.0432116 0.105227967352447 0.106041 0.106536 0.148483
3 41.1 6.6558474299142e-07 7.09018e-07 8.05275e-07 8.50119e-07 1.00772e-06
3.25 41.1 1.37685405886637e-06 1.4891e-06 1.67631e-06 1.76298e-06 2.03842e-06
3.5 41.1 2.83135948296796e-06 3.14027e-06 3.47339e-06 3.68172e-06 4.09244e-06
3.75 41.1 5.89392784914082e-06 6.68866e-06 7.27814999999999e-06 7.76901999999999e-06 8.33720999999999e-06
4 41.1 1.23064285287538e-05 1.40751020607089e-05 1.5276e-05 1.64063e-05 1.70767e-05
4.25 41.1 2.5655326365018e-05 2.98817067357385e-05 3.19713e-05 3.3971e-05 3.55688e-05
4.5 41.1 5.32352432547343e-05 6.29565071814462e-05 6.65509e-05 6.98654999999999e-05 7.39803e-05
4.75 41.1 0.000111065884803601 0.000133106186149725 0.000139322 0.000144875 0.00015471
5 41 0.00022836 0.000277261479601551 0.000287965 0.000297245 0.000319504
5.25 40.6 0.000470986 0.000580725918170928 0.000599346 0.000615213 0.000665118
5.5 40.4 0.000940726 0.00117987991481537 0.0012116 0.00123809 0.00134685
5.75 40.2 0.00179001 0.002292193761316 0.0023433 0.00238493 0.00261335
6 40.1 0.00324162 0.00428841704020974 0.0043647 0.00442483 0.00489103
6.25 40 0.00545177 0.0076397886271021 0.00774465 0.00782188 0.00875354
6.5 40 0.00854884 0.0130937117120035 0.0132326 0.0133261 0.0152357
6.75 40 0.0124671 0.0213338082001679 0.0215207 0.0216341 0.0255973
7 40 0.0172392 0.0330536932167098 0.0333166 0.0334656 0.0413897
7.25 40 0.0226479 0.0479725046275911 0.0483751 0.0485851 0.0629456
7.5 40 0.0285868 0.0656066500318021 0.0661306 0.0664271 0.0896885
7.75 40 0.0350165 0.0853785644824623 0.0860824 0.0864898 0.12069
3 50.9 5.13552e-07 5.49108746769508e-07 6.09946e-07 6.53280130866824e-07 7.62301376169188e-07
3.25 50.9 1.05908e-06 1.14499043868254e-06 1.26202e-06 1.34643e-06 1.5432e-06
3.5 50.9 2.15454e-06 2.35897e-06 2.59933e-06 2.78574e-06 3.10881e-06
3.75 50.9 4.4916e-06 5.04686e-06 5.47475e-06 5.82655e-06 6.36576377634059e-06
4 50.9 9.41677e-06 1.07586188813664e-05 1.15705e-05 1.23884e-05 1.32124278189753e-05
4.25 50.9 1.95819e-05 2.28255268390664e-05 2.42041e-05 2.56587e-05 2.74787323292038e-05
4.5 50.9 4.07401e-05 4.81537733170658e-05 5.04506000000001e-05 5.31764e-05 5.71156100088295e-05
4.75 50.9 8.5437065530991e-05 0.00010208673351334 0.000106235 0.000111378859866759 0.000119791
5 50.8 0.000176400667627122 0.000213058 0.000220896000000001 0.000230323 0.00024689
5.25 50.5 0.000364403747267378 0.000446565751611506 0.000459714 0.000475571 0.00051327
5.5 50.3 0.00073104 0.000910277059974847 0.000932975000000001 0.000959105 0.0010411
5.75 50.2 0.00140273541294065 0.00178307657193504 0.00182213 0.00186283 0.00203249
6 50.1 0.00255708161088179 0.00336593 0.00342175000000001 0.00349674289118988 0.00383365
6.25 50 0.00431556312049141 0.00603023 0.00613956 0.00625279888415953 0.00693268
6.5 50 0.00679887052792343 0.0104014 0.0105866 0.0108144857487046 0.0122798
6.75 50 0.00999916403203153 0.0170971 0.0173929 0.0179269260677825 0.0211005
7 50 0.0139222057980726 0.0266574 0.0270736000000001 0.0283507873464614 0.0349042
7.25 50 0.0184863934102627 0.0391024 0.0396964000000002 0.0423809113746005 0.05467
7.5 50 0.0236942854211342 0.0542513 0.0550892000000003 0.0601936823666679 0.0809229
7.75 50 0.0294954990998145 0.0717279 0.0728757000000006 0.0817992936447127 0.113646
3 70.6 3.36453e-07 3.95515e-07 4.69608e-07 5.5897e-07 6.44797999999999e-07
3.25 70.6 7.05059e-07 8.22392999999999e-07 9.76454999999999e-07 1.16275e-06 1.31299947297832e-06
3.5 70.6 1.46607748679246e-06 1.69815e-06 2.00012e-06 2.40788e-06 2.67098031912775e-06
3.75 70.6 3.02214753191811e-06 3.50122117580672e-06 4.13728e-06 5.02676e-06 5.55886513433633e-06
4 70.6 6.28614920089957e-06 7.43961104170395e-06 8.50790000000001e-06 1.05689e-05 1.16320011243398e-05
4.25 70.6 1.32384539249259e-05 1.581647784532e-05 1.80511e-05 2.24547e-05 2.46098442009581e-05
4.5 70.6 2.78990244138934e-05 3.36548380341039e-05 3.81708000000001e-05 4.76709e-05 5.16091233455583e-05
4.75 70.6 5.88000230761508e-05 7.14834955741634e-05 8.04754e-05 0.000101187 0.000109161
5 70.6 0.000122308633655796 0.000149911401677869 0.000167834 0.000212036 0.000229409
5.25 70.4 0.000253445390189159 0.000313922016527308 0.000350298 0.0004427 0.00048049
5.5 70.2 0.000510047968649281 0.000640602634940317 0.000708209000000001 0.000901869 0.000982768
5.75 70.1 0.000975537514720098 0.00125050213097402 0.00137129 0.00175972 0.00192773
6 70.1 0.00177650963669375 0.0023556606082117 0.00252829 0.00331916 0.00366239
6.25 70 0.00302949165512451 0.00425766 0.00435413000000014 0.00602385 0.00672773
6.5 70 0.00482381759429906 0.00736607 0.0075540300000004 0.0105426 0.0120389
6.75 70 0.00714299779673384 0.0122021 0.0124655000000009 0.0175514 0.0207636
7 70 0.0100233326879201 0.0191846 0.0195620000000019 0.0278043 0.0344071
7.25 70 0.0135328577034051 0.028613 0.0291594000000036 0.0418945 0.0543233
7.5 70 0.0176746530019955 0.0404411 0.041219100000006 0.05998 0.0810591
7.75 70 0.0224288359864781 0.0544784 0.055551000000009 0.0820539 0.114601
3 100.4 2.28993e-07 2.62676e-07 3.96625687957372e-07 5.09223e-07 5.78170172703473e-07
3.25 100.4 4.71528e-07 5.44473e-07 8.08952000000007e-07 1.05433e-06 1.1773223735033e-06
3.5 100.4 9.56368e-07 1.10876e-06 1.62413000000003e-06 2.1734e-06 2.39031648441458e-06
3.75 100.4 1.98545909482904e-06 2.31479e-06 3.3037100000001e-06 4.53161e-06 4.93091160048878e-06
4 100.4 4.17346850967587e-06 4.94223e-06 6.81965000000027e-06 9.56863000000001e-06 1.0303649076054e-05
4.25 100.4 8.85196049509689e-06 1.04197e-05 1.43596000000007e-05 2.05595e-05 2.20956744296525e-05
4.5 100.4 1.8862322349365e-05 2.26401e-05 3.04009000000017e-05 4.42997e-05 4.77668185111284e-05
4.75 100.4 4.00995813563154e-05 4.85983470678596e-05 6.43335000000039e-05 9.51427000000001e-05 0.000102507826631255
5 100.4 8.41493612109431e-05 0.000102435175182089 0.000134845000000009 0.00020178 0.000217175
5.25 100.3 0.000175529767374544 0.00021570106392715 0.000282347000000019 0.000426159 0.000460298
5.5 100.2 0.000355842861255209 0.000443437766242106 0.000578190000000037 0.000877513 0.000951855999999999
5.75 100.1 0.000685639935637464 0.000872310767041785 0.00113592000000007 0.00172873 0.00188543
6 100 0.00125626281285396 0.00165655673402557 0.0021606400000001 0.0032878 0.00361336
6.25 100 0.00216005097247278 0.00303131948410746 0.00398259000000009 0.0060243 0.00670783
6.5 100 0.00346632046930073 0.00533626054263266 0.0068959914910789 0.0106161 0.0121022
6.75 100 0.00519189326011745 0.00894445034271116 0.0104398807112896 0.0178062 0.0210542
7 100 0.00737867472594808 0.0142426308263191 0.0166093000000003 0.028364 0.0351069
7.25 100 0.0100712583127125 0.0212349755456882 0.0250279000000014 0.042763 0.055477
7.5 100 0.0133501359312403 0.030468 0.0358931000000029 0.0613257 0.0829187
7.75 100 0.0172187178526935 0.0416857905888841 0.049139100000005 0.0839362 0.117274
3 130.3 1.90799e-07 2.16592e-07 3.31601000000001e-07 4.19313e-07 4.80151565490218e-07
3.25 130.3 3.9146e-07 4.45436e-07 6.64580000000007e-07 8.62890999999999e-07 9.76204923683085e-07
3.5 130.3 7.89802e-07 9.11989e-07 1.32706000000003e-06 1.76839e-06 1.97467573029291e-06
3.75 130.3 1.62613282671363e-06 1.89095e-06 2.70285000000009e-06 3.69169e-06 4.07174392005314e-06
4 130.3 3.49386512352181e-06 4.05739e-06 5.61851000000023e-06 7.84751e-06 8.55242697873658e-06
4.25 130.3 7.47815585748908e-06 8.7105e-06 1.19103000000006e-05 1.69922e-05 1.84469591682792e-05
4.5 130.3 1.60853689671432e-05 1.89071e-05 2.54873000000014e-05 3.70266e-05 4.02968064255773e-05
4.75 130.3 3.45290069586988e-05 4.09967e-05 5.45237000000034e-05 8.04331e-05 8.75775761144102e-05
5 130.3 7.31968175890943e-05 8.79344783706244e-05 0.000115544000000008 0.000172566 0.00018521836044841
5.25 130.2 0.00015404276889715 0.000187092331147807 0.000244236000000016 0.000368146 0.00039569
5.5 130.1 0.000314829709320157 0.000388332286614983 0.000504543000000034 0.000765239 0.00082615
5.75 130.1 0.000610054258765361 0.000771039231025169 0.00100052000000006 0.00152267 0.00165315
6 130 0.00112377109804418 0.00147635182816794 0.00191963000000009 0.00292154 0.00319803
6.25 130 0.00194075672213491 0.00271723507970652 0.00356989000000012 0.00539725 0.00599249
6.5 130 0.00312455672861196 0.00481092477343547 0.00620637349268155 0.00956989 0.0108948
6.75 130 0.00470373121800673 0.00811594808582286 0.00948309 0.0161583 0.0191032
7 130 0.00671481630195641 0.0129866487647019 0.0151912000000002 0.0258658 0.0320336
7.25 130 0.00919765804267839 0.0193684815219687 0.0229648000000018 0.0391254 0.0508007
7.5 130 0.012247898555914 0.0278884158902544 0.0330616000000026 0.0563311 0.0762262
7.75 130 0.015920803901079 0.0384434417271223 0.0455799000000045 0.0776474 0.108551
3 200.2 1.34662e-07 1.55483011894929e-07 2.36312000000003e-07 3.0089e-07 3.55323e-07
3.25 200.2 2.79714e-07 3.22987e-07 4.7636400000001e-07 6.20675e-07 7.23033e-07
3.5 200.2 5.79472999999999e-07 6.61909765658277e-07 9.5634700000003e-07 1.27582e-06 1.46465e-06
3.75 200.2 1.19813e-06 1.37366392584891e-06 1.93129000000008e-06 2.63731e-06 2.98221e-06
4 200.2 2.52316e-06 2.91594822740837e-06 4.0271700000002e-06 5.62313e-06 6.26399e-06
4.25 200.2 5.58129619114903e-06 6.41876724274153e-06 8.70631000000051e-06 1.24097e-05 1.36283e-05
4.5 200.2 1.24131244177309e-05 1.42716743751948e-05 1.91321000000013e-05 2.77805e-05 3.01216493286863e-05
4.75 200.2 2.73746445319977e-05 3.17876966733797e-05 4.2050600000003e-05 6.20513e-05 6.68901289604358e-05
5 200.2 5.96379799657114e-05 6.98228380985836e-05 9.15456000000071e-05 0.000136899 0.000146872535647302
5.25 200.1 0.000127751382393041 0.000151122296269837 0.000196848000000015 0.000297454 0.000317422275361777
5.5 200.1 0.000265011162939984 0.00031817931080164 0.000413054000000032 0.000628799 0.000670665
5.75 200 0.000526247421994776 0.000648988118671014 0.000841332000000058 0.00128583 0.00138019
6 200 0.000985420440831174 0.00127384813976996 0.00165627000000008 0.00252823 0.00274155
6.25 200 0.00170308025466455 0.0023727930260055 0.00312058000000006 0.00471548 0.0052047
6.5 200 0.00273425591009121 0.00421941207463983 0.00542534562568086 0.00839297 0.00953575
6.75 200 0.00410956204013975 0.00713298406082461 0.00836461 0.0141961 0.0167989
7 200 0.00586061269223913 0.0114097792203804 0.0134430000000001 0.0227175 0.0282026
7.25 200 0.00804480396235896 0.0169011520210293 0.0203394000000009 0.0344008 0.0447889
7.5 200 0.0107510759453754 0.0243734584085501 0.0293161000000021 0.0496026 0.0672779
7.75 200 0.0141773010015387 0.0339991084203253 0.0408848000000037 0.0691869 0.0968645
3 300.1 7.95595076304839e-08 9.13696999999999e-08 1.37731000000004e-07 1.78786e-07 2.15692e-07
3.25 300.1 1.65139360163171e-07 1.90122e-07 2.8011800000001e-07 3.70003e-07 4.40869e-07
3.5 300.1 3.43543894252695e-07 3.95111e-07 5.67672000000025e-07 7.64022999999999e-07 8.97679e-07
3.75 300.1 7.13417837610951e-07 8.18168e-07 1.14954000000009e-06 1.57755e-06 1.82571e-06
4 300.1 1.55618e-06 1.76629741896413e-06 2.44606000000015e-06 3.42267e-06 3.90015e-06
4.25 300.1 3.58257e-06 4.03792e-06 5.49282000000035e-06 7.83104000000001e-06 8.78784e-06
4.5 300.1 8.31772636357921e-06 9.50530515868282e-06 1.26692000000014e-05 1.83781e-05 2.03255e-05
4.75 300.1 1.95296895164604e-05 2.22369332108656e-05 2.92587000000023e-05 4.31075e-05 4.70433e-05
5 300.1 4.46322734398907e-05 5.10362e-05 6.68520000000055e-05 9.98209e-05 0.000107631
5.25 300.1 9.99465071770767e-05 0.000115033 0.000150354000000013 0.000226963 0.000242155
5.5 300.1 0.000215425636104085 0.00025259946061584 0.000328316000000027 0.00049958 0.000531457648018305
5.75 300 0.000441179570759834 0.000532725544023293 0.000692340000000049 0.00105784 0.00112426
6 300 0.00084457879368535 0.00107638585407167 0.00140256000000007 0.00213832 0.00229979
6.25 300 0.00149620199456212 0.00206751975465885 0.00272987000000005 0.00411086 0.00451122
6.5 300 0.00244746143042915 0.00376268308115028 0.0048614996540662 0.00748565 0.0084766
6.75 300 0.00369038529140243 0.00639722911512364 0.00755197221495759 0.0127312 0.0150427
7 300 0.00526978564900601 0.0102078 0.0121991 0.0204156 0.0253322
7.25 300 0.00737532960404009 0.0151727641701254 0.0195255579158185 0.0311891 0.0406018
7.5 300 0.00984918642087073 0.0220502 0.0270573000000015 0.0453501 0.0614939
7.75 300 0.0130723391777479 0.030896667843055 0.0379110000000029 0.0635635 0.0889305
3 500.1 1.39120367891784e-08 1.60342e-08 2.34903000000012e-08 3.16724e-08 3.85055e-08
3.25 500.1 3.69254150718845e-08 4.25169e-08 6.15396000000035e-08 8.37430999999999e-08 1.00977e-07
3.5 500.1 9.71966010168518e-08 1.12053e-07 1.5984700000001e-07 2.19869e-07 2.62514e-07
3.75 500.1 2.53831534009353e-07 2.91866e-07 4.10258000000026e-07 5.71163e-07 6.74264e-07
4 500.1 6.24073934071275e-07 7.11648999999999e-07 9.89384000000069e-07 1.39547e-06 1.62665e-06
4.25 500.1 1.43807666671051e-06 1.62843e-06 2.23345000000018e-06 3.1927e-06 3.67198e-06
4.5 500.1 3.19180005832774e-06 3.61647812197907e-06 4.85179000000041e-06 7.03001e-06 7.97567e-06
4.75 500.1 7.00550881899845e-06 7.83714e-06 1.04145000000009e-05 1.5287e-05 1.71111e-05
5 500.1 1.52242e-05 1.71112e-05 2.23722000000019e-05 3.32328e-05 3.67223e-05
5.25 500.1 3.30306e-05 3.75377289885463e-05 4.83522000000042e-05 7.25753999999999e-05 7.92343e-05
5.5 500 7.13923621568153e-05 8.19542999999999e-05 0.000106422000000009 0.000160993 0.000173856
5.75 500 0.000154775978377525 0.000182548872514963 0.000238947000000017 0.000362708 0.000388029
6 500 0.000331403230402783 0.000413803117088039 0.000545539000000026 0.000824846 0.000880829794797657
6.25 500 0.00068342313749191 0.000932729525550889 0.00124554000000001 0.00185547 0.00202138
6.5 500 0.0013222478647285 0.00201538295365595 0.00260877 0.00401042 0.00451848
6.75 500 0.0023817074109657 0.00410157901535228 0.00493704 0.00816332 0.00961204
7 500 0.00393770369821898 0.00758266 0.00917758 0.0151653 0.018768
7.25 500 0.00599192872233315 0.0125063457059384 0.0154673 0.0254414 0.0330418
7.5 500 0.00860708059747463 0.0187104907131361 0.0239055000000007 0.0393523 0.0532318
7.75 500 0.0118309973676687 0.0271333948096778 0.0346343000000017 0.0570473 0.0795926
3 700.1 7.18706014707762e-09 8.30040000000001e-09 1.19597000000008e-08 1.65074e-08 2.00253e-08
3.25 700.1 1.91231765378713e-08 2.20556e-08 3.1593200000002e-08 4.38329e-08 5.28966e-08
3.5 700.1 5.06445608024833e-08 5.83713e-08 8.28895000000056e-08 1.15747e-07 1.38754e-07
3.75 700.1 1.32822331569254e-07 1.53204e-07 2.15249000000015e-07 3.02888e-07 3.60166e-07
4 700.1 3.28833597112648e-07 3.78579e-07 5.26006000000038e-07 7.46683999999998e-07 8.79445e-07
4.25 700.1 7.64291216272227e-07 8.74426e-07 1.20445000000009e-06 1.72651e-06 2.01167e-06
4.5 700.1 1.71352903131473e-06 1.95191e-06 2.65627000000023e-06 3.84742e-06 4.43107000000001e-06
4.75 700.1 3.80292041071908e-06 4.32876e-06 5.79078000000051e-06 8.47644e-06 9.64461000000001e-06
5 700.1 8.45774971319467e-06 9.60678470319051e-06 1.26336000000012e-05 1.8683e-05 2.09998e-05
5.25 700 1.88227712419235e-05 2.121e-05 2.77212000000023e-05 4.13663e-05 4.59531e-05
5.5 700 4.19129620124482e-05 4.79638670707397e-05 6.19080000000048e-05 9.29839e-05 0.000102182
5.75 700 9.17422967532011e-05 0.000106622955565157 0.000140879000000009 0.000211969 0.000230814
6 700 0.000197690267605964 0.00024398492953573 0.000325450000000018 0.000486748 0.000526209
6.25 700 0.000409618972705317 0.000552988669465618 0.000747582192383326 0.00110314 0.00119628
6.5 700 0.000795538333418776 0.00120473691710899 0.00155437 0.00239762 0.00269225
6.75 700 0.00143788007223922 0.00246245054289227 0.00301142896758506 0.00490138 0.0057561
7 700 0.00238539746666462 0.00456919 0.00562777646223925 0.00913837 0.0112842
7.25 700 0.00364319532970224 0.00764572 0.00946610000000001 0.015383 0.0199359
7.5 700 0.00525497972737955 0.0111528371184583 0.014761 0.0238783 0.0322285
7.75 700 0.00725766871946029 0.0161781330713025 0.0214642000000005 0.0347505 0.0483651
3 999.9 3.2533506138937e-09 3.78602e-09 5.38214000000036e-09 7.56782e-09 9.14356e-09
3.25 999.9 8.66648472605508e-09 1.00812e-08 1.4291900000001e-08 2.01445e-08 2.42728e-08
3.5 999.9 2.29926514345564e-08 2.67287e-08 3.77502000000027e-08 5.33809e-08 6.40807e-08
3.75 999.9 6.05651855511904e-08 7.03343239724231e-08 9.8843000000007e-08 1.40365e-07 1.67667e-07
4 999.9 1.5048170005774e-07 1.7467175743336e-07 2.43927000000018e-07 3.48222e-07 4.13369e-07
4.25 999.9 3.51717697634827e-07 4.07704243450163e-07 5.64932000000046e-07 8.11565e-07 9.56249e-07
4.5 999.9 7.94115363141351e-07 9.18915000000001e-07 1.2620300000001e-06 1.82578e-06 2.13297e-06
4.75 999.9 1.77704955244184e-06 2.04983e-06 2.78992000000022e-06 4.06642e-06 4.70617e-06
5 999.9 3.98444372955844e-06 4.58354e-06 6.17707000000048e-06 9.06914999999999e-06 1.03936e-05
5.25 999.9 8.98137825255893e-06 1.03154e-05 1.3758500000001e-05 2.03253e-05 2.30689e-05
5.5 999.9 2.05029651967967e-05 2.35524639122001e-05 3.11794000000021e-05 4.62221e-05 5.19946e-05
5.75 999.9 4.66866632406414e-05 5.36519e-05 7.19203000000035e-05 0.000106477 0.000118857
6 999.9 0.000101225741123014 0.000123962235881416 0.000168093000000004 0.000246666 0.000273648
6.25 999.9 0.000210789299723279 0.00028157746247413 0.000374552378749842 0.000562962 0.000621651
6.5 999.9 0.000411138592585325 0.000617324552420694 0.000794929 0.00123043 0.00137687
6.75 999.9 0.000746911999999999 0.00126945043145947 0.00153435000000001 0.00252699 0.0029591
7 999.9 0.00124280781837264 0.00236549 0.00291331 0.00473099 0.00582663
7.25 999.9 0.00190645281128354 0.00397446 0.00504991 0.00799594 0.010336
7.5 999.9 0.00276327609264171 0.00601314179816107 0.00786135 0.012464 0.0167774
7.75 999.9 0.00383742370694012 0.00834251021716543 0.0114799 0.0182224 0.0252869
