Var1 Var2 Var3 Var4 Var5
3 9.3 0.000947864999999999 0.00107171 0.00124412
3.25 9.3 0.00193641 0.00217178 0.00246889
3.5 9.3 0.0038776 0.00441242 0.00492265
3.75 9.3 0.00767324 0.00890905 0.00977373
4 9.3 0.0150247 0.0180285 0.0194922
4.25 9.3 0.028532 0.0361655 0.0390186
4.5 9.3 0.0518464 0.0714025 0.0786016
4.75 9.3 0.0890242 0.136706 0.155345
5 9.1 0.145831 0.252981 0.300095
5.25 7.2 0.266467 0.519231 0.646411
5.5 5.6 0.423837 0.911769 1.1907
5.75 4.2 0.561428 1.30473 1.77608
6 2.9 0.634171 1.56123 2.19609
6.25 1.9 0.666357 1.71193 2.46809
6.5 1.1 0.709346 1.88193 2.7635
6.75 0.6 0.788345 2.14509 3.19471
7 0.2 0.898704 2.49665 3.76092
7.25 0 1.00466 2.84094 4.32121
7.5 0 1.07037 3.07404 4.71608
7.75 0 1.10131 3.20699 4.9585
3 9.5 0.000931881 0.00105356 0.00122302
3.25 9.5 0.00190522 0.00213655 0.00242885
3.5 9.5 0.00381764 0.00434371 0.00484608
3.75 9.5 0.00755001 0.00876542 0.00961654
4 9.5 0.0147743 0.0177284 0.019169
4.25 9.5 0.0280332 0.0355365 0.0383443
4.5 9.5 0.0509085 0.0701216 0.0771446951602473
4.75 9.5 0.0874677 0.134339 0.152681
5 9.3 0.143314 0.248665 0.295024
5.25 7.5 0.261853 0.510365 0.63551
5.5 5.9 0.418479 0.900472 1.17625
5.75 4.6 0.564366 1.31184 1.78615
6 3.6 0.655311 1.61345 2.26996
6.25 2.8 0.709182 1.82201 2.62714
6.5 2.3 0.764563 2.02846 2.97895
6.75 2.1 0.839355 2.28382 3.40154
7 2 0.931537 2.58782 3.89841
7.25 2 1.01603 2.87304 4.37019
7.5 2 1.06812 3.06761 4.70628
7.75 2 1.09498 3.18854 4.93014
3 10.5 0.000857623 0.000969352 0.00112523
3.25 10.5 0.00175185 0.00196351 0.00222924229363403
3.5 10.5 0.00350469 0.00398567 0.00444716
3.75 10.5 0.00691942 0.0080309 0.00881273
4 10.5 0.0135197 0.0162235 0.0175485
4.25 10.5 0.0256801 0.032567 0.0351597
4.5 10.5 0.0467784 0.0644784 0.0710359
4.75 10.5 0.0803345 0.12349 0.140455
5 10.3 0.131379 0.228164 0.270922
5.25 8.8 0.236318 0.461114 0.574751
5.5 7.5 0.379165 0.816815 1.06815
5.75 6.5 0.526618 1.22521 1.66996
6 5.8 0.641126 1.57937 2.2239
6.25 5.4 0.71684 1.84205 2.65768
6.5 5.1 0.778622 2.06575 3.03503
6.75 5 0.843983 2.29624 3.42105
7 5 0.916772 2.54654 3.83713
7.25 5 0.983812 2.7817 4.23207
7.5 5 1.03153 2.96233 4.54564
7.75 5 1.06107 3.08971 4.77804
3 13.6 0.000672254 0.000759457 0.000881797
3.25 13.6 0.0013622 0.00152507 0.00173455
3.5 13.6 0.00270105 0.00306833 0.00342587
3.75 13.6 0.00532468 0.00617587 0.00678338
4 13.6 0.0103876 0.0124669 0.0135023
4.25 13.6 0.0198156 0.0251567 0.0272043
4.5 13.6 0.0363067 0.0501338 0.0553385
4.75 13.6 0.0622205 0.0958528 0.109253
5 13.5 0.10137 0.176456 0.209997
5.25 12.3 0.174638 0.341661 0.426974
5.5 11.4 0.272575 0.588699 0.771969
5.75 10.8 0.381673 0.889787 1.21596
6 10.4 0.482851 1.19094 1.68071
6.25 10.2 0.57203 1.47068 2.12562
6.5 10.1 0.649108 1.72213 2.53356
6.75 10 0.719609 1.95738 2.9192
7 10 0.792928 2.20192 3.32047
7.25 10 0.865588 2.44684 3.71980148404435
7.5 10 0.924422 2.65435 4.07537
7.75 10 0.966708 2.8148 4.35519
3 22.1 0.000381405 0.000430965 0.000496306
3.25 22.1 0.000768612 0.000859346 0.000978187
3.5 22.1 0.0015136 0.00171701 0.00192289
3.75 22.1 0.00298092 0.00345513 0.00380834
4 22.1 0.00580662 0.00697386999999999 0.00758433
4.25 22.1 0.0109592 0.0139454 0.0151497
4.5 22.1 0.0199378 0.0276305 0.0306504
4.75 22.1 0.0346543 0.0536165 0.0614367
5 22 0.0570766 0.0998229 0.119453
5.25 21.3 0.0948907 0.186517 0.234112338730097
5.5 20.8 0.145546 0.31566 0.416451
5.75 20.4 0.201855 0.472234 0.648998
6 20.2 0.259714 0.642062 0.910766
6.25 20.1 0.32134 0.827024 1.20066
6.5 20 0.385713 1.02338 1.51122
6.75 20 0.456249 1.24039 1.85559
7 20 0.533025 1.47906 2.23252823162224
7.25 20 0.612147 1.7293 2.63863
7.5 20 0.685641 1.9679 3.02757
7.75 20 0.749812 2.18304 3.38406
3 31.4 0.000236338 0.000267461 0.000302473
3.25 31.4 0.000478209 0.000534696 0.000598807
3.5 31.4 0.000944173 0.00107102 0.00118982
3.75 31.4 0.00184944 0.00214456 0.00236931
4 31.4 0.0035817 0.0043075 0.00470861
4.25 31.4 0.00675862 0.00862086 0.00941473
4.5 31.4 0.0123155 0.0171225 0.0190974
4.75 31.4 0.0214294 0.033278 0.0383455
5 31.3 0.035321 0.0619962 0.0746094
5.25 30.9 0.0580622 0.114551 0.144822
5.5 30.5 0.0888094 0.193302 0.256427
5.75 30.3 0.123732 0.290277 0.401129
6 30.1 0.161304 0.39956 0.569721
6.25 30.1 0.203904 0.525359 0.766362
6.5 30 0.251084 0.666389 0.988262
6.75 30 0.305627 0.830661 1.24742
7 30 0.367967 1.02051 1.54819
7.25 30 0.436459 1.23227 1.88606
7.5 30 0.506882 1.45431 2.24166
7.75 30 0.576321717620917 1.67759 2.59875
3 41.1 0.000165198152847262 0.000186512 0.000208421
3.25 41.1 0.000331387 0.000371523 0.00040997
3.5 41.1 0.000653134 0.000741548 0.000812982
3.75 41.1 0.00127644 0.00148189 0.00161825
4 41.1 0.00246531 0.00297046 0.003245
4.25 41.1 0.00464566 0.00594132 0.00652472
4.5 41.1 0.0084676364306027 0.0118056 0.0132315
4.75 41.1 0.0147260946774067 0.022933 0.0265047
5 41 0.024265201577321 0.0427072 0.051497
5.25 40.6 0.0397115042674044 0.0785608 0.0994942
5.5 40.4 0.0607098340162398 0.132509 0.176281239202797
5.75 40.2 0.0856158326574868 0.201241 0.27843
6 40.1 0.113318045456097 0.281039 0.401011
6.25 40 0.144329520446987 0.37199 0.542636
6.5 40 0.179683398185981 0.476586 0.706154
6.75 40 0.221298730196775 0.600494 0.899936
7 40 0.269915701809855 0.746676 1.1289
7.25 40 0.325746739281323 0.916587 1.39583
7.5 40 0.387257036369012 1.10682 1.69626
7.75 40 0.453861166020908 1.31257 2.02292
3 50.9 0.000124111 0.000138863 0.000157147
3.25 50.9 0.000246952820375195 0.000276389 0.000308402
3.5 50.9 0.000492703 0.000551193 0.000607652
3.75 50.9 0.000961873 0.00110048 0.00121509
4 50.9 0.00185543 0.0022039 0.00243758
4.25 50.9 0.0034965 0.00440975 0.00490012
4.5 50.9 0.00637642 0.00878179000000002 0.00987294250850184
4.75 50.9 0.0110884 0.0170916 0.0198121710393665
5 50.8 0.0182681 0.0318574 0.0385412449391249
5.25 50.5 0.029702 0.0582956 0.0743532
5.5 50.3 0.0453849462190647 0.0983518 0.131266
5.75 50.2 0.0644138176677698 0.150364 0.208934
6 50.1 0.0859620429853228 0.211483 0.303715
6.25 50 0.110313 0.281875 0.412636798709961
6.5 50 0.139031 0.365763 0.540492126764412
6.75 50 0.172287291130063 0.465671 0.698023
7 50 0.212773 0.591028 0.897371302482266
7.25 50 0.260274 0.741871 1.1502
7.5 50 0.314146 0.917016 1.4496486428251
7.75 50 0.373741 1.11683 1.81085457856211
3 70.6 8.04449e-05 0.000105063 0.000136665968828711
3.25 70.6 0.000161451428633866 0.000205507000000004 0.000269976
3.5 70.6 0.00031913 0.000407265000000007 0.000533362
3.75 70.6 0.000619728 0.000796351000000016 0.00105155
4 70.6 0.00118937 0.0015594 0.00208341
4.25 70.6 0.0022388 0.00309231 0.00418258
4.5 70.6 0.00408491 0.00603104 0.00853743
4.75 70.6 0.00711465 0.0116001 0.0172036759777318
5 70.6 0.0117543 0.0221256 0.0336199986209659
5.25 70.4 0.0192462 0.0406555000000009 0.06492139825367
5.5 70.2 0.0295735 0.0688172000000051 0.115389367505288
5.75 70.1 0.0420347 0.105272000000008 0.183958416762219
6 70.1 0.0562135 0.148427000000013 0.268016635951594
6.25 70 0.0725567 0.198976000000004 0.368513960392544
6.5 70 0.0917858 0.258955000000004 0.489272133069068
6.75 70 0.114882 0.331598000000005 0.637727941068114
7 70 0.143053 0.421158000000007 0.823982
7.25 70 0.177417 0.531773000000013 1.0520115340329
7.5 70 0.21797 0.664278000000011 1.34003905389137
7.75 70 0.265055 0.820979000000015 1.69034990164174
3 100.4 4.99463e-05 7.7714700000004e-05 0.000117957
3.25 100.4 9.97179329009124e-05 0.000152390000000009 0.000233502
3.5 100.4 0.000199010629566382 0.000299981000000017 0.000463282
3.75 100.4 0.000396797912045128 0.000590791000000032 0.0009171
4 100.4 0.00077799 0.00117319000000005 0.00182184
4.25 100.4 0.00149646 0.00235954000000004 0.00363779
4.5 100.4 0.00273616 0.00455075 0.00735434
4.75 100.4 0.00479174 0.00859643892516364 0.0149165271603401
5 100.4 0.00796784 0.0153328 0.0292577899271331
5.25 100.3 0.0130733 0.0283016790340605 0.0567385653286613
5.5 100.2 0.0201542 0.048249 0.101237601226773
5.75 100.1 0.0287523 0.0769723 0.162002729899034
6 100 0.0386463 0.109026 0.236854554109481
6.25 100 0.0503444 0.147448000000001 0.327662634216177
6.5 100 0.064348 0.193805000000004 0.437641051970166
6.75 100 0.0814043 0.250759000000007 0.572937135943353
7 100 0.102626 0.322378000000009 0.74574065142238
7.25 100 0.128975 0.412460000000024 0.95843954869126
7.5 100 0.161041 0.523726000000023 1.22940290809273
7.75 100 0.199592 0.659402000000031 1.55218196668069
3 130.3 3.8481e-05 6.09785000000027e-05 9.34613377711737e-05
3.25 130.3 7.68746294779096e-05 0.000119391000000006 0.000184086177423
3.5 130.3 0.000151719820684802 0.000234655000000011 0.000363049107411904
3.75 130.3 0.000302469939183545 0.00046293600000002 0.000720676689352265
4 130.3 0.000603450032441953 0.000920685000000044 0.00143609
4.25 130.3 0.00115462 0.00185398000000001 0.00286754
4.5 130.3 0.00210764 0.00358802 0.00572172
4.75 130.3 0.00370024 0.00668774721324686 0.0115917
5 130.3 0.00617794 0.0119569197756876 0.0227505866654111
5.25 130.2 0.0101497 0.0222409738179127 0.0442400632920958
5.5 130.1 0.0156826 0.0385509 0.0798194160759599
5.75 130.1 0.0224927 0.0601741 0.127453244837088
6 130 0.0304141 0.0884188 0.187484934785813
6.25 130 0.039859 0.12028 0.260897613619968
6.5 130 0.0512414 0.15893 0.353107495356616
6.75 130 0.0652968 0.207010000000001 0.465364832633054
7 130 0.0828656 0.267756000000003 0.602627136683815
7.25 130 0.104713 0.344244000000009 0.780768049760829
7.5 130 0.13151 0.439340000000014 1.0032220032447
7.75 130 0.164248 0.556990000000021 1.29047773202255
3 200.2 2.34056852065538e-05 3.76655000000011e-05 5.80474339263677e-05
3.25 200.2 4.64603e-05 7.37135000000022e-05 0.000113892583158727
3.5 200.2 9.08378988951843e-05 0.000144798000000004 0.000226309184926244
3.75 200.2 0.000178848588271563 0.000288298000000007 0.000448785712405036
4 200.2 0.000353547498830577 0.000577996000000005 0.000902686953692232
4.25 200.2 0.000679046 0.00111217706100263 0.00179634665352535
4.5 200.2 0.00130078652090311 0.00213885000000002 0.0036240829418662
4.75 200.2 0.00229506877264398 0.00413499 0.00716202
5 200.2 0.00386090235159212 0.00741036327735769 0.0140326
5.25 200.1 0.00638934397254641 0.0137196 0.0270647741259721
5.5 200.1 0.00996117906740517 0.0247162359690671 0.0487122978810921
5.75 200 0.0145594405369525 0.0392539 0.0797204422202945
6 200 0.0200645486382602 0.0568865 0.119202209553466
6.25 200 0.0265473485198288 0.0779391 0.166974919837089
6.5 200 0.0344459847826005 0.103722 0.225617271070267
6.75 200 0.044275970642037 0.13751 0.299039848681619
7 200 0.0566644887907563 0.180536 0.392542811724078
7.25 200 0.0721056517321612 0.235249 0.511073404934119
7.5 200 0.0912710761340752 0.304142 0.661225112516857
7.75 200 0.115285957026621 0.392464 0.853317383680404
3 300.1 1.21820895755484e-05 2.07838037410012e-05 3.29015871380749e-05
3.25 300.1 2.41174718854079e-05 4.11738938247826e-05 6.50814090497126e-05
3.5 300.1 4.77519e-05 8.12705711444142e-05 0.000130624617509236
3.75 300.1 9.46576e-05 0.00015936 0.00025791662261042
4 300.1 0.000185457353023516 0.00031639 0.00051719300588578
4.25 300.1 0.000363490444099343 0.000599235000000001 0.00102080220348559
4.5 300.1 0.000699246 0.00120012 0.00204553023268968
4.75 300.1 0.00125844 0.00227953 0.00408173376792164
5 300.1 0.00214426 0.00414776000000002 0.00794984
5.25 300.1 0.00359847 0.00782088198299932 0.0152396
5.5 300.1 0.00569371 0.0139029463034306 0.027595027369225
5.75 300 0.00843387 0.0229711340850901 0.0454475999189578
6 300 0.0117702 0.0347441747652319 0.06869922348771
6.25 300 0.0157624 0.048339 0.097188193329585
6.5 300 0.0206682 0.0647115876328063 0.132363150023068
6.75 300 0.0268899 0.0858155 0.177049784424048
7 300 0.0347942 0.112638 0.234250949489426
7.25 300 0.044655 0.146497 0.306663844129733
7.5 300 0.0570177 0.189568 0.399175708304213
7.75 300 0.0728556 0.245583 0.527385360381055
3 500.1 9.35903369372048e-07 1.70156068757149e-06 3.10706238182614e-06
3.25 500.1 2.56818863273653e-06 4.70019669509034e-06 8.48043397711123e-06
3.5 500.1 6.93400053559566e-06 1.27557598942532e-05 2.30957066690643e-05
3.75 500.1 1.81775043255404e-05 3.37248128118005e-05 6.04309142973685e-05
4 500.1 4.5771e-05 8.65965964796895e-05 0.000155938973897824
4.25 500.1 0.000111939599584104 0.000215653880474001 0.000385187474958163
4.5 500.1 0.000241192281755778 0.000469698972930186 0.000857456589976536
4.75 500.1 0.000484027 0.000884668785531862 0.00175851816612647
5 500.1 0.000795729 0.00162862 0.00325856759928654
5.25 500.1 0.00115476 0.00268765 0.00529546814459255
5.5 500 0.00159114 0.00406003830126112 0.00808608762890362
5.75 500 0.00216227 0.0059104 0.0118208
6 500 0.00295322 0.00861927 0.0172385
6.25 500 0.00405096 0.0124572367900513 0.0249177290108458
6.5 500 0.00552939 0.0175119037314607 0.0350624757395571
6.75 500 0.0074565 0.0241096210409712 0.0483056362020382
7 500 0.00994017 0.0326591526839049 0.0654687847730207
7.25 500 0.0131478 0.0438674735046295 0.0879539407110696
7.5 500 0.0171983 0.0583101186669088 0.116909761176139
7.75 500 0.0221026 0.0761937434301986 0.15483332223303
3 700.1 3.23065537393908e-07 6.15365000000005e-07 1.32330002436222e-06
3.25 700.1 8.87387616859445e-07 1.6983654369907e-06 3.62388654637608e-06
3.5 700.1 2.39923292496023e-06 4.6294467577162e-06 9.90354845038446e-06
3.75 700.1 6.29631320897588e-06 1.22547e-05 2.59640643392334e-05
4 700.1 1.58449e-05 3.1633366014825e-05 6.72250195671672e-05
4.25 700.1 3.91420628363975e-05 7.82794469188426e-05 0.000166616959890196
4.5 700.1 8.89371202009102e-05 0.000176788 0.000372423562428329
4.75 700.1 0.000172458721877968 0.000340218 0.000766162628208819
5 700.1 0.000310173 0.000633204089765913 0.0014239222772442
5.25 700 0.000452109 0.00108175 0.00232070252621645
5.5 700 0.000626005 0.00165597180214856 0.00351923678378336
5.75 700 0.000855184 0.00243411836562462 0.00513595871390871
6 700 0.00117487 0.00351996856428995 0.00737241574028739
6.25 700 0.0016216 0.00495697860309119 0.0104822553487395
6.5 700 0.00222815 0.00703191600911624 0.0147384795906697
6.75 700 0.0030262 0.00977956562078463 0.0203795767026601
7 700 0.00406537 0.0133272775582909 0.0276051
7.25 700 0.00542259 0.0180472500058654 0.0370829
7.5 700 0.00715811 0.0241653966067936 0.0493091
7.75 700 0.0092937 0.0318308131109549 0.0645305
3 999.9 7.64167057068994e-08 1.45063000000037e-07 4.29884512768409e-07
3.25 999.9 2.10048651927697e-07 4.00761000000099e-07 1.17966540673871e-06
3.5 999.9 5.68520944555982e-07 1.09419000000021e-06 3.23130929210224e-06
3.75 999.9 1.4931669129035e-06 2.9395600000005e-06 8.48915637706366e-06
4 999.9 3.75507e-06 7.69394000000084e-06 2.20255975861232e-05
4.25 999.9 9.29767383314587e-06 1.93635000000013e-05 5.47552501027877e-05
4.5 999.9 2.16410270580929e-05 4.54174928611555e-05 0.000122897754257267
4.75 999.9 4.53229565502519e-05 9.09636000000002e-05 0.000253720357757193
5 999.9 7.91590490386075e-05 0.000159886 0.000473287844096739
5.25 999.9 0.00012674 0.000264288 0.000774361976756135
5.5 999.9 0.00017895 0.000413250045148947 0.00117922992438279
5.75 999.9 0.000247005 0.000627342002126105 0.00172886319959239
6 999.9 0.000343261 0.000922618000000001 0.0024941570466961
6.25 999.9 0.000479677 0.0013406 0.00355899576437886
6.5 999.9 0.000667696 0.00192266000000001 0.00500519774600193
6.75 999.9 0.000919088 0.00271213 0.00691839966930206
7 999.9 0.00125173 0.00377402 0.00943343633046896
7.25 999.9 0.00169306 0.0051169 0.0127621657124376
7.5 999.9 0.00226719 0.00690762 0.0170989520532011
7.75 999.9 0.0029867 0.00928305 0.0228511192277657
