Var1 Var2 Var3 Var4 Var5 Var6 Var7
3 9.3 2.42799514767099e-06 2.6951e-06 3.1889e-06 3.37858e-06 3.97597e-06
3.25 9.3 5.00149538135911e-06 5.74054e-06 6.64225e-06 7.11483e-06 8.00022e-06
3.5 9.3 1.02439546067745e-05 1.2155e-05 1.37661e-05 1.49061e-05 1.60749e-05
3.75 9.3 2.1036590978468e-05 2.56852195881415e-05 2.8625e-05 3.13224e-05 3.2533e-05
4 9.3 4.28066544378426e-05 5.39154326871565e-05 5.90228e-05 6.49112e-05 6.58557e-05
4.25 9.3 8.56154222065377e-05 0.00011113461849686 0.000119733 0.000129334 0.000134706
4.5 9.3 0.000167276288306252 0.000223515751607217 0.000237634 0.000252956 0.000269495
4.75 9.3 0.000329415861341659 0.000453083964495476 0.000476517 0.000501342 0.000544701
5 9.1 0.000644792817448488 0.000914816979121749 0.000954041 0.000994841 0.00110004
5.25 7.2 0.00143849458151378 0.00212878752980246 0.00220698 0.0022878 0.0025777
5.5 5.6 0.00288155129252923 0.00440963300561906 0.00454995 0.00469466 0.00538868
5.75 4.2 0.00504862541711839 0.00780831350742371 0.00801951 0.00823638 0.00960192
6 2.9 0.00790246443408147 0.0119970556843546 0.0122572 0.0125215 0.0147092
6.25 1.9 0.0116295000768012 0.0171309810440158 0.0174025 0.0176704 0.0206915
6.5 1.1 0.0167941434981508 0.0246367550978702 0.0248849 0.0251217 0.0291575
6.75 0.6 0.0235870325815592 0.0362575111055387 0.0364943 0.0366839 0.0425607
7 0.2 0.0321336104191507 0.0541877469138661 0.0544285 0.0545814 0.0645662
7.25 0 0.0409747919093479 0.0772092311777789 0.0775042 0.0776608 0.095395
7.5 0 0.0478312681453893 0.100008002201831 0.100414 0.100634 0.129349
7.75 0 0.0525510891338168 0.119593204640683 0.120143 0.120466 0.161597
3 9.5 2.37562097696836e-06 2.63588e-06 3.11812e-06 3.30305e-06 3.88798e-06
3.25 9.5 4.89594315503952e-06 5.61680999999999e-06 6.49763999999999e-06 6.95892000000001e-06 7.82681000000001e-06
3.5 9.5 1.00317507797562e-05 1.18971e-05 1.34715e-05 1.45845e-05 1.5732e-05
3.75 9.5 2.05766455581529e-05 2.51064555327927e-05 2.79781e-05 3.06084e-05 3.17993e-05
4 9.5 4.18235221579892e-05 5.26426125169811e-05 5.76189e-05 6.33584999999999e-05 6.42890999999999e-05
4.25 9.5 8.36572103990341e-05 0.000108496608700157 0.000116884 0.000126241 0.00013149
4.5 9.5 0.000163518753289438 0.000218272736728275 0.000232046 0.000246977 0.000263117
4.75 9.5 0.000322491463688592 0.000443035889048526 0.000465916 0.000490141 0.000532465
5 9.3 0.000631787212488129 0.000895090686159911 0.000933406 0.000973224 0.00107588
5.25 7.5 0.00141653727887012 0.00209214147460531 0.00216874 0.00224792 0.00253169
5.5 5.9 0.00284357734205723 0.00434097882012135 0.00447873 0.00462044 0.00530016
5.75 4.6 0.00507793193514395 0.00783421054064123 0.00804546 0.00826202 0.00962432000000001
6 3.6 0.00819387958354539 0.0124142018424495 0.0126831 0.0129555 0.0152075
6.25 2.8 0.0122871362687407 0.0180771004373345 0.0183635 0.0186455 0.0218202
6.5 2.3 0.0177724943812479 0.026047939149039 0.0263203 0.0265709 0.0308283
6.75 2.1 0.0247382781491518 0.0380255504777244 0.0382742 0.0384736 0.0446295
7 2 0.0331272897957711 0.0558649862604829 0.0561134 0.0562712 0.066564
7.25 2 0.041219371268426 0.0776738644823208 0.077971 0.0781289 0.095972
7.5 2 0.0475587474826167 0.099437708700332 0.0998416 0.100061 0.128615
7.75 2 0.0521366598270113 0.118649737918748 0.119196 0.119517 0.160326
3 10.5 2.1305840174675e-06 2.35924e-06 2.78768e-06 2.95136e-06 3.47744e-06
3.25 10.5 4.39310018538463e-06 5.02847e-06 5.81148e-06 6.21956e-06 7.00292e-06
3.5 10.5 9.00435339487703e-06 1.06514e-05 1.20506e-05 1.3036e-05 1.40781e-05
3.75 10.5 1.84218934682812e-05 2.24036423168617e-05 2.49569e-05 2.72784e-05 2.83747e-05
4 10.5 3.73760318051947e-05 4.68788260308409e-05 5.12867e-05 5.63517e-05 5.72206e-05
4.25 10.5 7.52667344705654e-05 9.72075089741638e-05 0.000104666 0.000112996 0.000117727
4.5 10.5 0.000148527193979254 0.000197295946272574 0.000209687 0.000222984 0.000237589
4.75 10.5 0.00029408372880448 0.000401685460663889 0.000422311 0.000444018 0.000482073
5 10.3 0.00057696463244989 0.000811761944013605 0.000846254 0.000881866 0.000973808
5.25 8.8 0.00126018046427293 0.00184369187750421 0.00191044 0.0019789 0.00222424
5.5 7.5 0.00252481788596287 0.00381084832721058 0.00392998 0.00405167 0.00463397
5.75 6.5 0.00469993280694086 0.0071674802812506 0.00735837 0.00755215 0.00876576
6 5.8 0.0079898724721563 0.011990473866643 0.0122478 0.0125065 0.0146277
6.25 5.4 0.0122015952789106 0.0178446125309916 0.0181264 0.0184014 0.0214727
6.5 5.1 0.0177383582206672 0.0259306311679122 0.0262023 0.02645 0.0306345
6.75 5 0.024655664316072 0.0378723959607122 0.0381222 0.0383204 0.0444199
7 5 0.0324637323390427 0.0547539320039413 0.0550004 0.0551559 0.0652302
7.25 5 0.0397645486197722 0.0749522837440252 0.0752422 0.0753967 0.0926234
7.5 5 0.0458321041597356 0.095849075268732 0.096242 0.0964539 0.123994
7.75 5 0.0504633837356323 0.114854404846013 0.115386 0.115698 0.155217
3 13.6 1.54585757983045e-06 1.70198e-06 2.00478e-06 2.11894e-06 2.50431e-06
3.25 13.6 3.18476866483274e-06 3.62204e-06 4.17467e-06 4.45928e-06 5.03761e-06
3.5 13.6 6.52228986872208e-06 7.65968e-06 8.64561e-06 9.33162000000001e-06 1.01129e-05
3.75 13.6 1.33177996224552e-05 1.60452346748412e-05 1.78581e-05 1.9469e-05 2.03259e-05
4 13.6 2.70099322104906e-05 3.35246149769724e-05 3.6648e-05 4.0185e-05 4.08857e-05
4.25 13.6 5.54436638249904e-05 7.07410798379522e-05 7.61521000000001e-05 8.20446e-05 8.55498e-05
4.5 13.6 0.000111816450487657 0.000146485017858261 0.000155579 0.000165222 0.000175922
4.75 13.6 0.000222956912168838 0.000299572200799194 0.000314745 0.000330444 0.000358139
5 13.5 0.000439481147434185 0.000606268584496288 0.000631574 0.000657242 0.000723412
5.25 12.3 0.000938895529566469 0.0013388166498034 0.00138598 0.00143338 0.00160228
5.5 11.4 0.0018710352545727 0.00274089658969911 0.00282383 0.0029065 0.00329811
5.75 10.8 0.00343187437450822 0.00507913335556625 0.00521023 0.00534014 0.00613926
6 10.4 0.00594865244303435 0.00870827444858908 0.00889135 0.00907055 0.0105072
6.25 10.2 0.00972960417491 0.013995922502163 0.0142234 0.014432 0.0167088
6.5 10.1 0.0149411237141604 0.021695931752093 0.0219133 0.0221169 0.0254898
6.75 10 0.0212579475844529 0.0325991073748954 0.0328188 0.0329902 0.0381604
7 10 0.0281004298813784 0.0474208237596231 0.0476422 0.0477803 0.0564914
7.25 10 0.0350203456554538 0.0660674820241798 0.0663324 0.0664732 0.0816863
7.5 10 0.0410968804625882 0.0859985602991045 0.0863606 0.086555 0.111314
7.75 10 0.0460259 0.104791736964043 0.105285 0.105572 0.141678
3 22.1 7.60268324577021e-07 8.26825e-07 9.65275000000001e-07 1.01618e-06 1.21145e-06
3.25 22.1 1.56504028227746e-06 1.75199e-06 2.00657e-06 2.13335e-06 2.43222e-06
3.5 22.1 3.20302182627284e-06 3.69559e-06 4.14895e-06 4.45412e-06 4.87314e-06
3.75 22.1 6.57786277240327e-06 7.74549344359097e-06 8.60651e-06 9.32511e-06 9.83219e-06
4 22.1 1.34678208744465e-05 1.62970268119302e-05 1.77918e-05 1.9419e-05 1.98586e-05
4.25 22.1 2.77895077303642e-05 3.44643079704704e-05 3.70494e-05 3.97589e-05 4.15462e-05
4.5 22.1 5.66551834819515e-05 7.18216536660561e-05 7.62006e-05 8.06473e-05 8.57951e-05
4.75 22.1 0.000115115228193239 0.000148863236206231 0.000156238 0.000163533 0.000176529
5 22 0.000230814188173638 0.000304351845788895 0.000316689 0.000328638 0.000359048
5.25 21.3 0.000478311204241502 0.00064586519206092 0.000667668 0.000688471 0.000760459
5.5 20.8 0.000951206428360734 0.00130913283953391 0.00134665 0.00138202 0.00154249
5.75 20.4 0.00182167090801643 0.00253640538525416 0.00259833 0.00265617 0.00299363
6 20.2 0.00334915881409611 0.00466359072580412 0.00475764 0.00484412 0.00549985
6.25 20.1 0.00578473209237144 0.00806040869415957 0.00818449 0.00829536 0.00944562
6.5 20 0.00943097151262231 0.0134843375091131 0.013629 0.0137499 0.0156797
6.75 20 0.0138917 0.0212423228225254 0.021395 0.0215069 0.0247636
7 20 0.0191224 0.0323455921004629 0.0325133 0.0326147 0.0385374
7.25 20 0.0250466 0.0474018631939844 0.0476142 0.0477258 0.0587125
7.5 20 0.0308763 0.0647676070059405 0.065065 0.0652217 0.0839928
7.75 20 0.0361908 0.0824731340479309 0.082939 0.0831719 0.111739
3 31.4 4.33463041059384e-07 4.67159e-07 5.39456e-07 5.65757e-07 6.80808e-07
3.25 31.4 8.97326137749142e-07 9.89494e-07 1.12652e-06 1.19316e-06 1.37291e-06
3.5 31.4 1.8464574745386e-06 2.09549e-06 2.34067e-06 2.50037e-06 2.76336e-06
3.75 31.4 3.7969722591795e-06 4.39614961955107e-06 4.85759e-06 5.23352e-06 5.57471e-06
4 31.4 7.80973575768828e-06 9.23442852004939e-06 1.00735e-05 1.09372e-05 1.12799e-05
4.25 31.4 1.61749322618405e-05 1.95578876664271e-05 2.10121e-05 2.24704e-05 2.35526e-05
4.5 31.4 3.32465139532413e-05 4.09722243061084e-05 4.3449e-05 4.58492e-05 4.879e-05
4.75 31.4 6.9071361329357e-05 8.65245331461385e-05 9.07671e-05 9.47644000000001e-05 0.000102047
5 31.3 0.000141757212178617 0.000180263923395281 0.000187431 0.000194108 0.000210963
5.25 30.9 0.000296230923881018 0.000382994006584953 0.000395661 0.000407102 0.000445919
5.5 30.5 0.000598909519451721 0.00078714026898466 0.000809066 0.000828557 0.000914156
5.75 30.3 0.00116072889359033 0.00154601495025927 0.00158255 0.00161461 0.00179474
6 30.1 0.00216658339079543 0.00291068353852252 0.00296779 0.00301701 0.0033774
6.25 30.1 0.00383093 0.00521867836656886 0.00529836 0.00536482 0.00603748
6.5 30 0.00637882 0.00903613151800882 0.00913544 0.00921294 0.0104278
6.75 30 0.00965542 0.0147685422976754 0.0148697 0.014948 0.0171595
7 30 0.0137521 0.023339205651438 0.0234744 0.023553 0.0278323
7.25 30 0.0184885 0.0351284148636746 0.0353062 0.0353981 0.0436116
7.5 30 0.0234652 0.0493736431335612 0.0496246 0.0497536 0.0641827
7.75 30 0.0285317 0.0651376010689277 0.065541 0.0657337 0.0884336
3 41.1 2.95582985143049e-07 3.15784e-07 3.61245e-07 3.82184e-07 4.55973e-07
3.25 41.1 6.09593210442104e-07 6.63466e-07 7.51167e-07 7.92221e-07 9.20672999999999e-07
3.5 41.1 1.24929399516227e-06 1.39798e-06 1.55445e-06 1.65363e-06 1.84497e-06
3.75 41.1 2.59319003562328e-06 2.97794e-06 3.25546e-06 3.4912e-06 3.75438e-06
4 41.1 5.39956361985626e-06 6.29982625247004e-06 6.83108e-06 7.37867e-06 7.68166e-06
4.25 41.1 1.12308717629354e-05 1.3309867569113e-05 1.42959e-05 1.52417e-05 1.60413e-05
4.5 41.1 2.32523434760598e-05 2.80464381181824e-05 2.97367e-05 3.13013e-05 3.33689e-05
4.75 41.1 4.86767256746714e-05 5.95696919435856e-05 6.24847e-05 6.50984e-05 7.00759000000001e-05
5 41 0.000100731640814188 0.000124863664467439 0.00012984 0.00013419 0.000145492
5.25 40.6 0.000211494 0.000265786203819261 0.000274522 0.000281991 0.000307486
5.5 40.4 0.000431419 0.000550334921847954 0.000565475 0.000578187 0.000633798
5.75 40.2 0.000847037 0.0010968584730938 0.00112236 0.00114344 0.0012608
6 40.1 0.00159979 0.00210227040314427 0.00214294 0.00217583 0.00241511
6.25 40 0.00283625 0.00381253902467422 0.00387071 0.00391612 0.00437544
6.5 40 0.00474162 0.00668291241392656 0.0067585 0.00681349 0.00767728
6.75 40 0.00733183 0.0112124057492239 0.0113048 0.0113646 0.0130258
7 40 0.0106436 0.0181220380952388 0.0182385 0.0183034 0.0216421
7.25 40 0.0144301 0.0275134331595965 0.0276739 0.0277527 0.0342479
7.5 40 0.0185966 0.0392611564499502 0.0394563 0.039566 0.0511244
7.75 40 0.0231519 0.052967471090685 0.053286 0.0534458 0.07199
3 50.9 2.24361e-07 2.40124968054156e-07 2.68657e-07 2.88409769833187e-07 3.38665029577142e-07
3.25 50.9 4.61332e-07 5.0125685518567e-07 5.55619e-07 5.94363e-07 6.85195e-07
3.5 50.9 9.35933999999999e-07 1.03257e-06 1.1437e-06 1.22815e-06 1.38035e-06
3.75 50.9 1.94682e-06 2.21071e-06 2.40923e-06 2.57546e-06 2.82144505600961e-06
4 50.9 4.07452e-06 4.71519940442327e-06 5.09503e-06 5.48483e-06 5.8567e-06
4.25 50.9 8.46624e-06 1.00241326456001e-05 1.06711e-05 1.13503e-05 1.22196120448296e-05
4.5 50.9 1.75855e-05 2.11763296815732e-05 2.22534e-05 2.36034e-05 2.542632881516e-05
4.75 50.9 3.70512043840763e-05 4.51309307145593e-05 4.70224e-05 4.94562586260527e-05 5.34898657979681e-05
5 50.8 7.70825783304452e-05 9.48509999999999e-05 9.83893e-05 0.000102776 0.000111138
5.25 50.5 0.000162190262040151 0.000202115973143991 0.000208107 0.00021556 0.000234555
5.5 50.3 0.000332798 0.000420273550833518 0.000430743 0.000443333 0.000484612
5.75 50.2 0.0006602104173227 0.00084542028196548 0.000864025 0.000884786 0.000970689
6 50.1 0.00125804295272546 0.00163726 0.00166841 0.00170547131913318 0.00187603
6.25 50 0.00224252828886776 0.00299221 0.00305131 0.00311089294972589 0.00343614
6.5 50 0.00376593659208565 0.00529066 0.00538595 0.00550837536573546 0.00615292
6.75 50 0.00588431580803553 0.00898905 0.00913331000000002 0.00941713518808775 0.0107304
7 50 0.00860379561355391 0.0146349 0.0148177 0.015530631676891 0.0182894
7.25 50 0.011788466541037 0.022446 0.0226902000000001 0.024260183763795 0.0298414
7.5 50 0.0154298584731866 0.0324936 0.0328371000000002 0.0359406940061072 0.0463097
7.75 50 0.0194909591468551 0.0445077 0.0449946000000004 0.0505913801982441 0.0679674
3 70.6 1.45098e-07 1.71937e-07 2.02695e-07 2.43262e-07 2.8239e-07
3.25 70.6 3.04585e-07 3.58226e-07 4.20689000000001e-07 5.06387e-07 5.75150582598037e-07
3.5 70.6 6.31768846723002e-07 7.40397e-07 8.60484000000005e-07 1.04913e-06 1.1709534956783e-06
3.75 70.6 1.29979244968694e-06 1.52434736622806e-06 1.77685000000001e-06 2.19086e-06 2.43601150699249e-06
4 70.6 2.7009261215161e-06 3.2486770293834e-06 3.7125e-06 4.61221e-06 5.11248453697772e-06
4.25 70.6 5.69102079571439e-06 6.91634929263655e-06 7.83657e-06 9.82298e-06 1.0846295062096e-05
4.5 70.6 1.19999072659939e-05 1.47655101827998e-05 1.6579e-05 2.08904e-05 2.27407057122353e-05
4.75 70.6 2.54751447533078e-05 3.15427106120632e-05 3.5302e-05 4.46583e-05 4.85383e-05
5 70.6 5.3519403096248e-05 6.67372135814116e-05 7.43287000000001e-05 9.44068000000001e-05 0.000102917
5.25 70.4 0.000113055210901261 0.000142129043805288 0.000156921 0.00020046 0.00021912
5.5 70.2 0.000232962013218575 0.000295951177025681 0.00032585 0.000416727 0.00045691
5.75 70.1 0.000460453114820428 0.000592390032247467 0.000647974000000002 0.000833834 0.000917908
6 70.1 0.000875351025533036 0.00114403958385583 0.00124543 0.0016118 0.00178322
6.25 70 0.00157719741895877 0.00211577790699765 0.00225879000000002 0.0029877 0.00332418
6.5 70 0.00267998949952183 0.00377918537114823 0.00384609000000011 0.0053647 0.00602195
6.75 70 0.00421463340646035 0.00642408 0.00654901000000037 0.00923222 0.010557
7 70 0.00620760236765761 0.0105544 0.0107179000000008 0.0152753 0.0180471
7.25 70 0.00865898210921815 0.0164898 0.0167149000000017 0.0241035 0.029749
7.5 70 0.011551315248818 0.0243269 0.0246489000000031 0.0360148 0.0465681
7.75 70 0.0148415607224997 0.0338804 0.0343388000000051 0.0509341 0.0686709
3 100.4 9.76581999999999e-08 1.12799753017146e-07 1.68580091888194e-07 2.18574e-07 2.49732278368366e-07
3.25 100.4 2.01168e-07 2.32499e-07 3.47619961086054e-07 4.53277e-07 5.09090114697956e-07
3.5 100.4 4.07816e-07 4.75836e-07 7.08864000000005e-07 9.35705e-07 1.0343843256538e-06
3.75 100.4 8.47348020375046e-07 9.91081e-07 1.44357000000003e-06 1.95361e-06 2.13599433289506e-06
4 100.4 1.78151931685911e-06 2.11318e-06 2.98928000000008e-06 4.1372e-06 4.47414600999055e-06
4.25 100.4 3.7895359993818e-06 4.5118e-06 6.31796000000023e-06 8.93183e-06 9.65234644060939e-06
4.5 100.4 8.09613208824419e-06 9.90598690872724e-06 1.34176000000006e-05 1.93187e-05 2.09569960017372e-05
4.75 100.4 1.73614783795432e-05 2.12006352906436e-05 2.86117000000014e-05 4.18566e-05 4.53075124603996e-05
5 100.4 3.68542827910316e-05 4.57080480150361e-05 6.04992000000033e-05 8.96894e-05 9.7166e-05
5.25 100.3 7.84083155178817e-05 9.75432530808499e-05 0.000128676000000007 0.000192716 0.000209469
5.5 100.2 0.000162856848278369 0.000204727352263987 0.000268545000000016 0.000405216 0.00044181
5.75 100.1 0.000324568293791339 0.000413252197760087 0.000540630000000031 0.000819144 0.000896862
6 100 0.000622013101292268 0.000805103087548504 0.00105274000000006 0.00159805 0.00175861
6.25 100 0.00112937005491809 0.00150386091566389 0.00196814000000009 0.00298924 0.00330964
6.5 100 0.00193160432642007 0.00271569884753713 0.00357063000000008 0.00540552 0.00604504
6.75 100 0.00307211621944568 0.00471150069156076 0.00612099074907796 0.00938841 0.0107133
7 100 0.00458049743818546 0.00784107161972856 0.00918609 0.0156359 0.018461
7.25 100 0.00644391083425336 0.0123567745155074 0.0143599000000003 0.0246497 0.0304307
7.5 100 0.00870997177672384 0.0183152269151559 0.0214549000000013 0.0368429 0.0476673
7.75 100 0.011382521958506 0.0259468 0.0303879000000026 0.052174 0.0703838
3 130.3 8.03979999999999e-08 9.18654e-08 1.38542500186006e-07 1.77672e-07 2.04778623093773e-07
3.25 130.3 1.65089e-07 1.89508e-07 2.86442e-07 3.66367e-07 4.16969594975447e-07
3.5 130.3 3.33132e-07 3.85579e-07 5.72796000000006e-07 7.52651e-07 8.45203443253196e-07
3.75 130.3 6.88835859182437e-07 8.08025e-07 1.17004000000002e-06 1.57583e-06 1.74783418257762e-06
4 130.3 1.48556172261519e-06 1.73148e-06 2.44296000000007e-06 3.36862e-06 3.68935004139178e-06
4.25 130.3 3.19314349425694e-06 3.76038e-06 5.2144000000002e-06 7.34642000000001e-06 8.02250458356194e-06
4.5 130.3 6.90230647751488e-06 8.22791e-06 1.12131000000008e-05 1.61035e-05 1.76305592530032e-05
4.75 130.3 1.49585852410443e-05 1.8072e-05 2.41826000000012e-05 3.53169e-05 3.8292811703186e-05
5 130.3 3.20978042003859e-05 3.90328916008415e-05 5.1720900000003e-05 7.66055999999999e-05 8.24761e-05
5.25 130.2 6.89393835237992e-05 8.4845120651959e-05 0.000111096000000007 0.000166398 0.000179738
5.5 130.1 0.000144483832341597 0.000179212145922983 0.000233972000000015 0.000353249 0.000382916
5.75 130.1 0.000290573175191584 0.000365187118910198 0.000475441000000029 0.000721367 0.000785281
6 130 0.000560594636711081 0.000717506463816836 0.000933567000000053 0.00142013 0.00155398
6.25 130 0.00102034551311734 0.0013500905499866 0.00175901000000008 0.00267753 0.00294957
6.5 130 0.00174847869089475 0.00245012688145115 0.00321539000000008 0.0048738 0.00543075
6.75 130 0.00279188409887275 0.00428161947945479 0.00556332461092427 0.0085294 0.00971618
7 130 0.00417540799842812 0.00716044935557794 0.00838638 0.0142768 0.0168536
7.25 130 0.00588836055279912 0.0113177682750949 0.0131757000000002 0.0225736 0.0278888
7.5 130 0.00799755046697814 0.0167973215651305 0.0197591000000011 0.0338682 0.0438658
7.75 130 0.0105327781518708 0.0239590944010604 0.0281837000000024 0.0483034 0.0652274
3 200.2 5.66579e-08 6.54156601979334e-08 1.0179e-07 1.27342e-07 1.51843e-07
3.25 200.2 1.18226e-07 1.36275109789154e-07 2.05839000000002e-07 2.63745e-07 3.10015e-07
3.5 200.2 2.4603e-07 2.8194067107889e-07 4.14459000000009e-07 5.44273e-07 6.29893e-07
3.75 200.2 5.10698e-07 5.87582376383098e-07 8.41564000000027e-07 1.13255e-06 1.28969e-06
4 200.2 1.08493e-06 1.25884813986014e-06 1.77020000000007e-06 2.43884e-06 2.73284e-06
4.25 200.2 2.43232325274832e-06 2.82170402969497e-06 3.85941000000019e-06 5.43566999999999e-06 5.99691e-06
4.5 200.2 5.4314528289902e-06 6.30887268867515e-06 8.53429000000049e-06 1.22659e-05 1.33608523006869e-05
4.75 200.2 1.21070122725423e-05 1.4183722685168e-05 1.89149000000012e-05 2.76796e-05 2.99514429346017e-05
5 200.2 2.67217808749752e-05 3.14974927112478e-05 4.1558500000003e-05 6.17657e-05 6.64513848439388e-05
5.25 200.1 5.82936348243783e-05 6.92314361657707e-05 9.05008000000068e-05 0.000136224 0.000145557690935723
5.5 200.1 0.000123898468082052 0.000148475530480988 0.000192909000000015 0.000293195 0.00031329
5.75 200 0.000254086709499448 0.000308641079345969 0.00039962200000003 0.000611399 0.000656012
6 200 0.000497462398130327 0.000619097106462886 0.000800239000000056 0.00122859 0.00132569
6.25 200 0.00090885655738251 0.00118071635254076 0.00152985000000008 0.00234679 0.00255507
6.5 200 0.00155119440516979 0.0021631838415219 0.00283104000000007 0.00430492 0.00476239
6.75 200 0.00246346979305139 0.00379475207178565 0.00489892029782454 0.00755854 0.00859248
7 200 0.00366559759388387 0.00634303235743197 0.00739765000000001 0.0126411 0.0149491
7.25 200 0.00517470587540821 0.0100502 0.0117481000000002 0.0200213 0.0248258
7.5 200 0.00703909072767213 0.0148227078961685 0.0176256000000009 0.03006 0.0390876
7.75 200 0.00939244834454202 0.0213627190084354 0.025392700000002 0.0433176 0.0586915
3 300.1 3.47293730173173e-08 3.98735e-08 6.14058000000013e-08 7.83741e-08 9.55388999999999e-08
3.25 300.1 7.22990271724488e-08 8.32221999999999e-08 1.25074000000003e-07 1.62624e-07 1.95618e-07
3.5 300.1 1.50866478224448e-07 1.73467e-07 2.53745000000009e-07 3.36613e-07 3.98819e-07
3.75 300.1 3.15836721306117e-07 3.64175e-07 5.17598000000023e-07 7.01102e-07 8.17140000000001e-07
4 300.1 6.99771e-07 7.97137141120634e-07 1.11489000000006e-06 1.54227e-06 1.76716e-06
4.25 300.1 1.62083e-06 1.84070790554204e-06 2.52544000000015e-06 3.56596e-06 4.01746e-06
4.5 300.1 3.80780721334125e-06 4.36619662033104e-06 5.85626000000039e-06 8.43005e-06 9.34485000000001e-06
4.75 300.1 8.95158443308065e-06 1.02027510191968e-05 1.3568800000001e-05 1.98788e-05 2.17089e-05
5 300.1 2.060823225882e-05 2.35649e-05 3.11184000000025e-05 4.63025e-05 4.98927e-05
5.25 300.1 4.68210708169947e-05 5.39513e-05 7.06056000000057e-05 0.000106439 0.000113552695135919
5.5 300.1 0.000103123830801013 0.000120150881430706 0.000156007000000013 0.000237631 0.000252625032244209
5.75 300 0.000217656627976052 0.000257939 0.000333009000000028 0.000511054 0.000542121
6 300 0.000435522 0.000529909937948143 0.000683449000000051 0.00105298 0.00112427
6.25 300 0.00081335403717342 0.00104166285044585 0.00134733000000008 0.00207216 0.00223642
6.5 300 0.00141093418644464 0.00195411987274724 0.00255857000000006 0.00389049 0.00427861
6.75 300 0.00224160147327917 0.0034483562618337 0.00445644219179325 0.00686911 0.00778645
7 300 0.00332899314397515 0.00577019836931535 0.00677207 0.011498 0.0135897
7.25 300 0.00473377529718861 0.00919240667051867 0.0108447000000001 0.0183593 0.0227806
7.5 300 0.00649221 0.0135726 0.0163805000000007 0.0277547 0.036129
7.75 300 0.00869485338074364 0.0196167779509287 0.0236675000000017 0.0401201 0.0543948
3 500.1 7.96876388272288e-09 9.18359999999999e-09 1.35124000000007e-08 1.81045e-08 2.20847e-08
3.25 500.1 2.10657918702885e-08 2.42524e-08 3.52280000000018e-08 4.7664e-08 5.76371e-08
3.5 500.1 5.5196521434156e-08 6.36268e-08 9.09994000000056e-08 1.24556e-07 1.4902e-07
3.75 500.1 1.42501196741464e-07 1.63464e-07 2.30595000000015e-07 3.19771e-07 3.77901e-07
4 500.1 3.4430431460163e-07 3.91489e-07 5.45669000000036e-07 7.67473e-07 8.94591e-07
4.25 500.1 7.83240726612274e-07 8.84968e-07 1.21133000000009e-06 1.72897e-06 1.98604e-06
4.5 500.1 1.71371873611085e-06 1.93983604500343e-06 2.59381000000022e-06 3.75768e-06 4.25245000000001e-06
4.75 500.1 3.69575214479327e-06 4.14666e-06 5.49634000000046e-06 8.07774e-06 9.0083e-06
5 500.1 7.94732000000001e-06 8.94627e-06 1.16508000000015e-05 1.73537e-05 1.90847e-05
5.25 500.1 1.69944306736661e-05 1.9316e-05 2.47486000000034e-05 3.73084e-05 4.05026e-05
5.5 500 3.65635018430268e-05 4.19913360203902e-05 5.3519200000005e-05 8.15132999999999e-05 8.74538999999999e-05
5.75 500 7.98888720557481e-05 9.1824e-05 0.000118635000000011 0.000182096 0.000193313
6 500 0.000175993065669146 0.000209000052005421 0.000269890000000022 0.000415813 0.000439608610766459
6.25 500 0.000383888992703772 0.000483116826912081 0.000625812000000035 0.000961043 0.00102652
6.5 500 0.000806296850417924 0.00110358027944019 0.00145163000000003 0.00219808 0.00239928
6.75 500 0.00160379648582041 0.00244937791068123 0.00317833 0.00488005 0.00550502
7 500 0.00292972253452511 0.005054180767006 0.00599129 0.0100714 0.0118687
7.25 500 0.00486119999999999 0.00938267 0.0111725 0.0187654 0.0232402
7.5 500 0.00745647951227056 0.0153250531819333 0.0189797000000004 0.0317736 0.0412981
7.75 500 0.010749136584744 0.0237204462901049 0.0294616000000015 0.0493534 0.0668246
3 700.1 4.22462262426077e-09 4.87427000000001e-09 6.94114000000048e-09 9.63050999999999e-09 1.16129e-08
3.25 700.1 1.11962502750321e-08 1.29122e-08 1.82588000000012e-08 2.54693e-08 3.05454e-08
3.5 700.1 2.95165731042302e-08 3.4001e-08 4.76810000000036e-08 6.69568e-08 7.97449000000001e-08
3.75 700.1 7.65491960760098e-08 8.78885000000001e-08 1.22374000000009e-07 1.73224e-07 2.0456e-07
4 700.1 1.86291502751868e-07 2.12736e-07 2.93782000000023e-07 4.19703e-07 4.90717e-07
4.25 700.1 4.26685715896639e-07 4.86242000000001e-07 6.62507000000054e-07 9.56146e-07 1.10534e-06
4.5 700.1 9.4500469532208e-07 1.07701e-06 1.44241000000013e-06 2.10468e-06 2.40349e-06
4.75 700.1 2.07747074153883e-06 2.35954e-06 3.1090600000003e-06 4.58789e-06 5.17268e-06
5 700.1 4.57052401511567e-06 5.12104715178024e-06 6.70349000000067e-06 1.00077e-05 1.11335e-05
5.25 700 1.00250093226141e-05 1.11939e-05 1.44778000000014e-05 2.18351e-05 2.39966e-05
5.5 700 2.2103583162835e-05 2.49459e-05 3.1813000000003e-05 4.8434e-05 5.2591e-05
5.75 700 4.90841935928803e-05 5.64417e-05 7.15953000000064e-05 0.000109769 0.000117899
6 700 0.000109118567893747 0.000127537868418987 0.000165189000000013 0.000253905 0.000270176
6.25 700 0.000239584371271474 0.000296597706739334 0.000387809000000021 0.000593021 0.000629627347719125
6.5 700 0.00050556518406195 0.000686234320322574 0.000908612000000013 0.00136711 0.0014851
6.75 700 0.00100918156360182 0.00153187226676193 0.00198124 0.00305236 0.0034316
7 700 0.00184915486107081 0.00317412805383946 0.0038057430356618 0.00632541 0.00743575
7.25 700 0.00307496875014284 0.00591235 0.00712289 0.0118247 0.014615
7.5 700 0.00473594130895746 0.00985147372214576 0.0121352 0.0200824 0.0260537
7.75 700 0.0068525665639857 0.0147868478306577 0.0188926000000006 0.0312914 0.0422863
3 999.9 1.99260841464769e-09 2.30074e-09 3.19633000000027e-09 4.56927e-09 5.43128999999999e-09
3.25 999.9 5.28743179125333e-09 6.10293000000001e-09 8.4536400000007e-09 1.21145e-08 1.43599e-08
3.5 999.9 1.39688475137204e-08 1.6119e-08 2.22313000000018e-08 3.19636e-08 3.7742e-08
3.75 999.9 3.63900491885853e-08 4.19406e-08 5.75538000000049e-08 8.31075000000001e-08 9.76350999999999e-08
4 999.9 8.89023683760974e-08 1.02251e-07 1.39612000000012e-07 2.02689e-07 2.3659e-07
4.25 999.9 2.04865425737589e-07 2.34996e-07 3.18643000000028e-07 4.65606e-07 5.39298e-07
4.5 999.9 4.57333046562705e-07 5.23556e-07 7.03283000000069e-07 1.03527e-06 1.18843e-06
4.75 999.9 1.01346579953337e-06 1.16e-06 1.53857000000015e-06 2.28334e-06 2.59508e-06
5 999.9 2.25313829954894e-06 2.57179e-06 3.36998000000034e-06 5.04418e-06 5.67175e-06
5.25 999.9 5.01782112812502e-06 5.70981e-06 7.39730000000075e-06 1.11652e-05 1.24177e-05
5.5 999.9 1.13441168034266e-05 1.28198e-05 1.65219000000015e-05 2.51202e-05 2.76413e-05
5.75 999.9 2.60721e-05 2.96447e-05 3.77766000000032e-05 5.77066e-05 6.28817e-05
6 999.9 5.88912912435256e-05 6.78743e-05 8.84432000000062e-05 0.000135078 0.000145993
6.25 999.9 0.000130140001839174 0.000159824687306317 0.000210275000000009 0.000318593 0.000342145
6.5 999.9 0.000276217 0.000370103237254264 0.000497616000000001 0.000740015 0.000800175
6.75 999.9 0.00055318265608884 0.000833882595777317 0.00107482 0.00166174 0.00186165
7 999.9 0.00101749157198603 0.00173701 0.00211615223080116 0.0034593 0.00405511
7.25 999.9 0.00169854262132235 0.00324622 0.00397808 0.00649246 0.00800462
7.5 999.9 0.00262692804775762 0.00550982 0.00677321 0.0110686 0.014325
7.75 999.9 0.00381868987682603 0.00806106759157654 0.0106279 0.0173154 0.0233401
